time,ax,ay,az,wx,wy,wz
2024-03-25 16:38:14.9030,0.1,-0.06,-1.34,-0.67,-0.07,-0.26
2024-03-25 16:57:50.7100,-0.48,-0.02,-1.67,-0.79,-0.14,-0.17
2024-03-25 16:57:50.7150,-0.75,0.0,-1.75,-0.9,-0.22,-0.05
2024-03-25 16:57:50.7240,-0.74,-0.13,-1.88,-0.95,-0.3,0.02
2024-03-25 16:57:50.7350,-0.13,-0.36,-1.81,-0.91,-0.34,0.01
2024-03-25 16:57:50.7440,0.51,-0.58,-1.6,-0.77,-0.31,-0.04
2024-03-25 16:57:50.7540,0.82,-0.67,-1.57,-0.58,-0.19,-0.07
2024-03-25 16:57:50.7640,0.66,-0.75,-1.97,-0.39,-0.04,-0.07
2024-03-25 16:57:50.7750,0.31,-0.87,-2.4,-0.2,0.14,-0.07
2024-03-25 16:57:50.7850,0.16,-1.18,-2.72,-0.03,0.31,-0.05
2024-03-25 16:57:50.7950,0.12,-1.36,-2.94,0.08,0.41,-0.02
2024-03-25 16:57:50.8050,0.09,-1.57,-3.36,0.14,0.46,-0.02
2024-03-25 16:57:50.8140,0.2,-1.74,-3.92,0.12,0.44,-0.04
2024-03-25 16:57:50.8240,0.46,-1.78,-4.48,0.0,0.34,-0.06
2024-03-25 16:57:50.8340,0.64,-1.52,-5.0,-0.18,0.16,-0.05
2024-03-25 16:57:50.8440,0.77,-1.18,-5.09,-0.4,-0.05,-0.03
2024-03-25 16:57:50.8550,1.05,-0.84,-4.86,-0.62,-0.22,-0.02
2024-03-25 16:57:50.8650,1.16,-0.76,-4.45,-0.79,-0.32,-0.01
2024-03-25 16:57:50.8750,0.9,-0.83,-3.66,-0.86,-0.39,0.02
2024-03-25 16:57:50.8850,0.51,-0.73,-2.5,-0.8,-0.47,0.02
2024-03-25 16:57:50.8950,0.26,-0.56,-1.33,-0.67,-0.45,0.01
2024-03-25 16:57:50.9050,0.17,-0.29,-0.57,-0.53,-0.36,0.01
2024-03-25 16:57:50.9150,-0.08,0.08,-0.36,-0.45,-0.26,0.04
2024-03-25 16:57:50.9240,-0.28,0.43,-0.34,-0.41,-0.15,0.09
2024-03-25 16:57:50.9350,-0.38,0.74,-0.23,-0.43,-0.01,0.18
2024-03-25 16:57:50.9440,-0.31,0.9,-0.01,-0.48,0.07,0.24
2024-03-25 16:57:50.9540,0.24,0.94,0.44,-0.52,0.08,0.23
2024-03-25 16:57:50.9640,0.9,0.95,1.31,-0.51,0.08,0.17
2024-03-25 16:57:50.9750,1.45,0.92,2.62,-0.38,0.09,0.08
2024-03-25 16:57:50.9850,1.8,0.87,4.24,-0.11,0.11,-0.03
2024-03-25 16:57:50.9950,2.0,0.97,5.83,0.23,0.15,-0.15
2024-03-25 16:57:51.0050,2.02,1.08,6.76,0.56,0.17,-0.27
2024-03-25 16:57:51.0150,1.89,1.39,6.78,0.8,0.21,-0.35
2024-03-25 16:57:51.0240,1.37,2.25,5.97,0.83,0.3,-0.27
2024-03-25 16:57:51.0350,-0.4,3.08,4.08,0.61,0.49,-0.07
2024-03-25 16:57:51.0440,-2.21,2.87,2.19,0.2,0.64,0.18
2024-03-25 16:57:51.0550,-2.84,2.24,1.6,-0.17,0.58,0.37
2024-03-25 16:57:51.0650,-2.7,1.04,2.78,-0.24,0.4,0.43
2024-03-25 16:57:51.0740,-1.94,-0.7,5.02,-0.03,0.14,0.35
2024-03-25 16:57:51.0840,-1.53,-2.08,6.67,0.29,-0.02,0.21
2024-03-25 16:57:51.0940,-1.49,-2.81,6.83,0.58,-0.06,0.05
2024-03-25 16:57:51.1040,-2.03,-3.05,5.76,0.73,0.01,0.0
2024-03-25 16:57:51.1150,-2.91,-2.77,3.86,0.73,0.14,0.05
2024-03-25 16:57:51.1240,-3.59,-2.35,1.82,0.53,0.26,0.2
2024-03-25 16:57:51.1350,-4.12,-1.97,-0.15,0.21,0.29,0.39
2024-03-25 16:57:51.1450,-4.16,-1.67,-1.54,-0.16,0.28,0.52
2024-03-25 16:57:51.1540,-3.51,-1.46,-2.41,-0.55,0.2,0.56
2024-03-25 16:57:51.1640,-2.44,-1.31,-2.76,-0.87,0.08,0.53
2024-03-25 16:57:51.1740,-1.21,-1.14,-2.61,-1.11,-0.02,0.45
2024-03-25 16:57:51.1840,-0.2,-1.09,-2.17,-1.24,-0.1,0.36
2024-03-25 16:57:51.1940,0.56,-1.12,-1.44,-1.28,-0.17,0.26
2024-03-25 16:57:51.2040,1.08,-1.2,-0.71,-1.21,-0.2,0.18
2024-03-25 16:57:51.2140,1.34,-1.31,-0.02,-1.05,-0.18,0.1
2024-03-25 16:57:51.2240,1.33,-1.34,0.57,-0.81,-0.13,0.05
2024-03-25 16:57:51.2340,1.08,-1.13,0.83,-0.54,-0.07,0.03
2024-03-25 16:57:51.2440,0.53,-0.94,0.75,-0.27,-0.04,0.07
2024-03-25 16:57:51.2540,-0.04,-0.73,0.41,-0.01,-0.03,0.13
2024-03-25 16:57:51.2640,-0.23,-0.57,-0.36,0.18,0.01,0.18
2024-03-25 16:57:51.2740,-0.25,-0.53,-1.59,0.29,0.07,0.22
2024-03-25 16:57:51.2840,-0.34,-0.54,-2.74,0.32,0.1,0.26
2024-03-25 16:57:51.2940,-0.45,-0.58,-3.67,0.28,0.12,0.29
2024-03-25 16:57:51.3040,-0.46,-0.73,-4.49,0.17,0.12,0.29
2024-03-25 16:57:51.3150,-0.39,-0.89,-5.07,0.03,0.11,0.28
2024-03-25 16:57:51.3240,-0.28,-0.95,-5.2,-0.1,0.06,0.25
2024-03-25 16:57:51.3340,-0.08,-0.86,-4.98,-0.2,-0.03,0.2
2024-03-25 16:57:51.3440,0.18,-0.63,-4.54,-0.28,-0.09,0.15
2024-03-25 16:57:51.3540,0.38,-0.46,-4.09,-0.35,-0.11,0.1
2024-03-25 16:57:51.3640,0.5,-0.35,-3.6,-0.38,-0.08,0.07
2024-03-25 16:57:51.3740,0.42,-0.25,-3.02,-0.38,-0.0,0.06
2024-03-25 16:57:51.3840,0.19,-0.19,-2.31,-0.29,0.08,0.05
2024-03-25 16:57:51.3940,0.02,-0.09,-1.41,-0.17,0.12,0.05
2024-03-25 16:57:51.4040,-0.18,0.18,-0.77,-0.05,0.16,0.06
2024-03-25 16:57:51.4140,-0.18,0.55,-0.41,0.04,0.2,0.07
2024-03-25 16:57:51.4240,-0.19,0.93,-0.34,0.07,0.22,0.08
2024-03-25 16:57:51.4340,-0.35,1.3,-0.52,0.01,0.2,0.1
2024-03-25 16:57:51.4440,-0.57,1.56,-0.76,-0.14,0.15,0.1
2024-03-25 16:57:51.4540,-0.81,1.64,-0.84,-0.3,0.05,0.1
2024-03-25 16:57:51.4640,-1.0,1.69,-0.52,-0.43,-0.05,0.08
2024-03-25 16:57:51.4740,-1.12,1.81,-0.03,-0.56,-0.16,0.06
2024-03-25 16:57:51.4840,-1.34,1.89,0.2,-0.72,-0.27,0.06
2024-03-25 16:57:51.4940,-1.62,2.02,0.43,-0.84,-0.3,0.1
2024-03-25 16:57:51.5040,-1.62,1.87,1.09,-0.84,-0.29,0.06
2024-03-25 16:57:51.5140,-1.28,1.6,2.18,-0.75,-0.3,0.01
2024-03-25 16:57:51.5240,-0.97,1.33,2.95,-0.61,-0.28,-0.12
2024-03-25 16:57:51.5350,-0.24,1.23,3.54,-0.39,-0.33,-0.27
2024-03-25 16:57:51.5440,-0.05,1.33,3.81,-0.2,-0.34,-0.36
2024-03-25 16:57:51.5540,-0.31,1.45,3.35,-0.12,-0.28,-0.39
2024-03-25 16:57:51.5640,-0.41,1.5,2.34,-0.2,-0.2,-0.37
2024-03-25 16:57:51.5740,-0.45,1.67,1.3,-0.42,-0.08,-0.27
2024-03-25 16:57:51.5840,-0.52,1.28,1.02,-0.56,0.02,-0.18
2024-03-25 16:57:51.5940,-0.13,0.59,1.98,-0.57,0.14,-0.14
2024-03-25 16:57:51.6040,0.36,-0.26,3.06,-0.5,0.25,-0.14
2024-03-25 16:57:51.6140,0.61,-1.06,3.84,-0.33,0.28,-0.19
2024-03-25 16:57:51.6240,0.8,-1.64,4.54,-0.11,0.2,-0.25
2024-03-25 16:57:51.6340,0.65,-1.95,4.79,0.09,0.03,-0.3
2024-03-25 16:57:51.6440,0.48,-2.05,4.55,0.25,-0.16,-0.33
2024-03-25 16:57:51.6540,0.44,-2.08,3.71,0.29,-0.29,-0.34
2024-03-25 16:57:51.6640,0.41,-2.1,2.56,0.28,-0.38,-0.33
2024-03-25 16:57:51.6740,0.46,-2.0,1.56,0.22,-0.41,-0.3
2024-03-25 16:57:51.6840,0.42,-1.82,0.66,0.12,-0.36,-0.27
2024-03-25 16:57:51.6940,0.33,-1.77,-0.16,-0.03,-0.28,-0.24
2024-03-25 16:57:51.7040,0.27,-1.77,-0.88,-0.24,-0.22,-0.2
2024-03-25 16:57:51.7140,0.07,-1.83,-1.42,-0.47,-0.2,-0.16
2024-03-25 16:57:51.7240,-0.06,-1.92,-1.53,-0.62,-0.2,-0.15
2024-03-25 16:57:51.7340,0.03,-1.91,-1.14,-0.68,-0.22,-0.19
2024-03-25 16:57:51.7440,0.31,-1.88,-0.68,-0.63,-0.21,-0.26
2024-03-25 16:57:51.7540,0.55,-1.79,-0.43,-0.51,-0.2,-0.38
2024-03-25 16:57:51.7640,0.7,-1.61,-0.38,-0.36,-0.19,-0.49
2024-03-25 16:57:51.7740,0.68,-1.32,-0.69,-0.21,-0.17,-0.57
2024-03-25 16:57:51.7840,0.31,-0.96,-1.15,-0.09,-0.14,-0.59
2024-03-25 16:57:51.7940,-0.21,-0.59,-1.86,-0.04,-0.11,-0.56
2024-03-25 16:57:51.8040,-0.57,-0.22,-2.62,-0.03,-0.09,-0.52
2024-03-25 16:57:51.8140,-0.61,0.24,-3.14,-0.04,-0.09,-0.49
2024-03-25 16:57:51.8240,-0.46,0.68,-3.54,-0.06,-0.06,-0.47
2024-03-25 16:57:51.8340,-0.25,1.02,-3.71,-0.06,-0.01,-0.45
2024-03-25 16:57:51.8440,-0.23,1.21,-3.7,-0.06,0.06,-0.42
2024-03-25 16:57:51.8540,-0.56,1.27,-3.69,-0.06,0.12,-0.32
2024-03-25 16:57:51.8640,-1.11,1.28,-3.67,-0.1,0.15,-0.15
2024-03-25 16:57:51.8740,-1.7,1.34,-3.63,-0.19,0.14,0.06
2024-03-25 16:57:51.8840,-2.07,1.5,-3.61,-0.36,0.11,0.27
2024-03-25 16:57:51.8940,-2.02,1.54,-3.62,-0.55,0.08,0.43
2024-03-25 16:57:51.9040,-1.63,1.4,-3.37,-0.69,0.05,0.51
2024-03-25 16:57:51.9140,-0.95,1.27,-2.76,-0.73,0.08,0.49
2024-03-25 16:57:51.9240,-0.25,1.13,-2.16,-0.74,0.15,0.44
2024-03-25 16:57:51.9340,0.08,0.95,-1.85,-0.71,0.2,0.37
2024-03-25 16:57:51.9440,0.13,0.82,-1.52,-0.67,0.22,0.3
2024-03-25 16:57:51.9540,0.1,0.72,-1.31,-0.66,0.2,0.23
2024-03-25 16:57:51.9640,0.13,0.51,-1.0,-0.63,0.16,0.16
2024-03-25 16:57:51.9740,0.22,0.47,-0.46,-0.59,0.14,0.12
2024-03-25 16:57:51.9840,-0.07,0.39,0.13,-0.53,0.12,0.12
2024-03-25 16:57:51.9940,-0.23,0.35,1.14,-0.41,0.1,0.1
2024-03-25 16:57:52.0040,-0.03,0.55,2.06,-0.32,0.1,0.08
2024-03-25 16:57:52.0140,0.07,0.75,2.38,-0.27,0.1,0.09
2024-03-25 16:57:52.0240,0.01,1.1,2.62,-0.25,0.09,0.14
2024-03-25 16:57:52.0340,-0.18,1.34,2.92,-0.22,0.09,0.23
2024-03-25 16:57:52.0440,-0.33,1.39,3.47,-0.12,0.11,0.31
2024-03-25 16:57:52.0540,-0.27,1.12,4.27,0.07,0.16,0.35
2024-03-25 16:57:52.0640,0.08,0.79,5.17,0.36,0.18,0.3
2024-03-25 16:57:52.0740,0.6,0.5,6.04,0.66,0.11,0.15
2024-03-25 16:57:52.0840,1.2,0.47,6.34,0.8,-0.03,0.0
2024-03-25 16:57:52.0940,1.08,0.25,5.57,0.7,-0.19,-0.08
2024-03-25 16:57:52.1040,0.12,-0.4,4.39,0.44,-0.26,-0.02
2024-03-25 16:57:52.1140,-1.06,-1.21,3.91,0.34,-0.22,0.17
2024-03-25 16:57:52.1240,-1.55,-1.93,5.09,0.62,-0.1,0.34
2024-03-25 16:57:52.1340,-0.89,-2.68,6.87,1.13,0.05,0.37
2024-03-25 16:57:52.1440,0.17,-3.32,7.2,1.52,0.18,0.3
2024-03-25 16:57:52.1540,0.88,-3.7,5.49,1.57,0.18,0.16
2024-03-25 16:57:52.1640,1.06,-3.74,2.86,1.33,0.05,0.01
2024-03-25 16:57:52.1740,0.61,-3.24,0.75,0.91,-0.13,-0.08
2024-03-25 16:57:52.1840,-0.13,-2.44,-0.59,0.4,-0.3,-0.06
2024-03-25 16:57:52.1940,-1.04,-1.94,-1.27,-0.04,-0.37,0.03
2024-03-25 16:57:52.2040,-1.68,-1.65,-1.2,-0.32,-0.31,0.15
2024-03-25 16:57:52.2140,-1.96,-1.42,-0.73,-0.46,-0.17,0.27
2024-03-25 16:57:52.2240,-2.03,-0.99,-0.28,-0.5,-0.03,0.37
2024-03-25 16:57:52.2340,-2.03,-0.5,-0.08,-0.49,0.01,0.44
2024-03-25 16:57:52.2440,-1.88,-0.07,-0.26,-0.46,0.05,0.46
2024-03-25 16:57:52.2540,-1.72,0.4,-0.73,-0.46,-0.04,0.46
2024-03-25 16:57:52.2640,-1.55,0.79,-1.41,-0.5,-0.13,0.49
2024-03-25 16:57:52.2740,-1.49,0.99,-2.18,-0.53,-0.18,0.51
2024-03-25 16:57:52.2840,-1.27,1.19,-2.58,-0.54,-0.26,0.53
2024-03-25 16:57:52.2940,-1.02,1.21,-2.99,-0.45,-0.09,0.53
2024-03-25 16:57:52.3040,-1.06,1.14,-3.16,-0.3,0.11,0.55
2024-03-25 16:57:52.3140,-1.09,1.03,-3.1,-0.12,0.31,0.6
2024-03-25 16:57:52.3240,-1.12,0.87,-3.33,0.02,0.4,0.65
2024-03-25 16:57:52.3340,-1.04,0.88,-3.81,0.15,0.6,0.68
2024-03-25 16:57:52.3440,-1.07,1.02,-4.6,0.2,0.65,0.73
2024-03-25 16:57:52.3540,-1.25,1.18,-5.42,0.09,0.68,0.8
2024-03-25 16:57:52.3640,-1.19,1.05,-6.48,-0.19,0.67,0.86
2024-03-25 16:57:52.3740,-1.09,0.6,-7.28,-0.57,0.63,0.89
2024-03-25 16:57:52.3840,-0.89,-0.04,-7.28,-0.83,0.55,0.88
2024-03-25 16:57:52.3940,-0.48,-0.58,-5.58,-0.82,0.43,0.78
2024-03-25 16:57:52.4040,0.1,-0.87,-3.24,-0.61,0.34,0.63
2024-03-25 16:57:52.4140,0.7,-0.98,-1.69,-0.32,0.31,0.45
2024-03-25 16:57:52.4240,1.24,-0.83,-0.76,-0.03,0.27,0.23
2024-03-25 16:57:52.4340,1.57,-0.66,-0.36,0.13,0.22,0.02
2024-03-25 16:57:52.4440,1.43,-0.53,-0.61,0.1,0.16,-0.09
2024-03-25 16:57:52.4540,0.79,-0.35,-0.92,-0.01,0.09,-0.12
2024-03-25 16:57:52.4640,0.23,-0.03,-0.7,-0.11,-0.02,-0.1
2024-03-25 16:57:52.4740,0.02,0.3,-0.04,-0.16,-0.16,-0.08
2024-03-25 16:57:52.4840,0.14,0.58,0.79,-0.12,-0.29,-0.08
2024-03-25 16:57:52.4940,0.46,0.76,1.53,-0.04,-0.36,-0.1
2024-03-25 16:57:52.5040,0.7,0.78,2.03,0.08,-0.37,-0.14
2024-03-25 16:57:52.5140,0.91,0.79,2.41,0.2,-0.34,-0.21
2024-03-25 16:57:52.5240,1.06,0.73,2.39,0.21,-0.29,-0.27
2024-03-25 16:57:52.5340,0.85,0.61,1.94,0.1,-0.23,-0.32
2024-03-25 16:57:52.5440,0.36,0.47,1.58,-0.04,-0.23,-0.36
2024-03-25 16:57:52.5540,0.09,0.52,1.81,-0.13,-0.28,-0.43
2024-03-25 16:57:52.5640,0.19,0.65,2.56,-0.05,-0.3,-0.55
2024-03-25 16:57:52.5740,0.63,0.92,3.81,0.24,-0.27,-0.68
2024-03-25 16:57:52.5840,0.88,1.22,4.91,0.53,-0.16,-0.71
2024-03-25 16:57:52.5940,0.48,1.07,4.91,0.63,0.02,-0.63
2024-03-25 16:57:52.6040,-0.15,0.47,3.94,0.57,0.17,-0.5
2024-03-25 16:57:52.6140,-0.28,-0.13,3.27,0.52,0.21,-0.42
2024-03-25 16:57:52.6240,0.17,-0.67,3.42,0.59,0.11,-0.46
2024-03-25 16:57:52.6340,0.94,-1.14,3.86,0.79,-0.08,-0.57
2024-03-25 16:57:52.6440,1.67,-1.33,3.97,1.03,-0.24,-0.69
2024-03-25 16:57:52.6540,2.23,-1.37,3.37,1.23,-0.36,-0.79
2024-03-25 16:57:52.6640,2.5,-1.3,2.3,1.29,-0.43,-0.85
2024-03-25 16:57:52.6740,2.54,-1.02,0.76,1.17,-0.46,-0.81
2024-03-25 16:57:52.6840,2.25,-0.62,-0.83,0.84,-0.47,-0.69
2024-03-25 16:57:52.6940,1.76,-0.26,-2.16,0.32,-0.4,-0.49
2024-03-25 16:57:52.7040,1.09,-0.25,-3.05,-0.29,-0.28,-0.2
2024-03-25 16:57:52.7140,0.22,-0.58,-3.1,-0.8,-0.17,0.12
2024-03-25 16:57:52.7240,-0.48,-1.03,-2.05,-1.1,-0.12,0.39
2024-03-25 16:57:52.7340,-0.63,-1.56,-0.53,-1.22,-0.11,0.55
2024-03-25 16:57:52.7440,-0.2,-2.2,0.62,-1.19,-0.12,0.53
2024-03-25 16:57:52.7540,0.53,-2.66,1.37,-1.08,-0.14,0.38
2024-03-25 16:57:52.7640,1.0,-2.72,1.54,-0.94,-0.14,0.19
2024-03-25 16:57:52.7740,0.92,-2.51,1.21,-0.81,-0.12,0.03
2024-03-25 16:57:52.7840,0.55,-2.16,0.67,-0.71,-0.11,-0.1
2024-03-25 16:57:52.7940,0.07,-1.77,-0.01,-0.59,-0.09,-0.19
2024-03-25 16:57:52.8040,-0.35,-1.34,-0.47,-0.42,-0.03,-0.27
2024-03-25 16:57:52.8140,-0.42,-0.74,-0.6,-0.17,0.05,-0.36
2024-03-25 16:57:52.8240,-0.41,-0.23,-0.72,0.11,0.14,-0.43
2024-03-25 16:57:52.8340,-0.38,0.19,-1.13,0.37,0.2,-0.48
2024-03-25 16:57:52.8440,-0.45,0.36,-1.84,0.58,0.27,-0.52
2024-03-25 16:57:52.8540,-0.45,0.39,-2.63,0.67,0.34,-0.54
2024-03-25 16:57:52.8640,-0.62,0.3,-3.55,0.63,0.37,-0.52
2024-03-25 16:57:52.8740,-0.94,0.27,-4.33,0.53,0.34,-0.45
2024-03-25 16:57:52.8840,-1.2,0.38,-4.73,0.4,0.3,-0.36
2024-03-25 16:57:52.8940,-1.23,0.41,-4.57,0.36,0.28,-0.27
2024-03-25 16:57:52.9040,-1.0,0.39,-3.7,0.44,0.25,-0.2
2024-03-25 16:57:52.9140,-0.69,0.24,-2.74,0.57,0.22,-0.19
2024-03-25 16:57:52.9240,-0.3,-0.04,-2.37,0.66,0.16,-0.22
2024-03-25 16:57:52.9340,-0.01,-0.18,-2.47,0.65,0.04,-0.28
2024-03-25 16:57:52.9440,0.15,-0.23,-2.93,0.55,-0.1,-0.32
2024-03-25 16:57:52.9540,0.25,0.06,-3.44,0.35,-0.2,-0.32
2024-03-25 16:57:52.9640,0.13,0.29,-3.8,0.09,-0.18,-0.27
2024-03-25 16:57:52.9740,-0.03,0.31,-3.59,-0.09,-0.03,-0.2
2024-03-25 16:57:52.9840,0.11,0.25,-2.34,-0.1,0.22,-0.15
2024-03-25 16:57:52.9940,0.25,0.0,-0.47,-0.0,0.44,-0.11
2024-03-25 16:57:53.0040,0.33,-0.31,1.23,0.17,0.5,-0.13
2024-03-25 16:57:53.0140,0.54,-0.57,2.52,0.35,0.4,-0.19
2024-03-25 16:57:53.0240,0.69,-0.73,3.19,0.46,0.2,-0.26
2024-03-25 16:57:53.0340,0.66,-0.88,3.32,0.52,-0.03,-0.33
2024-03-25 16:57:53.0430,0.78,-0.95,3.49,0.66,-0.23,-0.46
2024-03-25 16:57:53.0540,1.16,-0.99,3.99,0.84,-0.36,-0.61
2024-03-25 16:57:53.0640,1.45,-0.87,4.07,0.96,-0.35,-0.75
2024-03-25 16:57:53.0740,1.42,-0.41,3.48,0.92,-0.22,-0.78
2024-03-25 16:57:53.0840,0.71,-0.11,2.49,0.67,0.06,-0.69
2024-03-25 16:57:53.0940,-0.56,-0.07,1.74,0.25,0.37,-0.43
2024-03-25 16:57:53.1040,-1.62,0.05,1.63,-0.15,0.56,-0.12
2024-03-25 16:57:53.1130,-2.17,-0.03,2.98,-0.27,0.55,0.12
2024-03-25 16:57:53.1230,-2.04,-0.7,5.18,-0.1,0.42,0.24
2024-03-25 16:57:53.1340,-1.55,-1.52,6.68,0.22,0.19,0.24
2024-03-25 16:57:53.1430,-1.03,-2.08,6.73,0.43,0.01,0.14
2024-03-25 16:57:53.1540,-0.37,-2.03,5.06,0.36,-0.08,0.07
2024-03-25 16:57:53.1640,-0.46,-1.74,2.89,0.11,-0.08,0.12
2024-03-25 16:57:53.1730,-1.28,-1.19,1.45,-0.27,-0.04,0.3
2024-03-25 16:57:53.1830,-2.13,-0.73,0.47,-0.68,-0.01,0.52
2024-03-25 16:57:53.1930,-2.46,-0.55,0.14,-1.04,-0.02,0.66
2024-03-25 16:57:53.2030,-2.21,-0.54,0.23,-1.31,-0.02,0.71
2024-03-25 16:57:53.2140,-1.73,-0.62,0.12,-1.51,-0.0,0.69
2024-03-25 16:57:53.2240,-1.31,-0.7,-0.21,-1.64,0.04,0.64
2024-03-25 16:57:53.2340,-1.03,-0.58,-0.49,-1.67,0.09,0.6
2024-03-25 16:57:53.2430,-0.93,-0.48,-0.62,-1.59,0.14,0.56
2024-03-25 16:57:53.2530,-0.99,-0.08,-0.62,-1.45,0.08,0.59
2024-03-25 16:57:53.2640,-1.61,0.21,-0.73,-1.18,0.1,0.62
2024-03-25 16:57:53.2740,-1.48,0.26,-0.36,-0.74,0.16,0.68
2024-03-25 16:57:53.2830,-1.44,0.22,0.15,-0.27,0.17,0.69
2024-03-25 16:57:53.2940,-1.23,0.11,0.04,0.09,0.11,0.66
2024-03-25 16:57:53.3040,-0.8,0.1,-1.1,0.27,-0.0,0.59
2024-03-25 16:57:53.3140,-0.24,0.04,-2.57,0.34,-0.11,0.5
2024-03-25 16:57:53.3230,0.11,-0.03,-3.58,0.36,-0.21,0.41
2024-03-25 16:57:53.3340,0.31,0.01,-4.24,0.36,-0.24,0.38
2024-03-25 16:57:53.3440,0.11,0.14,-4.54,0.37,-0.2,0.44
2024-03-25 16:57:53.3530,-0.27,0.17,-4.67,0.4,-0.13,0.57
2024-03-25 16:57:53.3640,-0.72,0.25,-4.59,0.37,-0.0,0.75
2024-03-25 16:57:53.3730,-0.91,0.09,-4.56,0.3,0.13,0.9
2024-03-25 16:57:53.3830,-0.53,-0.23,-4.12,0.25,0.22,0.94
2024-03-25 16:57:53.3930,0.23,-0.39,-3.41,0.18,0.22,0.87
2024-03-25 16:57:53.4030,0.95,-0.45,-2.97,0.08,0.17,0.74
2024-03-25 16:57:53.4140,1.26,-0.47,-2.6,-0.01,0.05,0.62
2024-03-25 16:57:53.4230,1.19,-0.35,-2.09,-0.07,-0.06,0.52
2024-03-25 16:57:53.4330,1.05,-0.2,-1.51,-0.06,-0.16,0.47
2024-03-25 16:57:53.4430,0.78,0.0,-0.76,-0.02,-0.22,0.47
2024-03-25 16:57:53.4530,0.63,0.25,-0.22,0.01,-0.2,0.46
2024-03-25 16:57:53.4640,0.78,0.52,0.12,0.04,-0.13,0.43
2024-03-25 16:57:53.4730,1.14,0.76,0.44,0.0,0.01,0.35
2024-03-25 16:57:53.4840,1.47,0.85,0.59,-0.1,0.17,0.24
2024-03-25 16:57:53.4940,1.59,0.92,0.72,-0.25,0.31,0.13
2024-03-25 16:57:53.5030,1.42,0.88,1.08,-0.4,0.42,0.04
2024-03-25 16:57:53.5140,0.88,0.74,1.9,-0.47,0.47,-0.01
2024-03-25 16:57:53.5230,0.32,0.6,2.95,-0.38,0.47,-0.04
2024-03-25 16:57:53.5340,-0.07,0.42,4.32,-0.11,0.37,-0.13
2024-03-25 16:57:53.5430,-0.02,0.22,5.52,0.3,0.2,-0.31
2024-03-25 16:57:53.5530,0.26,0.09,5.95,0.73,-0.02,-0.55
2024-03-25 16:57:53.5640,0.52,0.25,5.35,1.1,-0.22,-0.8
2024-03-25 16:57:53.5730,0.63,0.67,4.21,1.27,-0.37,-0.96
2024-03-25 16:57:53.5830,0.32,0.95,2.51,1.27,-0.47,-0.98
2024-03-25 16:57:53.5930,-0.18,1.45,0.97,1.13,-0.47,-0.81
2024-03-25 16:57:53.6030,-0.68,1.68,-0.09,0.94,-0.36,-0.54
2024-03-25 16:57:53.6130,-0.72,1.6,-0.44,0.77,-0.14,-0.23
2024-03-25 16:57:53.6230,-0.65,0.96,-0.21,0.66,0.08,0.04
2024-03-25 16:57:53.6330,-0.35,-0.21,0.46,0.64,0.18,0.17
2024-03-25 16:57:53.6430,0.31,-1.36,1.29,0.65,0.06,0.14
2024-03-25 16:57:53.6530,1.04,-2.1,1.65,0.62,-0.2,-0.0
2024-03-25 16:57:53.6630,1.6,-2.28,1.48,0.52,-0.45,-0.13
2024-03-25 16:57:53.6730,1.63,-2.07,1.02,0.38,-0.63,-0.18
2024-03-25 16:57:53.6830,1.37,-1.76,0.51,0.19,-0.65,-0.16
2024-03-25 16:57:53.6930,0.99,-1.55,-0.05,-0.05,-0.46,-0.05
2024-03-25 16:57:53.7030,0.35,-1.49,-0.39,-0.34,-0.09,0.16
2024-03-25 16:57:53.7130,-0.45,-1.55,-0.38,-0.62,0.25,0.41
2024-03-25 16:57:53.7230,-1.11,-1.83,0.14,-0.84,0.38,0.61
2024-03-25 16:57:53.7330,-1.31,-2.27,0.98,-0.99,0.27,0.7
2024-03-25 16:57:53.7430,-1.05,-2.9,1.72,-1.03,-0.03,0.63
2024-03-25 16:57:53.7540,-0.46,-3.36,2.2,-0.99,-0.37,0.45
2024-03-25 16:57:53.7640,0.2,-3.42,2.1,-0.87,-0.6,0.21
2024-03-25 16:57:53.7730,0.87,-3.06,1.75,-0.65,-0.65,-0.04
2024-03-25 16:57:53.7830,1.16,-2.47,1.36,-0.36,-0.48,-0.24
2024-03-25 16:57:53.7930,0.95,-1.79,0.69,-0.07,-0.21,-0.34
2024-03-25 16:57:53.8030,0.42,-1.07,-0.36,0.15,0.05,-0.38
2024-03-25 16:57:53.8130,-0.16,-0.37,-1.59,0.25,0.24,-0.37
2024-03-25 16:57:53.8230,-0.59,0.15,-2.83,0.26,0.32,-0.34
2024-03-25 16:57:53.8330,-0.83,0.52,-3.72,0.22,0.3,-0.3
2024-03-25 16:57:53.8430,-1.04,0.7,-4.22,0.16,0.21,-0.26
2024-03-25 16:57:53.8540,-1.22,0.69,-4.5,0.09,0.12,-0.22
2024-03-25 16:57:53.8630,-1.2,0.6,-4.59,0.02,0.05,-0.16
2024-03-25 16:57:53.8740,-1.25,0.48,-4.48,-0.0,0.02,-0.08
2024-03-25 16:57:53.8830,-1.16,0.35,-4.04,0.0,0.04,-0.01
2024-03-25 16:57:53.8930,-0.97,0.32,-3.71,0.0,0.09,0.06
2024-03-25 16:57:53.9030,-0.78,0.37,-3.61,-0.02,0.12,0.12
2024-03-25 16:57:53.9130,-0.62,0.47,-3.54,-0.08,0.14,0.19
2024-03-25 16:57:53.9230,-0.56,0.59,-3.56,-0.2,0.16,0.27
2024-03-25 16:57:53.9330,-0.45,0.72,-3.39,-0.31,0.19,0.35
2024-03-25 16:57:53.9430,-0.28,0.71,-2.73,-0.36,0.24,0.42
2024-03-25 16:57:53.9530,-0.08,0.62,-1.58,-0.35,0.31,0.49
2024-03-25 16:57:53.9630,0.02,0.45,-0.22,-0.29,0.38,0.57
2024-03-25 16:57:53.9730,0.05,0.24,1.0,-0.25,0.43,0.61
2024-03-25 16:57:53.9830,0.25,0.17,1.75,-0.26,0.42,0.63
2024-03-25 16:57:53.9930,0.43,0.2,2.16,-0.31,0.36,0.63
2024-03-25 16:57:54.0030,0.56,0.31,2.55,-0.37,0.3,0.61
2024-03-25 16:57:54.0130,0.78,0.5,3.01,-0.43,0.28,0.59
2024-03-25 16:57:54.0230,0.87,0.76,3.58,-0.51,0.36,0.61
2024-03-25 16:57:54.0340,0.43,0.71,4.14,-0.61,0.48,0.71
2024-03-25 16:57:54.0430,-0.39,0.46,4.72,-0.73,0.55,0.86
2024-03-25 16:57:54.0530,-1.11,-0.03,5.37,-0.79,0.49,0.99
2024-03-25 16:57:54.0630,-1.39,-0.75,6.04,-0.74,0.33,1.04
2024-03-25 16:57:54.0730,-1.22,-1.5,6.41,-0.61,0.16,1.01
2024-03-25 16:57:54.0830,-0.87,-2.29,6.25,-0.41,0.01,0.89
2024-03-25 16:57:54.0940,-0.42,-2.96,5.97,-0.1,-0.09,0.7
2024-03-25 16:57:54.1030,0.05,-3.54,5.97,0.32,-0.14,0.43
2024-03-25 16:57:54.1130,0.29,-3.96,5.8,0.79,-0.15,0.13
2024-03-25 16:57:54.1230,0.11,-3.98,4.76,1.15,-0.13,-0.09
2024-03-25 16:57:54.1330,-0.48,-3.71,2.92,1.36,-0.13,-0.24
2024-03-25 16:57:54.1430,-1.09,-3.11,0.69,1.4,-0.12,-0.29
2024-03-25 16:57:54.1530,-1.62,-2.46,-1.57,1.31,-0.05,-0.24
2024-03-25 16:57:54.1630,-2.01,-1.89,-3.37,1.16,0.04,-0.12
2024-03-25 16:57:54.1730,-2.37,-1.41,-4.51,0.95,0.1,0.03
2024-03-25 16:57:54.1830,-2.34,-1.0,-5.3,0.72,0.17,0.12
2024-03-25 16:57:54.1930,-1.93,-0.5,-5.76,0.47,0.16,0.22
2024-03-25 16:57:54.2030,-1.76,-0.16,-5.79,0.22,0.04,0.33
2024-03-25 16:57:54.2130,-1.65,0.05,-5.55,0.0,-0.1,0.4
2024-03-25 16:57:54.2230,-1.38,0.23,-5.19,-0.2,-0.22,0.49
2024-03-25 16:57:54.2330,-1.16,0.17,-4.76,-0.36,-0.22,0.55
2024-03-25 16:57:54.2430,-0.72,0.0,-4.19,-0.47,-0.13,0.56
2024-03-25 16:57:54.2530,-0.31,-0.05,-3.58,-0.52,-0.01,0.55
2024-03-25 16:57:54.2630,-0.09,-0.02,-2.9,-0.51,0.02,0.53
2024-03-25 16:57:54.2730,-0.08,0.21,-2.28,-0.49,-0.08,0.52
2024-03-25 16:57:54.2830,-0.27,0.3,-1.91,-0.47,-0.24,0.52
2024-03-25 16:57:54.2930,-0.17,0.37,-1.69,-0.44,-0.49,0.44
2024-03-25 16:57:54.3030,0.37,0.56,-1.74,-0.43,-0.68,0.32
2024-03-25 16:57:54.3130,0.52,0.65,-2.04,-0.47,-0.72,0.24
2024-03-25 16:57:54.3230,0.65,0.83,-2.24,-0.52,-0.65,0.2
2024-03-25 16:57:54.3330,0.54,1.02,-2.14,-0.51,-0.51,0.21
2024-03-25 16:57:54.3430,0.2,1.12,-1.55,-0.41,-0.4,0.21
2024-03-25 16:57:54.3530,0.28,1.15,-0.72,-0.24,-0.28,0.17
2024-03-25 16:57:54.3630,0.55,1.01,-0.02,-0.09,-0.21,0.09
2024-03-25 16:57:54.3730,0.71,0.89,0.2,-0.02,-0.21,-0.02
2024-03-25 16:57:54.3830,0.71,0.84,-0.04,-0.05,-0.27,-0.15
2024-03-25 16:57:54.3930,0.71,0.88,-0.22,-0.14,-0.28,-0.24
2024-03-25 16:57:54.4030,0.41,1.0,-0.05,-0.23,-0.19,-0.27
2024-03-25 16:57:54.4130,-0.13,1.16,0.53,-0.23,-0.07,-0.22
2024-03-25 16:57:54.4230,-0.78,1.36,1.6,-0.17,-0.0,-0.12
2024-03-25 16:57:54.4330,-1.1,1.53,2.51,-0.07,0.02,-0.06
2024-03-25 16:57:54.4430,-1.02,1.48,3.17,0.04,-0.02,-0.06
2024-03-25 16:57:54.4530,-0.65,1.43,3.63,0.16,-0.1,-0.13
2024-03-25 16:57:54.4630,-0.28,1.43,3.85,0.25,-0.15,-0.24
2024-03-25 16:57:54.4730,-0.15,1.47,3.76,0.33,-0.14,-0.34
2024-03-25 16:57:54.4830,-0.09,1.56,3.62,0.41,-0.03,-0.44
2024-03-25 16:57:54.4930,0.03,1.68,3.68,0.54,0.17,-0.52
2024-03-25 16:57:54.5030,0.05,1.87,4.03,0.76,0.4,-0.55
2024-03-25 16:57:54.5130,-0.04,2.1,4.63,0.98,0.62,-0.51
2024-03-25 16:57:54.5230,-0.29,2.13,4.73,1.09,0.74,-0.35
2024-03-25 16:57:54.5330,-0.86,1.71,4.3,1.08,0.65,-0.16
2024-03-25 16:57:54.5430,-1.01,0.89,3.79,1.07,0.41,-0.05
2024-03-25 16:57:54.5530,-0.75,-0.4,3.72,1.16,0.1,-0.06
2024-03-25 16:57:54.5630,0.1,-1.47,3.66,1.3,-0.18,-0.21
2024-03-25 16:57:54.5730,1.1,-1.99,2.85,1.39,-0.34,-0.4
2024-03-25 16:57:54.5830,1.9,-1.89,1.35,1.36,-0.33,-0.52
2024-03-25 16:57:54.5930,2.02,-1.42,-0.31,1.18,-0.12,-0.5
2024-03-25 16:57:54.6030,1.66,-0.95,-1.54,0.92,0.2,-0.34
2024-03-25 16:57:54.6130,1.33,-0.63,-2.09,0.63,0.5,-0.12
2024-03-25 16:57:54.6230,0.99,-0.6,-1.9,0.38,0.69,0.09
2024-03-25 16:57:54.6330,0.7,-0.89,-1.25,0.12,0.76,0.28
2024-03-25 16:57:54.6430,0.57,-1.29,-0.72,-0.16,0.7,0.41
2024-03-25 16:57:54.6530,0.49,-1.92,-0.43,-0.41,0.58,0.49
2024-03-25 16:57:54.6630,0.59,-2.64,0.28,-0.54,0.4,0.5
2024-03-25 16:57:54.6730,0.76,-3.26,1.13,-0.56,0.18,0.45
2024-03-25 16:57:54.6830,0.85,-3.69,1.42,-0.55,-0.02,0.39
2024-03-25 16:57:54.6930,1.03,-3.81,0.99,-0.53,-0.19,0.29
2024-03-25 16:57:54.7030,1.4,-3.73,0.15,-0.54,-0.25,0.18
2024-03-25 16:57:54.7130,1.7,-3.55,-0.94,-0.53,-0.21,0.06
2024-03-25 16:57:54.7230,1.87,-3.25,-1.73,-0.49,-0.13,-0.05
2024-03-25 16:57:54.7330,1.94,-2.82,-2.32,-0.44,-0.04,-0.15
2024-03-25 16:57:54.7430,1.86,-2.55,-2.66,-0.35,0.01,-0.25
2024-03-25 16:57:54.7530,1.68,-2.38,-2.75,-0.25,-0.0,-0.38
2024-03-25 16:57:54.7630,1.52,-2.09,-2.74,-0.21,-0.09,-0.49
2024-03-25 16:57:54.7730,1.33,-1.8,-3.19,-0.25,-0.14,-0.55
2024-03-25 16:57:54.7830,1.05,-1.5,-3.69,-0.33,-0.15,-0.57
2024-03-25 16:57:54.7930,0.89,-1.14,-3.89,-0.42,-0.13,-0.57
2024-03-25 16:57:54.8030,0.81,-0.9,-3.71,-0.46,-0.08,-0.57
2024-03-25 16:57:54.8130,0.85,-0.71,-3.25,-0.44,-0.02,-0.57
2024-03-25 16:57:54.8230,0.74,-0.62,-2.74,-0.4,0.05,-0.54
2024-03-25 16:57:54.8330,0.52,-0.49,-2.3,-0.37,0.1,-0.49
2024-03-25 16:57:54.8430,0.34,-0.34,-2.02,-0.38,0.1,-0.44
2024-03-25 16:57:54.8530,0.24,-0.21,-1.81,-0.43,0.09,-0.37
2024-03-25 16:57:54.8630,0.14,-0.05,-1.42,-0.45,0.05,-0.3
2024-03-25 16:57:54.8730,0.01,0.12,-0.78,-0.43,-0.0,-0.22
2024-03-25 16:57:54.8830,0.03,0.27,-0.07,-0.4,-0.08,-0.17
2024-03-25 16:57:54.8930,0.22,0.39,0.32,-0.39,-0.15,-0.14
2024-03-25 16:57:54.9030,0.42,0.45,0.48,-0.39,-0.21,-0.14
2024-03-25 16:57:54.9130,0.63,0.42,0.8,-0.36,-0.26,-0.17
2024-03-25 16:57:54.9230,0.84,0.45,1.31,-0.3,-0.28,-0.23
2024-03-25 16:57:54.9330,1.03,0.59,1.72,-0.24,-0.26,-0.28
2024-03-25 16:57:54.9430,1.1,0.77,1.97,-0.17,-0.21,-0.34
2024-03-25 16:57:54.9530,1.12,0.97,2.08,-0.12,-0.15,-0.4
2024-03-25 16:57:54.9630,1.09,1.25,2.02,-0.11,-0.05,-0.43
2024-03-25 16:57:54.9730,0.77,1.62,1.97,-0.13,0.03,-0.4
2024-03-25 16:57:54.9830,0.43,1.98,2.09,-0.13,0.08,-0.37
2024-03-25 16:57:54.9930,0.24,2.23,2.56,-0.1,0.1,-0.34
2024-03-25 16:57:55.0030,0.22,2.36,3.16,-0.04,0.11,-0.33
2024-03-25 16:57:55.0130,0.29,2.47,3.58,0.02,0.11,-0.35
2024-03-25 16:57:55.0230,0.45,2.52,3.79,0.08,0.09,-0.4
2024-03-25 16:57:55.0330,0.65,2.8,3.92,0.11,0.06,-0.45
2024-03-25 16:57:55.0430,0.77,3.15,3.84,0.07,0.1,-0.47
2024-03-25 16:57:55.0530,0.6,3.3,3.8,0.02,0.23,-0.42
2024-03-25 16:57:55.0630,0.32,3.31,4.2,0.02,0.35,-0.32
2024-03-25 16:57:55.0730,0.2,3.22,5.19,0.17,0.41,-0.25
2024-03-25 16:57:55.0830,0.44,3.23,6.4,0.39,0.42,-0.21
2024-03-25 16:57:55.0930,0.5,2.82,6.86,0.55,0.38,-0.13
2024-03-25 16:57:55.1030,0.02,1.9,6.44,0.63,0.27,-0.05
2024-03-25 16:57:55.1130,-0.29,0.76,5.84,0.76,0.05,-0.02
2024-03-25 16:57:55.1230,0.03,-0.25,5.59,0.97,-0.25,-0.11
2024-03-25 16:57:55.1330,0.65,-1.15,5.07,1.19,-0.57,-0.27
2024-03-25 16:57:55.1430,1.21,-1.79,3.94,1.35,-0.82,-0.44
2024-03-25 16:57:55.1530,1.45,-2.11,2.35,1.42,-1.0,-0.55
2024-03-25 16:57:55.1630,1.32,-2.14,0.68,1.48,-1.06,-0.61
2024-03-25 16:57:55.1730,1.15,-2.07,-0.43,1.52,-1.0,-0.62
2024-03-25 16:57:55.1830,1.03,-2.05,-1.3,1.52,-0.86,-0.57
2024-03-25 16:57:55.1930,0.76,-2.22,-2.03,1.53,-0.61,-0.51
2024-03-25 16:57:55.2030,0.62,-2.41,-2.45,1.49,-0.39,-0.46
2024-03-25 16:57:55.2130,0.54,-2.78,-2.95,1.42,-0.21,-0.45
2024-03-25 16:57:55.2230,0.39,-3.17,-3.32,1.33,-0.12,-0.47
2024-03-25 16:57:55.2330,0.08,-3.48,-3.42,1.24,-0.08,-0.5
2024-03-25 16:57:55.2430,-0.4,-3.75,-3.57,1.11,-0.09,-0.52
2024-03-25 16:57:55.2530,-0.89,-3.81,-3.96,0.89,-0.09,-0.47
2024-03-25 16:57:55.2630,-1.56,-3.86,-4.49,0.66,-0.09,-0.36
2024-03-25 16:57:55.2730,-2.23,-3.87,-4.6,0.45,-0.09,-0.22
2024-03-25 16:57:55.2830,-2.58,-3.85,-4.47,0.26,-0.08,-0.08
2024-03-25 16:57:55.2930,-2.57,-3.83,-4.32,0.09,-0.1,-0.0
2024-03-25 16:57:55.3030,-2.24,-3.73,-4.29,-0.1,-0.18,0.01
2024-03-25 16:57:55.3130,-1.91,-3.6,-4.49,-0.32,-0.3,-0.01
2024-03-25 16:57:55.3230,-1.68,-3.3,-4.74,-0.54,-0.42,-0.03
2024-03-25 16:57:55.3330,-1.45,-2.78,-4.96,-0.71,-0.47,-0.04
2024-03-25 16:57:55.3430,-1.26,-2.13,-4.91,-0.86,-0.44,-0.01
2024-03-25 16:57:55.3530,-1.11,-1.63,-4.83,-0.97,-0.33,0.02
2024-03-25 16:57:55.3630,-0.85,-1.21,-4.73,-1.07,-0.18,0.05
2024-03-25 16:57:55.3730,-0.56,-0.89,-4.69,-1.17,-0.03,0.05
2024-03-25 16:57:55.3830,-0.26,-0.63,-4.52,-1.26,0.08,0.04
2024-03-25 16:57:55.3930,-0.16,-0.44,-4.16,-1.35,0.14,0.03
2024-03-25 16:57:55.4030,-0.14,-0.23,-3.61,-1.44,0.19,0.03
2024-03-25 16:57:55.4130,-0.27,-0.13,-3.14,-1.53,0.25,0.05
2024-03-25 16:57:55.4230,-0.36,-0.02,-2.62,-1.58,0.3,0.06
2024-03-25 16:57:55.4330,-0.23,0.07,-1.94,-1.59,0.34,0.06
2024-03-25 16:57:55.4430,-0.03,0.0,-1.23,-1.54,0.35,0.02
2024-03-25 16:57:55.4530,0.28,-0.06,-0.43,-1.39,0.37,-0.08
2024-03-25 16:57:55.4630,0.63,0.02,0.4,-1.19,0.38,-0.2
2024-03-25 16:57:55.4730,0.78,0.13,0.89,-1.01,0.39,-0.28
2024-03-25 16:57:55.4830,0.58,0.32,0.86,-0.88,0.4,-0.32
2024-03-25 16:57:55.4930,0.35,0.66,0.74,-0.81,0.35,-0.31
2024-03-25 16:57:55.5030,0.18,0.98,0.59,-0.76,0.25,-0.31
2024-03-25 16:57:55.5130,0.3,1.26,0.43,-0.72,0.14,-0.36
2024-03-25 16:57:55.5230,0.49,1.45,0.37,-0.65,0.05,-0.39
2024-03-25 16:57:55.5330,0.49,1.59,0.36,-0.53,-0.02,-0.44
2024-03-25 16:57:55.5430,0.45,1.89,0.64,-0.4,-0.09,-0.46
2024-03-25 16:57:55.5530,0.34,2.14,0.61,-0.27,-0.12,-0.45
2024-03-25 16:57:55.5620,0.23,2.41,0.55,-0.14,-0.09,-0.43
2024-03-25 16:57:55.5730,0.22,2.7,0.59,-0.02,-0.02,-0.44
2024-03-25 16:57:55.5830,0.38,2.89,0.66,0.1,0.04,-0.46
2024-03-25 16:57:55.5930,0.44,3.09,0.72,0.21,0.06,-0.47
2024-03-25 16:57:55.6030,0.25,3.24,0.72,0.28,0.01,-0.46
2024-03-25 16:57:55.6130,-0.04,3.35,0.56,0.27,-0.09,-0.41
2024-03-25 16:57:55.6230,-0.41,3.29,0.25,0.19,-0.24,-0.31
2024-03-25 16:57:55.6330,-0.69,3.04,0.22,0.11,-0.4,-0.22
2024-03-25 16:57:55.6420,-0.42,2.59,0.54,0.09,-0.47,-0.19
2024-03-25 16:57:55.6530,0.12,1.99,1.26,0.18,-0.49,-0.25
2024-03-25 16:57:55.6630,0.9,1.49,2.23,0.34,-0.55,-0.44
2024-03-25 16:57:55.6720,1.81,1.36,2.77,0.41,-0.66,-0.69
2024-03-25 16:57:55.6830,2.7,1.72,2.32,0.25,-0.59,-0.78
2024-03-25 16:57:55.6930,2.17,1.46,1.42,-0.1,-0.22,-0.6
2024-03-25 16:57:55.7020,0.69,0.52,1.51,-0.39,0.23,-0.21
2024-03-25 16:57:55.7130,-0.09,-0.25,3.31,-0.42,0.59,0.05
2024-03-25 16:57:55.7230,0.59,-1.32,5.91,-0.17,0.58,0.05
2024-03-25 16:57:55.7330,1.66,-2.75,7.81,0.29,0.08,-0.19
2024-03-25 16:57:55.7430,2.57,-3.54,8.01,0.56,-0.46,-0.53
2024-03-25 16:57:55.7530,3.23,-3.54,6.03,0.49,-0.76,-0.75
2024-03-25 16:57:55.7630,3.17,-3.29,3.26,0.29,-0.81,-0.85
2024-03-25 16:57:55.7730,2.86,-2.75,1.7,0.03,-0.61,-0.79
2024-03-25 16:57:55.7830,2.26,-2.38,1.05,-0.14,-0.29,-0.62
2024-03-25 16:57:55.7930,1.61,-2.17,1.36,-0.21,0.02,-0.42
2024-03-25 16:57:55.8030,1.21,-2.2,2.05,-0.24,0.18,-0.26
2024-03-25 16:57:55.8130,1.13,-2.51,2.56,-0.27,0.2,-0.2
2024-03-25 16:57:55.8230,1.21,-3.0,2.68,-0.32,0.11,-0.22
2024-03-25 16:57:55.8320,1.3,-3.34,2.55,-0.33,-0.08,-0.32
2024-03-25 16:57:55.8420,1.45,-3.49,2.44,-0.29,-0.32,-0.49
2024-03-25 16:57:55.8530,1.69,-3.32,2.16,-0.2,-0.49,-0.67
2024-03-25 16:57:55.8620,1.72,-2.69,1.58,-0.1,-0.54,-0.77
2024-03-25 16:57:55.8730,1.5,-1.94,0.69,0.01,-0.47,-0.8
2024-03-25 16:57:55.8830,1.14,-1.3,-0.31,0.08,-0.32,-0.75
2024-03-25 16:57:55.8930,0.72,-0.67,-1.35,0.1,-0.1,-0.67
2024-03-25 16:57:55.9030,0.39,-0.27,-2.36,0.06,0.08,-0.58
2024-03-25 16:57:55.9120,0.23,-0.12,-3.02,0.02,0.19,-0.5
2024-03-25 16:57:55.9220,0.19,-0.12,-3.26,-0.01,0.2,-0.48
2024-03-25 16:57:55.9330,0.23,-0.26,-3.23,-0.02,0.13,-0.5
2024-03-25 16:57:55.9430,0.19,-0.46,-3.25,-0.03,0.02,-0.52
2024-03-25 16:57:55.9530,0.14,-0.59,-3.41,-0.08,-0.11,-0.58
2024-03-25 16:57:55.9630,0.09,-0.84,-3.75,-0.15,-0.18,-0.62
2024-03-25 16:57:55.9720,0.06,-0.86,-3.82,-0.2,-0.16,-0.63
2024-03-25 16:57:55.9820,0.0,-0.89,-3.63,-0.21,-0.07,-0.62
2024-03-25 16:57:55.9930,-0.07,-0.87,-3.41,-0.22,0.03,-0.59
2024-03-25 16:57:56.0020,-0.23,-0.87,-3.34,-0.22,0.12,-0.55
2024-03-25 16:57:56.0120,-0.37,-0.85,-3.26,-0.23,0.16,-0.52
2024-03-25 16:57:56.0230,-0.58,-0.92,-3.1,-0.26,0.15,-0.48
2024-03-25 16:57:56.0320,-0.87,-0.92,-2.95,-0.29,0.1,-0.43
2024-03-25 16:57:56.0420,-0.98,-0.83,-2.66,-0.31,0.04,-0.41
2024-03-25 16:57:56.0520,-0.82,-0.75,-2.37,-0.35,0.0,-0.42
2024-03-25 16:57:56.0620,-0.66,-0.55,-2.29,-0.42,0.01,-0.4
2024-03-25 16:57:56.0720,-0.69,-0.17,-2.2,-0.5,0.05,-0.34
2024-03-25 16:57:56.0820,-0.85,0.2,-1.87,-0.55,0.13,-0.25
2024-03-25 16:57:56.0920,-0.99,0.43,-1.22,-0.51,0.28,-0.16
2024-03-25 16:57:56.1020,-0.98,0.62,-0.36,-0.44,0.41,-0.06
2024-03-25 16:57:56.1120,-0.94,0.72,0.4,-0.32,0.51,0.02
2024-03-25 16:57:56.1220,-0.82,0.86,1.36,-0.16,0.54,0.05
2024-03-25 16:57:56.1330,-0.59,0.97,2.08,-0.06,0.52,0.04
2024-03-25 16:57:56.1420,-0.4,1.17,2.28,-0.04,0.47,0.03
2024-03-25 16:57:56.1530,-0.23,1.49,2.33,-0.05,0.42,0.02
2024-03-25 16:57:56.1620,-0.21,1.85,2.64,-0.05,0.4,0.06
2024-03-25 16:57:56.1730,-0.32,2.11,3.11,-0.03,0.4,0.14
2024-03-25 16:57:56.1820,-0.46,2.27,3.68,0.05,0.4,0.23
2024-03-25 16:57:56.1930,-0.43,2.39,4.34,0.18,0.39,0.3
2024-03-25 16:57:56.2030,-0.25,2.42,4.78,0.3,0.34,0.33
2024-03-25 16:57:56.2120,0.12,2.51,5.04,0.38,0.32,0.34
2024-03-25 16:57:56.2220,0.3,2.49,4.97,0.35,0.33,0.39
2024-03-25 16:57:56.2320,0.12,2.14,4.73,0.24,0.38,0.5
2024-03-25 16:57:56.2420,-0.28,1.6,4.9,0.13,0.39,0.67
2024-03-25 16:57:56.2530,-0.62,0.88,5.58,0.08,0.35,0.83
2024-03-25 16:57:56.2620,-0.5,-0.14,6.3,0.15,0.24,0.91
2024-03-25 16:57:56.2720,0.17,-1.35,6.88,0.35,0.08,0.84
2024-03-25 16:57:56.2820,1.08,-2.55,6.96,0.58,-0.13,0.64
2024-03-25 16:57:56.2920,1.78,-3.59,6.22,0.77,-0.3,0.38
2024-03-25 16:57:56.3020,2.18,-4.09,5.0,0.9,-0.36,0.13
2024-03-25 16:57:56.3120,2.08,-4.38,3.69,1.02,-0.31,-0.07
2024-03-25 16:57:56.3220,1.74,-4.4,2.48,1.15,-0.2,-0.21
2024-03-25 16:57:56.3320,1.27,-4.22,1.46,1.28,-0.1,-0.3
2024-03-25 16:57:56.3420,0.74,-4.07,0.37,1.35,-0.04,-0.38
2024-03-25 16:57:56.3520,0.27,-3.88,-0.96,1.34,-0.03,-0.45
2024-03-25 16:57:56.3620,-0.1,-3.64,-2.27,1.26,-0.03,-0.47
2024-03-25 16:57:56.3720,-0.57,-3.39,-3.48,1.11,0.02,-0.45
2024-03-25 16:57:56.3820,-1.01,-3.2,-4.65,0.93,0.11,-0.39
2024-03-25 16:57:56.3920,-1.27,-2.98,-5.48,0.75,0.17,-0.34
2024-03-25 16:57:56.4020,-1.25,-2.82,-5.99,0.58,0.18,-0.31
2024-03-25 16:57:56.4120,-1.19,-2.66,-6.41,0.41,0.12,-0.31
2024-03-25 16:57:56.4220,-1.15,-2.49,-6.78,0.21,0.0,-0.32
2024-03-25 16:57:56.4330,-1.18,-2.22,-7.12,-0.06,-0.16,-0.33
2024-03-25 16:57:56.4420,-1.22,-1.85,-7.49,-0.36,-0.27,-0.32
2024-03-25 16:57:56.4520,-1.24,-1.39,-7.61,-0.69,-0.3,-0.26
2024-03-25 16:57:56.4620,-1.43,-0.86,-7.18,-0.94,-0.25,-0.11
2024-03-25 16:57:56.4720,-1.78,-0.49,-6.14,-1.07,-0.1,0.06
2024-03-25 16:57:56.4820,-1.86,-0.26,-4.71,-1.09,0.05,0.24
2024-03-25 16:57:56.4920,-1.71,-0.22,-3.3,-1.03,0.15,0.35
2024-03-25 16:57:56.5020,-1.35,-0.17,-2.12,-0.95,0.14,0.39
2024-03-25 16:57:56.5120,-0.94,-0.14,-1.37,-0.9,0.1,0.38
2024-03-25 16:57:56.5220,-0.52,-0.14,-0.76,-0.84,0.02,0.34
2024-03-25 16:57:56.5320,-0.2,-0.06,-0.13,-0.8,-0.09,0.27
2024-03-25 16:57:56.5420,-0.03,0.15,0.24,-0.8,-0.18,0.22
2024-03-25 16:57:56.5520,-0.01,0.36,0.47,-0.81,-0.23,0.21
2024-03-25 16:57:56.5620,-0.04,0.55,0.71,-0.82,-0.23,0.22
2024-03-25 16:57:56.5720,0.02,0.71,0.98,-0.8,-0.21,0.22
2024-03-25 16:57:56.5820,0.26,0.82,1.33,-0.73,-0.17,0.19
2024-03-25 16:57:56.5920,0.52,0.83,1.65,-0.61,-0.11,0.12
2024-03-25 16:57:56.6020,0.73,0.92,1.89,-0.45,-0.05,0.05
2024-03-25 16:57:56.6120,0.79,0.97,2.11,-0.28,-0.01,-0.02
2024-03-25 16:57:56.6220,0.68,1.0,2.26,-0.13,-0.02,-0.1
2024-03-25 16:57:56.6320,0.65,1.13,2.12,-0.05,-0.05,-0.17
2024-03-25 16:57:56.6420,0.53,1.25,1.67,-0.01,-0.06,-0.22
2024-03-25 16:57:56.6520,0.34,1.35,1.37,0.02,-0.06,-0.25
2024-03-25 16:57:56.6620,0.22,1.43,1.32,0.06,-0.05,-0.27
2024-03-25 16:57:56.6720,0.01,1.47,1.18,0.1,-0.04,-0.26
2024-03-25 16:57:56.6820,-0.18,1.41,1.12,0.15,-0.03,-0.25
2024-03-25 16:57:56.6920,-0.31,1.31,1.03,0.19,-0.02,-0.24
2024-03-25 16:57:56.7020,-0.41,1.11,0.99,0.25,-0.05,-0.23
2024-03-25 16:57:56.7120,-0.45,0.93,1.26,0.32,-0.1,-0.25
2024-03-25 16:57:56.7220,-0.39,0.81,1.34,0.36,-0.15,-0.28
2024-03-25 16:57:56.7330,-0.34,0.77,1.14,0.37,-0.2,-0.3
2024-03-25 16:57:56.7420,-0.42,0.81,0.88,0.35,-0.23,-0.3
2024-03-25 16:57:56.7520,-0.56,0.86,0.68,0.34,-0.21,-0.29
2024-03-25 16:57:56.7620,-0.67,0.9,0.58,0.31,-0.17,-0.28
2024-03-25 16:57:56.7720,-0.67,1.0,0.45,0.28,-0.11,-0.28
2024-03-25 16:57:56.7820,-0.59,1.14,0.39,0.23,-0.05,-0.28
2024-03-25 16:57:56.7920,-0.5,1.35,0.45,0.17,0.04,-0.23
2024-03-25 16:57:56.8020,-0.55,1.36,0.64,0.08,0.18,-0.15
2024-03-25 16:57:56.8120,-0.7,0.99,0.89,-0.04,0.37,-0.02
2024-03-25 16:57:56.8220,-0.82,0.38,1.44,-0.12,0.52,0.08
2024-03-25 16:57:56.8320,-0.74,-0.25,2.31,-0.14,0.59,0.11
2024-03-25 16:57:56.8420,-0.46,-0.88,3.11,-0.12,0.54,0.05
2024-03-25 16:57:56.8520,-0.1,-1.37,3.67,-0.05,0.39,-0.11
2024-03-25 16:57:56.8620,0.16,-1.53,3.87,0.05,0.18,-0.26
2024-03-25 16:57:56.8720,0.0,-1.58,3.82,0.21,0.0,-0.36
2024-03-25 16:57:56.8820,-0.18,-1.25,3.65,0.37,-0.11,-0.37
2024-03-25 16:57:56.8920,-0.28,-0.98,2.96,0.49,-0.2,-0.36
2024-03-25 16:57:56.9020,-0.1,-0.77,1.8,0.53,-0.28,-0.35
2024-03-25 16:57:56.9120,0.17,-0.58,0.47,0.5,-0.34,-0.32
2024-03-25 16:57:56.9220,0.35,-0.53,-0.69,0.43,-0.36,-0.26
2024-03-25 16:57:56.9320,0.53,-0.51,-1.56,0.35,-0.32,-0.2
2024-03-25 16:57:56.9420,0.71,-0.57,-2.12,0.24,-0.22,-0.12
2024-03-25 16:57:56.9520,0.96,-0.68,-2.51,0.14,-0.12,-0.07
2024-03-25 16:57:56.9620,1.26,-0.78,-2.68,0.04,-0.02,-0.03
2024-03-25 16:57:56.9720,1.49,-0.89,-2.77,-0.07,0.07,-0.0
2024-03-25 16:57:56.9820,1.61,-1.02,-2.79,-0.17,0.15,0.02
2024-03-25 16:57:56.9920,1.66,-1.15,-2.69,-0.28,0.2,0.05
2024-03-25 16:57:57.0020,1.61,-1.38,-2.4,-0.35,0.22,0.07
2024-03-25 16:57:57.0120,1.59,-1.61,-1.82,-0.34,0.19,0.07
2024-03-25 16:57:57.0220,1.75,-1.81,-1.21,-0.29,0.1,0.01
2024-03-25 16:57:57.0320,2.06,-2.0,-0.84,-0.22,-0.02,-0.11
2024-03-25 16:57:57.0420,2.43,-2.05,-0.85,-0.17,-0.12,-0.26
2024-03-25 16:57:57.0520,2.68,-1.98,-1.21,-0.15,-0.16,-0.39
2024-03-25 16:57:57.0620,2.67,-1.8,-1.69,-0.15,-0.16,-0.48
2024-03-25 16:57:57.0720,2.44,-1.63,-2.1,-0.16,-0.12,-0.53
2024-03-25 16:57:57.0820,2.16,-1.4,-2.36,-0.19,-0.08,-0.55
2024-03-25 16:57:57.0920,1.87,-1.19,-2.55,-0.23,-0.02,-0.53
2024-03-25 16:57:57.1020,1.58,-1.01,-2.63,-0.28,0.0,-0.51
2024-03-25 16:57:57.1120,1.45,-0.86,-2.61,-0.32,0.0,-0.51
2024-03-25 16:57:57.1220,1.5,-0.81,-2.38,-0.33,-0.01,-0.55
2024-03-25 16:57:57.1320,1.59,-0.75,-2.09,-0.35,-0.0,-0.62
2024-03-25 16:57:57.1420,1.61,-0.66,-2.06,-0.4,0.01,-0.69
2024-03-25 16:57:57.1520,1.39,-0.49,-2.0,-0.48,0.02,-0.73
2024-03-25 16:57:57.1620,0.95,-0.3,-1.84,-0.56,0.02,-0.7
2024-03-25 16:57:57.1720,0.44,-0.05,-1.47,-0.61,0.01,-0.65
2024-03-25 16:57:57.1820,0.08,0.2,-1.0,-0.63,-0.01,-0.59
2024-03-25 16:57:57.1920,-0.02,0.37,-0.56,-0.59,-0.04,-0.57
2024-03-25 16:57:57.2020,0.03,0.47,0.08,-0.5,-0.07,-0.59
2024-03-25 16:57:57.2120,0.15,0.58,0.58,-0.38,-0.1,-0.63
2024-03-25 16:57:57.2220,0.25,0.72,0.74,-0.29,-0.11,-0.67
2024-03-25 16:57:57.2320,0.19,0.93,0.42,-0.26,-0.12,-0.68
2024-03-25 16:57:57.2420,-0.03,1.26,0.04,-0.24,-0.14,-0.66
2024-03-25 16:57:57.2520,-0.37,1.58,0.07,-0.2,-0.14,-0.6
2024-03-25 16:57:57.2620,-0.58,1.83,0.35,-0.15,-0.11,-0.53
2024-03-25 16:57:57.2720,-0.57,1.98,0.59,-0.09,-0.09,-0.48
2024-03-25 16:57:57.2820,-0.45,2.19,0.74,-0.08,-0.08,-0.43
2024-03-25 16:57:57.2920,-0.52,2.28,0.76,-0.08,-0.09,-0.38
2024-03-25 16:57:57.3020,-0.5,2.33,1.02,-0.06,-0.09,-0.34
2024-03-25 16:57:57.3120,-0.41,2.33,1.44,-0.01,-0.07,-0.31
2024-03-25 16:57:57.3220,-0.35,2.25,1.96,0.11,-0.06,-0.29
2024-03-25 16:57:57.3320,-0.18,2.17,2.51,0.25,-0.05,-0.31
2024-03-25 16:57:57.3430,0.03,2.12,2.64,0.36,-0.04,-0.33
2024-03-25 16:57:57.3520,0.17,2.13,2.39,0.41,-0.02,-0.35
2024-03-25 16:57:57.3620,0.16,2.22,1.83,0.37,-0.01,-0.32
2024-03-25 16:57:57.3720,-0.01,2.33,1.28,0.27,0.0,-0.27
2024-03-25 16:57:57.3820,-0.23,2.37,1.14,0.2,0.04,-0.18
2024-03-25 16:57:57.3920,-0.38,2.34,1.44,0.14,0.08,-0.08
2024-03-25 16:57:57.4020,-0.41,2.19,1.8,0.13,0.11,-0.01
2024-03-25 16:57:57.4120,-0.29,1.96,2.38,0.19,0.18,0.01
2024-03-25 16:57:57.4220,-0.04,1.59,3.01,0.26,0.24,-0.02
2024-03-25 16:57:57.4320,0.17,1.32,3.37,0.35,0.3,-0.05
2024-03-25 16:57:57.4420,0.01,1.17,3.57,0.4,0.32,-0.05
2024-03-25 16:57:57.4520,-0.35,1.09,3.42,0.39,0.28,-0.02
2024-03-25 16:57:57.4620,-0.55,1.24,3.18,0.31,0.22,0.08
2024-03-25 16:57:57.4720,-0.98,1.13,2.8,0.18,0.16,0.26
2024-03-25 16:57:57.4820,-1.27,0.56,2.53,0.08,0.13,0.45
2024-03-25 16:57:57.4920,-1.15,-0.44,2.78,0.13,0.1,0.56
2024-03-25 16:57:57.5020,-0.5,-1.61,3.25,0.3,0.04,0.54
2024-03-25 16:57:57.5120,0.4,-2.57,3.23,0.49,-0.07,0.38
2024-03-25 16:57:57.5220,1.13,-3.24,2.53,0.58,-0.13,0.18
2024-03-25 16:57:57.5320,1.27,-3.52,1.34,0.57,-0.13,0.03
2024-03-25 16:57:57.5420,1.05,-3.41,0.21,0.51,-0.1,-0.05
2024-03-25 16:57:57.5520,0.45,-3.11,-0.46,0.44,-0.07,-0.03
2024-03-25 16:57:57.5620,-0.29,-2.84,-0.81,0.39,-0.04,0.03
2024-03-25 16:57:57.5720,-0.84,-2.73,-1.14,0.35,-0.02,0.08
2024-03-25 16:57:57.5820,-1.06,-2.66,-1.53,0.3,-0.02,0.1
2024-03-25 16:57:57.5920,-1.08,-2.5,-2.09,0.22,-0.07,0.09
2024-03-25 16:57:57.6020,-0.99,-2.19,-2.73,0.11,-0.16,0.07
2024-03-25 16:57:57.6120,-0.92,-1.78,-3.39,-0.01,-0.26,0.06
2024-03-25 16:57:57.6220,-0.92,-1.34,-3.95,-0.13,-0.33,0.08
2024-03-25 16:57:57.6320,-0.85,-0.96,-4.41,-0.24,-0.34,0.12
2024-03-25 16:57:57.6420,-0.71,-0.66,-4.53,-0.32,-0.3,0.16
2024-03-25 16:57:57.6520,-0.5,-0.44,-4.56,-0.41,-0.21,0.22
2024-03-25 16:57:57.6620,-0.24,-0.25,-4.58,-0.46,-0.12,0.24
2024-03-25 16:57:57.6720,0.01,-0.16,-4.45,-0.51,0.01,0.26
2024-03-25 16:57:57.6820,0.22,-0.09,-4.31,-0.53,0.14,0.26
2024-03-25 16:57:57.6920,0.33,-0.06,-3.91,-0.53,0.22,0.25
2024-03-25 16:57:57.7020,0.32,-0.01,-3.4,-0.52,0.24,0.24
2024-03-25 16:57:57.7120,0.31,0.05,-2.78,-0.51,0.17,0.21
2024-03-25 16:57:57.7220,0.38,0.11,-2.32,-0.52,0.08,0.19
2024-03-25 16:57:57.7320,0.49,0.19,-2.09,-0.53,0.02,0.16
2024-03-25 16:57:57.7420,0.66,0.34,-1.79,-0.56,0.02,0.15
2024-03-25 16:57:57.7520,0.72,0.48,-1.51,-0.57,0.08,0.15
2024-03-25 16:57:57.7620,0.79,0.62,-1.13,-0.58,0.14,0.16
2024-03-25 16:57:57.7720,0.91,0.72,-0.77,-0.56,0.19,0.15
2024-03-25 16:57:57.7820,1.02,0.77,-0.21,-0.49,0.19,0.12
2024-03-25 16:57:57.7920,1.1,0.72,0.43,-0.39,0.15,0.06
2024-03-25 16:57:57.8020,1.28,0.69,0.76,-0.3,0.09,-0.03
2024-03-25 16:57:57.8120,1.3,0.7,0.97,-0.21,0.03,-0.12
2024-03-25 16:57:57.8220,1.12,0.89,1.28,-0.12,-0.0,-0.19
2024-03-25 16:57:57.8320,0.68,1.07,1.61,-0.02,-0.03,-0.19
2024-03-25 16:57:57.8420,0.09,1.29,1.89,0.07,-0.05,-0.16
2024-03-25 16:57:57.8520,-0.34,1.42,1.96,0.13,-0.07,-0.1
2024-03-25 16:57:57.8620,-0.45,1.5,1.99,0.17,-0.12,-0.05
2024-03-25 16:57:57.8720,-0.42,1.45,1.89,0.15,-0.19,-0.03
2024-03-25 16:57:57.8820,-0.32,1.36,1.72,0.14,-0.25,-0.03
2024-03-25 16:57:57.8920,-0.13,1.31,1.77,0.17,-0.27,-0.07
2024-03-25 16:57:57.9020,-0.04,1.3,1.98,0.23,-0.24,-0.12
2024-03-25 16:57:57.9120,-0.05,1.35,2.15,0.29,-0.15,-0.18
2024-03-25 16:57:57.9220,-0.1,1.48,2.3,0.32,-0.03,-0.21
2024-03-25 16:57:57.9320,-0.3,1.63,2.37,0.31,0.08,-0.21
2024-03-25 16:57:57.9420,-0.55,1.78,2.46,0.29,0.12,-0.18
2024-03-25 16:57:57.9520,-0.65,1.84,2.73,0.27,0.05,-0.18
2024-03-25 16:57:57.9620,-0.52,1.85,2.96,0.24,-0.09,-0.2
2024-03-25 16:57:57.9720,-0.36,1.85,3.11,0.25,-0.26,-0.25
2024-03-25 16:57:57.9820,0.02,2.01,3.29,0.32,-0.39,-0.33
2024-03-25 16:57:57.9920,0.64,2.35,3.36,0.39,-0.35,-0.39
2024-03-25 16:57:58.0020,1.01,2.54,2.98,0.37,-0.11,-0.35
2024-03-25 16:57:58.0120,0.92,2.39,2.41,0.31,0.19,-0.19
2024-03-25 16:57:58.0220,0.49,1.8,2.5,0.32,0.39,-0.06
2024-03-25 16:57:58.0320,0.53,0.7,3.25,0.41,0.42,-0.05
2024-03-25 16:57:58.0420,1.09,-0.47,3.67,0.53,0.27,-0.15
2024-03-25 16:57:58.0520,1.76,-1.27,3.61,0.66,0.02,-0.33
2024-03-25 16:57:58.0620,2.3,-1.68,3.3,0.78,-0.15,-0.49
2024-03-25 16:57:58.0720,2.49,-1.85,2.64,0.86,-0.18,-0.58
2024-03-25 16:57:58.0820,2.34,-1.81,1.84,0.9,-0.12,-0.58
2024-03-25 16:57:58.0920,2.01,-1.62,1.08,0.9,-0.04,-0.51
2024-03-25 16:57:58.1020,1.74,-1.43,0.39,0.87,0.03,-0.43
2024-03-25 16:57:58.1120,1.66,-1.32,-0.22,0.8,0.11,-0.35
2024-03-25 16:57:58.1220,1.62,-1.34,-0.76,0.68,0.18,-0.29
2024-03-25 16:57:58.1320,1.49,-1.43,-1.3,0.5,0.24,-0.22
2024-03-25 16:57:58.1420,1.14,-1.61,-1.76,0.28,0.23,-0.13
2024-03-25 16:57:58.1520,0.57,-1.87,-1.99,0.06,0.14,-0.06
2024-03-25 16:57:58.1620,0.15,-2.07,-2.01,-0.14,-0.04,-0.02
2024-03-25 16:57:58.1710,-0.02,-2.22,-1.95,-0.28,-0.21,-0.01
2024-03-25 16:57:58.1820,-0.02,-2.34,-1.87,-0.33,-0.32,-0.04
2024-03-25 16:57:58.1910,0.25,-2.39,-1.8,-0.28,-0.34,-0.13
2024-03-25 16:57:58.2010,0.68,-2.37,-1.75,-0.17,-0.28,-0.25
2024-03-25 16:57:58.2120,0.93,-2.3,-1.9,-0.05,-0.16,-0.35
2024-03-25 16:57:58.2210,0.69,-2.08,-2.46,0.0,-0.04,-0.39
2024-03-25 16:57:58.2310,0.27,-1.75,-3.31,-0.04,0.01,-0.38
2024-03-25 16:57:58.2420,-0.28,-1.29,-4.16,-0.16,-0.03,-0.34
2024-03-25 16:57:58.2510,-0.59,-0.85,-4.58,-0.25,-0.14,-0.32
2024-03-25 16:57:58.2620,-0.51,-0.52,-4.47,-0.3,-0.21,-0.32
2024-03-25 16:57:58.2710,-0.2,-0.22,-4.31,-0.34,-0.15,-0.33
2024-03-25 16:57:58.2820,0.02,0.03,-4.47,-0.37,-0.01,-0.32
2024-03-25 16:57:58.2910,-0.07,0.19,-4.48,-0.39,0.17,-0.26
2024-03-25 16:57:58.3010,-0.47,0.22,-4.04,-0.39,0.36,-0.15
2024-03-25 16:57:58.3110,-0.96,0.38,-3.37,-0.41,0.47,-0.05
2024-03-25 16:57:58.3210,-1.16,0.55,-3.02,-0.45,0.49,0.06
2024-03-25 16:57:58.3310,-1.21,0.78,-2.49,-0.44,0.35,0.14
2024-03-25 16:57:58.3420,-1.24,0.91,-1.62,-0.42,0.12,0.2
2024-03-25 16:57:58.3520,-0.95,1.05,-1.1,-0.38,-0.1,0.21
2024-03-25 16:57:58.3610,-0.58,1.03,-1.03,-0.36,-0.22,0.2
2024-03-25 16:57:58.3710,-0.13,1.0,-1.13,-0.33,-0.25,0.18
2024-03-25 16:57:58.3810,0.21,1.03,-1.1,-0.27,-0.2,0.16
2024-03-25 16:57:58.3910,0.37,1.09,-1.01,-0.2,-0.09,0.17
2024-03-25 16:57:58.4010,0.56,1.27,-0.88,-0.14,0.06,0.18
2024-03-25 16:57:58.4110,0.78,1.44,-0.74,-0.14,0.23,0.22
2024-03-25 16:57:58.4220,0.83,1.56,-0.59,-0.19,0.38,0.27
2024-03-25 16:57:58.4310,0.81,1.63,-0.05,-0.27,0.48,0.3
2024-03-25 16:57:58.4410,0.77,1.51,0.76,-0.36,0.5,0.32
2024-03-25 16:57:58.4510,0.62,1.35,1.75,-0.42,0.49,0.34
2024-03-25 16:57:58.4620,0.44,1.13,2.89,-0.41,0.44,0.32
2024-03-25 16:57:58.4710,0.41,0.83,3.98,-0.31,0.31,0.26
2024-03-25 16:57:58.4820,0.55,0.64,4.76,-0.11,0.15,0.15
2024-03-25 16:57:58.4910,0.78,0.6,5.48,0.15,0.05,0.01
2024-03-25 16:57:58.5010,1.03,0.57,5.69,0.4,0.03,-0.14
2024-03-25 16:57:58.5110,1.16,0.68,5.43,0.61,0.04,-0.24
2024-03-25 16:57:58.5210,1.05,1.13,4.79,0.68,0.08,-0.28
2024-03-25 16:57:58.5320,0.47,1.39,3.75,0.49,0.13,-0.18
2024-03-25 16:57:58.5410,-1.0,1.1,2.36,0.06,0.19,0.12
2024-03-25 16:57:58.5520,-2.79,0.25,1.82,-0.24,0.14,0.55
2024-03-25 16:57:58.5610,-3.2,-0.96,3.42,-0.12,-0.03,0.73
2024-03-25 16:57:58.5710,-1.66,-2.49,5.55,0.24,-0.21,0.6
2024-03-25 16:57:58.5810,0.14,-3.96,5.94,0.57,-0.29,0.3
2024-03-25 16:57:58.5910,0.96,-4.56,4.5,0.6,-0.33,0.05
2024-03-25 16:57:58.6010,0.61,-4.49,2.05,0.39,-0.41,-0.05
2024-03-25 16:57:58.6110,-0.3,-3.99,0.3,0.08,-0.47,0.0
2024-03-25 16:57:58.6210,-1.43,-3.65,-0.44,-0.15,-0.45,0.12
2024-03-25 16:57:58.6310,-2.04,-3.41,-0.49,-0.31,-0.36,0.25
2024-03-25 16:57:58.6410,-2.01,-3.33,-0.52,-0.42,-0.23,0.31
2024-03-25 16:57:58.6510,-1.69,-3.25,-0.6,-0.51,-0.14,0.29
2024-03-25 16:57:58.6610,-1.22,-2.98,-0.72,-0.53,-0.16,0.2
2024-03-25 16:57:58.6710,-0.97,-2.48,-0.7,-0.52,-0.22,0.13
2024-03-25 16:57:58.6810,-0.96,-1.8,-0.86,-0.52,-0.27,0.11
2024-03-25 16:57:58.6910,-1.06,-1.18,-1.41,-0.53,-0.24,0.14
2024-03-25 16:57:58.7010,-1.01,-0.59,-1.97,-0.52,-0.16,0.19
2024-03-25 16:57:58.7110,-0.93,-0.11,-2.45,-0.47,-0.05,0.25
2024-03-25 16:57:58.7210,-0.77,0.32,-2.78,-0.42,0.06,0.31
2024-03-25 16:57:58.7310,-0.68,0.66,-3.26,-0.38,0.13,0.36
2024-03-25 16:57:58.7420,-0.61,0.9,-3.66,-0.36,0.17,0.41
2024-03-25 16:57:58.7510,-0.52,1.01,-3.91,-0.32,0.19,0.45
2024-03-25 16:57:58.7610,-0.29,1.08,-3.85,-0.25,0.2,0.47
2024-03-25 16:57:58.7710,-0.08,1.08,-3.71,-0.17,0.17,0.46
2024-03-25 16:57:58.7810,0.15,1.05,-3.64,-0.12,0.12,0.44
2024-03-25 16:57:58.7910,0.27,0.99,-3.75,-0.11,0.06,0.44
2024-03-25 16:57:58.8010,0.24,1.01,-3.87,-0.16,0.01,0.46
2024-03-25 16:57:58.8110,0.34,1.04,-4.02,-0.26,-0.03,0.48
2024-03-25 16:57:58.8210,0.52,1.02,-3.94,-0.36,-0.03,0.49
2024-03-25 16:57:58.8310,0.69,0.93,-3.51,-0.42,-0.01,0.48
2024-03-25 16:57:58.8410,0.81,0.74,-2.8,-0.44,0.07,0.47
2024-03-25 16:57:58.8510,0.84,0.55,-1.83,-0.37,0.12,0.45
2024-03-25 16:57:58.8610,0.95,0.41,-0.74,-0.24,0.17,0.38
2024-03-25 16:57:58.8710,1.25,0.35,0.17,-0.11,0.12,0.27
2024-03-25 16:57:58.8810,1.43,0.36,0.63,-0.02,0.04,0.15
2024-03-25 16:57:58.8910,1.45,0.47,0.77,-0.01,-0.06,0.04
2024-03-25 16:57:58.9010,1.33,0.6,0.79,-0.01,-0.11,-0.03
2024-03-25 16:57:58.9110,1.03,0.8,1.07,-0.01,-0.14,-0.06
2024-03-25 16:57:58.9210,0.68,0.96,1.57,0.03,-0.13,-0.06
2024-03-25 16:57:58.9310,0.46,1.08,2.14,0.08,-0.11,-0.06
2024-03-25 16:57:58.9410,0.42,1.14,2.67,0.16,-0.08,-0.1
2024-03-25 16:57:58.9510,0.4,1.16,3.11,0.27,-0.09,-0.15
2024-03-25 16:57:58.9610,0.34,1.09,3.56,0.4,-0.15,-0.23
2024-03-25 16:57:58.9710,0.28,1.05,3.84,0.52,-0.22,-0.33
2024-03-25 16:57:58.9810,0.2,1.11,3.73,0.61,-0.28,-0.4
2024-03-25 16:57:58.9910,-0.06,1.17,3.57,0.71,-0.34,-0.44
2024-03-25 16:57:59.0010,-0.29,1.19,3.45,0.81,-0.41,-0.48
2024-03-25 16:57:59.0110,-0.35,1.21,3.17,0.91,-0.47,-0.53
2024-03-25 16:57:59.0210,-0.13,1.25,2.71,0.98,-0.52,-0.62
2024-03-25 16:57:59.0310,0.15,1.34,2.2,1.05,-0.58,-0.73
2024-03-25 16:57:59.0410,0.54,1.67,1.78,1.05,-0.61,-0.81
2024-03-25 16:57:59.0510,0.66,2.16,1.1,0.97,-0.53,-0.77
2024-03-25 16:57:59.0610,0.37,2.32,0.47,0.77,-0.35,-0.57
2024-03-25 16:57:59.0710,-0.2,1.85,0.12,0.52,-0.08,-0.26
2024-03-25 16:57:59.0810,-0.61,0.77,0.55,0.4,0.16,-0.01
2024-03-25 16:57:59.0910,-0.42,-0.65,1.95,0.45,0.24,0.09
2024-03-25 16:57:59.1010,0.18,-2.05,3.08,0.55,0.13,0.03
2024-03-25 16:57:59.1110,1.03,-3.04,3.26,0.61,-0.13,-0.17
2024-03-25 16:57:59.1210,1.8,-3.45,2.75,0.61,-0.39,-0.4
2024-03-25 16:57:59.1310,2.01,-3.35,1.83,0.53,-0.5,-0.51
2024-03-25 16:57:59.1410,1.6,-2.88,0.79,0.42,-0.45,-0.49
2024-03-25 16:57:59.1510,1.08,-2.36,0.11,0.3,-0.24,-0.36
2024-03-25 16:57:59.1610,0.61,-1.97,-0.34,0.13,0.1,-0.18
2024-03-25 16:57:59.1710,0.22,-1.86,-0.71,-0.12,0.41,0.02
2024-03-25 16:57:59.1810,-0.16,-2.06,-0.94,-0.42,0.57,0.19
2024-03-25 16:57:59.1910,-0.52,-2.49,-0.61,-0.66,0.57,0.3
2024-03-25 16:57:59.2010,-0.69,-2.94,0.24,-0.75,0.47,0.34
2024-03-25 16:57:59.2110,-0.47,-3.27,1.16,-0.7,0.27,0.23
2024-03-25 16:57:59.2210,0.13,-3.19,1.55,-0.6,0.08,0.02
2024-03-25 16:57:59.2310,0.59,-2.67,1.34,-0.47,-0.02,-0.15
2024-03-25 16:57:59.2410,0.59,-1.91,0.83,-0.29,-0.03,-0.27
2024-03-25 16:57:59.2510,0.28,-1.13,0.31,-0.13,0.02,-0.31
2024-03-25 16:57:59.2610,-0.05,-0.4,-0.51,-0.03,0.09,-0.29
2024-03-25 16:57:59.2710,-0.3,0.2,-1.66,0.01,0.13,-0.26
2024-03-25 16:57:59.2810,-0.31,0.61,-2.62,0.03,0.16,-0.23
2024-03-25 16:57:59.2910,-0.2,0.86,-3.23,0.04,0.15,-0.22
2024-03-25 16:57:59.3010,-0.18,0.91,-3.56,0.05,0.13,-0.21
2024-03-25 16:57:59.3110,-0.22,0.82,-3.81,0.03,0.11,-0.18
2024-03-25 16:57:59.3210,-0.36,0.53,-3.81,0.04,0.1,-0.15
2024-03-25 16:57:59.3310,-0.42,0.25,-3.48,0.06,0.08,-0.13
2024-03-25 16:57:59.3410,-0.4,0.03,-3.19,0.07,0.05,-0.11
2024-03-25 16:57:59.3510,-0.44,-0.12,-2.98,0.1,-0.0,-0.09
2024-03-25 16:57:59.3610,-0.32,-0.09,-2.84,0.13,-0.05,-0.09
2024-03-25 16:57:59.3710,-0.03,-0.01,-2.8,0.15,-0.08,-0.1
2024-03-25 16:57:59.3810,0.22,0.22,-2.72,0.16,-0.12,-0.11
2024-03-25 16:57:59.3910,0.36,0.4,-2.69,0.15,-0.14,-0.1
2024-03-25 16:57:59.4010,0.37,0.49,-2.56,0.14,-0.15,-0.1
2024-03-25 16:57:59.4110,0.24,0.52,-2.27,0.12,-0.14,-0.04
2024-03-25 16:57:59.4210,-0.17,0.52,-1.99,0.08,-0.09,0.05
2024-03-25 16:57:59.4310,-0.38,0.43,-1.64,0.09,-0.02,0.13
2024-03-25 16:57:59.4410,-0.18,0.25,-0.86,0.14,0.11,0.17
2024-03-25 16:57:59.4510,0.22,0.03,-0.02,0.18,0.28,0.17
2024-03-25 16:57:59.4610,0.46,-0.26,0.59,0.19,0.42,0.16
2024-03-25 16:57:59.4710,0.44,-0.46,1.22,0.19,0.46,0.14
2024-03-25 16:57:59.4810,0.34,-0.61,2.0,0.18,0.42,0.07
2024-03-25 16:57:59.4910,0.23,-0.73,2.56,0.16,0.32,0.0
2024-03-25 16:57:59.5010,0.07,-0.72,2.95,0.2,0.17,-0.06
2024-03-25 16:57:59.5110,0.05,-0.36,3.44,0.27,0.04,-0.1
2024-03-25 16:57:59.5210,0.12,0.28,3.58,0.27,0.0,-0.1
2024-03-25 16:57:59.5310,-0.11,0.79,2.84,0.06,0.1,0.01
2024-03-25 16:57:59.5410,-0.78,0.8,1.81,-0.27,0.28,0.22
2024-03-25 16:57:59.5510,-1.67,0.35,1.83,-0.54,0.42,0.46
2024-03-25 16:57:59.5610,-2.01,-0.59,3.14,-0.55,0.47,0.6
2024-03-25 16:57:59.5710,-1.39,-1.87,5.29,-0.27,0.46,0.49
2024-03-25 16:57:59.5810,-0.09,-2.99,7.01,0.16,0.31,0.16
2024-03-25 16:57:59.5910,0.85,-3.49,7.11,0.45,0.16,-0.15
2024-03-25 16:57:59.6010,0.5,-3.49,5.56,0.46,0.12,-0.28
2024-03-25 16:57:59.6110,-0.59,-3.12,3.4,0.42,0.12,-0.28
2024-03-25 16:57:59.6210,-1.38,-2.61,2.38,0.44,0.17,-0.21
2024-03-25 16:57:59.6310,-1.78,-2.22,1.85,0.51,0.28,-0.09
2024-03-25 16:57:59.6410,-1.92,-1.77,1.14,0.53,0.41,0.01
2024-03-25 16:57:59.6510,-1.73,-1.39,0.01,0.46,0.48,0.05
2024-03-25 16:57:59.6610,-1.42,-0.98,-1.15,0.3,0.47,0.08
2024-03-25 16:57:59.6710,-1.4,-0.62,-2.07,0.06,0.36,0.11
2024-03-25 16:57:59.6810,-1.52,-0.32,-2.77,-0.22,0.21,0.18
2024-03-25 16:57:59.6910,-1.65,-0.11,-3.0,-0.44,0.06,0.29
2024-03-25 16:57:59.7010,-1.73,-0.09,-2.57,-0.53,-0.05,0.4
2024-03-25 16:57:59.7110,-1.52,-0.13,-1.79,-0.54,-0.09,0.49
2024-03-25 16:57:59.7210,-0.97,-0.2,-1.45,-0.53,-0.05,0.52
2024-03-25 16:57:59.7310,-0.3,-0.32,-1.44,-0.5,0.01,0.5
2024-03-25 16:57:59.7410,0.23,-0.44,-1.29,-0.42,0.07,0.43
2024-03-25 16:57:59.7510,0.57,-0.5,-1.05,-0.31,0.11,0.34
2024-03-25 16:57:59.7610,0.74,-0.52,-0.93,-0.18,0.12,0.25
2024-03-25 16:57:59.7710,0.8,-0.53,-0.99,-0.03,0.07,0.17
2024-03-25 16:57:59.7810,0.64,-0.47,-1.05,0.1,-0.02,0.12
2024-03-25 16:57:59.7910,0.43,-0.3,-1.32,0.19,-0.12,0.08
2024-03-25 16:57:59.8010,0.24,-0.14,-1.93,0.21,-0.19,0.07
2024-03-25 16:57:59.8110,0.13,-0.02,-2.67,0.21,-0.22,0.06
2024-03-25 16:57:59.8210,0.18,0.1,-3.21,0.21,-0.21,0.03
2024-03-25 16:57:59.8310,0.26,0.2,-3.51,0.2,-0.14,0.02
2024-03-25 16:57:59.8410,0.21,0.26,-3.74,0.2,-0.08,0.02
2024-03-25 16:57:59.8510,0.13,0.4,-3.71,0.21,-0.03,0.02
2024-03-25 16:57:59.8610,0.02,0.46,-3.57,0.22,-0.01,0.02
2024-03-25 16:57:59.8710,-0.11,0.48,-3.4,0.22,-0.02,0.03
2024-03-25 16:57:59.8810,-0.16,0.52,-3.29,0.21,-0.04,0.01
2024-03-25 16:57:59.8910,-0.22,0.51,-3.23,0.19,-0.06,0.01
2024-03-25 16:57:59.9010,-0.32,0.6,-3.13,0.17,-0.05,-0.01
2024-03-25 16:57:59.9110,-0.28,0.75,-2.97,0.15,-0.03,-0.02
2024-03-25 16:57:59.9210,-0.31,0.97,-2.81,0.12,0.0,-0.01
2024-03-25 16:57:59.9310,-0.43,1.2,-2.48,0.07,0.0,0.0
2024-03-25 16:57:59.9410,-0.49,1.35,-2.16,0.01,-0.01,0.02
2024-03-25 16:57:59.9510,-0.56,1.42,-1.78,-0.05,-0.01,0.04
2024-03-25 16:57:59.9610,-0.65,1.48,-1.26,-0.07,-0.01,0.07
2024-03-25 16:57:59.9710,-0.71,1.5,-0.61,-0.06,-0.03,0.07
2024-03-25 16:57:59.9810,-0.72,1.48,0.08,-0.05,-0.09,0.08
2024-03-25 16:57:59.9910,-0.75,1.49,0.6,-0.02,-0.14,0.07
2024-03-25 16:58:00.0010,-0.7,1.49,1.05,0.0,-0.17,0.05
2024-03-25 16:58:00.0110,-0.67,1.45,1.37,0.0,-0.16,0.05
2024-03-25 16:58:00.0210,-0.82,1.26,1.58,0.01,-0.14,0.05
2024-03-25 16:58:00.0310,-0.92,1.12,2.01,0.07,-0.15,0.04
2024-03-25 16:58:00.0410,-0.8,1.1,2.54,0.17,-0.2,-0.01
2024-03-25 16:58:00.0510,-0.5,1.14,2.79,0.3,-0.28,-0.1
2024-03-25 16:58:00.0610,-0.13,1.19,2.79,0.44,-0.38,-0.22
2024-03-25 16:58:00.0710,0.18,1.46,2.62,0.54,-0.48,-0.33
2024-03-25 16:58:00.0810,0.43,2.06,2.04,0.51,-0.52,-0.41
2024-03-25 16:58:00.0910,0.5,2.74,1.28,0.33,-0.43,-0.39
2024-03-25 16:58:00.1010,0.16,3.11,0.7,0.04,-0.19,-0.25
2024-03-25 16:58:00.1110,-0.52,3.09,0.82,-0.21,0.07,0.02
2024-03-25 16:58:00.1210,-1.01,2.82,2.08,-0.34,0.24,0.28
2024-03-25 16:58:00.1310,-1.17,1.76,3.62,-0.31,0.24,0.45
2024-03-25 16:58:00.1410,-0.72,0.38,4.9,-0.11,0.07,0.45
2024-03-25 16:58:00.1510,0.25,-0.83,5.74,0.19,-0.16,0.31
2024-03-25 16:58:00.1610,1.35,-1.51,5.38,0.38,-0.36,0.12
2024-03-25 16:58:00.1710,1.94,-1.7,3.56,0.36,-0.48,-0.0
2024-03-25 16:58:00.1810,1.82,-1.59,1.22,0.15,-0.51,-0.01
2024-03-25 16:58:00.1910,1.3,-1.32,-0.61,-0.12,-0.42,0.07
2024-03-25 16:58:00.2010,0.74,-1.13,-1.63,-0.45,-0.2,0.25
2024-03-25 16:58:00.2110,0.16,-1.16,-2.05,-0.72,0.01,0.44
2024-03-25 16:58:00.2210,-0.08,-1.53,-1.9,-0.94,0.17,0.55
2024-03-25 16:58:00.2310,-0.05,-2.06,-1.66,-1.11,0.29,0.6
2024-03-25 16:58:00.2410,0.09,-2.53,-1.54,-1.14,0.36,0.54
2024-03-25 16:58:00.2510,0.47,-2.72,-1.06,-1.02,0.38,0.39
2024-03-25 16:58:00.2610,0.96,-2.46,-0.65,-0.84,0.39,0.21
2024-03-25 16:58:00.2710,1.13,-2.01,-0.83,-0.67,0.42,0.06
2024-03-25 16:58:00.2810,0.96,-1.47,-1.4,-0.57,0.42,-0.03
2024-03-25 16:58:00.2910,0.52,-0.91,-2.28,-0.58,0.38,-0.04
2024-03-25 16:58:00.3010,-0.06,-0.48,-3.21,-0.63,0.32,-0.02
2024-03-25 16:58:00.3110,-0.33,-0.08,-3.65,-0.65,0.27,0.01
2024-03-25 16:58:00.3210,-0.24,0.16,-3.74,-0.61,0.27,0.03
2024-03-25 16:58:00.3310,-0.06,0.25,-3.63,-0.5,0.32,0.03
2024-03-25 16:58:00.3410,0.13,0.21,-3.39,-0.4,0.34,0.01
2024-03-25 16:58:00.3510,0.27,0.12,-3.34,-0.28,0.35,-0.03
2024-03-25 16:58:00.3610,0.31,0.14,-3.24,-0.26,0.33,-0.0
2024-03-25 16:58:00.3710,0.2,0.18,-3.37,-0.3,0.27,0.07
2024-03-25 16:58:00.3810,0.05,0.39,-3.16,-0.39,0.16,0.16
2024-03-25 16:58:00.3910,0.12,0.63,-2.91,-0.54,0.07,0.27
2024-03-25 16:58:00.4010,0.3,0.71,-2.65,-0.67,0.02,0.37
2024-03-25 16:58:00.4110,0.59,0.57,-1.91,-0.69,0.01,0.42
2024-03-25 16:58:00.4210,1.12,0.24,-0.7,-0.57,0.03,0.37
2024-03-25 16:58:00.4310,1.82,-0.14,0.65,-0.35,0.08,0.26
2024-03-25 16:58:00.4410,2.32,-0.44,1.84,-0.08,0.04,0.11
2024-03-25 16:58:00.4510,2.6,-0.55,2.69,0.12,-0.11,-0.09
2024-03-25 16:58:00.4610,2.83,-0.44,2.86,0.19,-0.31,-0.31
2024-03-25 16:58:00.4710,3.07,-0.1,2.59,0.18,-0.43,-0.51
2024-03-25 16:58:00.4810,2.9,0.29,2.35,0.13,-0.4,-0.62
2024-03-25 16:58:00.4910,2.42,0.65,2.37,0.15,-0.24,-0.66
2024-03-25 16:58:00.5010,1.87,0.96,2.83,0.25,0.01,-0.63
2024-03-25 16:58:00.5110,1.27,1.21,3.4,0.36,0.21,-0.58
2024-03-25 16:58:00.5210,0.76,1.33,3.67,0.47,0.28,-0.56
2024-03-25 16:58:00.5310,0.6,1.55,3.67,0.52,0.25,-0.57
2024-03-25 16:58:00.5410,0.38,1.73,3.42,0.49,0.17,-0.57
2024-03-25 16:58:00.5510,-0.15,1.83,3.14,0.41,0.05,-0.51
2024-03-25 16:58:00.5610,-0.91,1.97,3.06,0.28,-0.14,-0.4
2024-03-25 16:58:00.5710,-1.51,2.01,3.03,0.18,-0.3,-0.27
2024-03-25 16:58:00.5810,-1.76,1.93,3.23,0.2,-0.4,-0.15
2024-03-25 16:58:00.5910,-1.73,1.66,3.65,0.31,-0.43,-0.07
2024-03-25 16:58:00.6010,-1.58,1.45,3.72,0.36,-0.46,0.01
2024-03-25 16:58:00.6110,-1.94,1.14,2.88,0.21,-0.51,0.18
2024-03-25 16:58:00.6200,-2.8,0.42,1.58,-0.05,-0.59,0.4
2024-03-25 16:58:00.6310,-3.31,-0.59,1.0,-0.19,-0.58,0.63
2024-03-25 16:58:00.6410,-3.09,-1.74,1.74,-0.09,-0.51,0.73
2024-03-25 16:58:00.6510,-2.19,-2.97,2.69,0.15,-0.36,0.66
2024-03-25 16:58:00.6610,-1.12,-4.01,2.97,0.37,-0.17,0.5
2024-03-25 16:58:00.6710,-0.38,-4.43,2.45,0.47,-0.02,0.3
2024-03-25 16:58:00.6800,-0.38,-4.41,1.27,0.35,0.09,0.15
2024-03-25 16:58:00.6900,-0.92,-3.89,-0.2,0.05,0.17,0.1
2024-03-25 16:58:00.7000,-1.67,-3.17,-1.35,-0.29,0.25,0.17
2024-03-25 16:58:00.7100,-2.37,-2.49,-1.46,-0.56,0.39,0.3
2024-03-25 16:58:00.7200,-2.55,-1.91,-0.98,-0.7,0.58,0.45
2024-03-25 16:58:00.7310,-2.41,-1.44,-0.28,-0.71,0.71,0.56
2024-03-25 16:58:00.7400,-1.85,-1.03,0.15,-0.67,0.75,0.59
2024-03-25 16:58:00.7500,-1.01,-0.68,0.17,-0.6,0.68,0.54
2024-03-25 16:58:00.7600,-0.18,-0.29,-0.08,-0.55,0.54,0.44
2024-03-25 16:58:00.7700,0.43,0.03,-0.59,-0.48,0.36,0.34
2024-03-25 16:58:00.7800,0.76,0.34,-0.97,-0.41,0.24,0.26
2024-03-25 16:58:00.7900,0.95,0.55,-1.34,-0.3,0.18,0.2
2024-03-25 16:58:00.8000,1.08,0.67,-1.68,-0.17,0.18,0.18
2024-03-25 16:58:00.8100,0.93,0.74,-2.01,-0.05,0.21,0.21
2024-03-25 16:58:00.8200,0.79,0.76,-2.38,0.08,0.25,0.25
2024-03-25 16:58:00.8300,0.81,0.81,-2.68,0.21,0.28,0.3
2024-03-25 16:58:00.8400,0.8,0.78,-2.95,0.32,0.29,0.34
2024-03-25 16:58:00.8500,0.78,0.63,-3.39,0.33,0.28,0.4
2024-03-25 16:58:00.8600,0.79,0.58,-4.05,0.23,0.18,0.46
2024-03-25 16:58:00.8700,0.73,0.49,-4.5,0.08,-0.01,0.49
2024-03-25 16:58:00.8800,0.81,0.43,-4.54,-0.09,-0.16,0.49
2024-03-25 16:58:00.8900,1.18,0.34,-4.42,-0.23,-0.2,0.43
2024-03-25 16:58:00.9000,1.77,0.16,-3.98,-0.25,-0.13,0.28
2024-03-25 16:58:00.9100,2.36,0.06,-2.96,-0.15,0.01,0.11
2024-03-25 16:58:00.9200,2.45,0.02,-1.87,0.03,0.15,-0.02
2024-03-25 16:58:00.9300,2.07,0.07,-0.85,0.23,0.21,-0.11
2024-03-25 16:58:00.9400,1.64,0.26,-0.27,0.38,0.13,-0.19
2024-03-25 16:58:00.9500,1.17,0.47,-0.18,0.43,-0.03,-0.22
2024-03-25 16:58:00.9600,0.88,0.92,-0.36,0.37,-0.24,-0.23
2024-03-25 16:58:00.9700,0.72,1.37,-0.66,0.25,-0.4,-0.22
2024-03-25 16:58:00.9800,0.63,1.69,-0.77,0.13,-0.45,-0.17
2024-03-25 16:58:00.9900,0.46,1.88,-0.55,0.03,-0.39,-0.09
2024-03-25 16:58:01.0000,0.32,1.9,-0.07,0.0,-0.26,0.01
2024-03-25 16:58:01.0100,0.19,1.69,0.81,0.06,-0.11,0.09
2024-03-25 16:58:01.0200,0.19,1.21,1.9,0.17,0.02,0.1
2024-03-25 16:58:01.0300,0.2,0.5,2.84,0.28,0.09,0.04
2024-03-25 16:58:01.0400,0.29,-0.31,3.48,0.36,0.04,-0.12
2024-03-25 16:58:01.0500,0.45,-0.74,4.01,0.44,-0.15,-0.35
2024-03-25 16:58:01.0600,0.54,-0.54,4.55,0.56,-0.47,-0.59
2024-03-25 16:58:01.0700,0.43,0.13,4.71,0.63,-0.69,-0.72
2024-03-25 16:58:01.0800,0.08,0.89,4.1,0.52,-0.7,-0.66
2024-03-25 16:58:01.0900,-0.77,1.22,2.92,0.25,-0.57,-0.42
2024-03-25 16:58:01.1000,-1.63,1.0,2.22,0.08,-0.38,-0.1
2024-03-25 16:58:01.1100,-1.59,0.38,3.04,0.14,-0.25,0.09
2024-03-25 16:58:01.1200,-0.75,-0.67,4.27,0.29,-0.21,0.13
2024-03-25 16:58:01.1300,0.18,-1.73,4.36,0.38,-0.29,0.04
2024-03-25 16:58:01.1400,0.9,-2.52,3.64,0.39,-0.44,-0.12
2024-03-25 16:58:01.1500,1.37,-2.93,2.69,0.33,-0.61,-0.28
2024-03-25 16:58:01.1600,1.4,-3.03,1.96,0.3,-0.71,-0.39
2024-03-25 16:58:01.1710,1.2,-2.82,1.52,0.27,-0.65,-0.42
2024-03-25 16:58:01.1800,0.85,-2.49,1.01,0.19,-0.47,-0.36
2024-03-25 16:58:01.1900,0.36,-2.14,0.29,0.03,-0.2,-0.2
2024-03-25 16:58:01.2000,-0.3,-1.9,-0.34,-0.19,0.01,0.02
2024-03-25 16:58:01.2100,-1.07,-1.92,-0.68,-0.41,0.11,0.24
2024-03-25 16:58:01.2200,-1.39,-2.08,-0.62,-0.61,0.11,0.37
2024-03-25 16:58:01.2300,-1.1,-2.42,-0.4,-0.74,0.04,0.35
2024-03-25 16:58:01.2400,-0.37,-2.67,-0.13,-0.75,-0.05,0.19
2024-03-25 16:58:01.2500,0.44,-2.63,0.29,-0.62,-0.1,-0.03
2024-03-25 16:58:01.2600,0.84,-2.28,0.55,-0.42,-0.05,-0.22
2024-03-25 16:58:01.2700,0.7,-1.73,0.27,-0.21,0.02,-0.34
2024-03-25 16:58:01.2800,0.21,-1.06,-0.5,-0.05,0.05,-0.37
2024-03-25 16:58:01.2900,-0.4,-0.32,-1.48,0.05,0.03,-0.35
2024-03-25 16:58:01.3000,-0.8,0.35,-2.45,0.08,-0.02,-0.27
2024-03-25 16:58:01.3100,-1.07,0.89,-3.46,0.04,-0.11,-0.19
2024-03-25 16:58:01.3200,-1.0,1.3,-4.33,-0.04,-0.18,-0.11
2024-03-25 16:58:01.3300,-0.77,1.5,-4.89,-0.1,-0.21,-0.05
2024-03-25 16:58:01.3400,-0.56,1.47,-4.94,-0.1,-0.19,0.01
2024-03-25 16:58:01.3500,-0.4,1.25,-4.47,-0.04,-0.12,0.07
2024-03-25 16:58:01.3600,-0.32,0.78,-3.87,0.06,-0.04,0.11
2024-03-25 16:58:01.3700,0.0,0.36,-3.23,0.14,-0.05,0.08
2024-03-25 16:58:01.3800,0.39,0.16,-2.97,0.11,-0.15,0.07
2024-03-25 16:58:01.3900,0.61,0.38,-3.07,-0.02,-0.32,0.09
2024-03-25 16:58:01.4000,0.72,0.65,-3.11,-0.14,-0.49,0.14
2024-03-25 16:58:01.4100,0.77,0.81,-2.72,-0.22,-0.58,0.23
2024-03-25 16:58:01.4200,0.72,0.67,-2.15,-0.23,-0.57,0.31
2024-03-25 16:58:01.4300,0.82,0.36,-1.56,-0.17,-0.49,0.35
2024-03-25 16:58:01.4400,1.12,-0.02,-0.88,-0.03,-0.36,0.33
2024-03-25 16:58:01.4500,1.42,-0.35,-0.28,0.14,-0.25,0.26
2024-03-25 16:58:01.4600,1.75,-0.48,-0.07,0.2,-0.2,0.12
2024-03-25 16:58:01.4700,2.07,-0.41,-0.57,0.12,-0.21,-0.04
2024-03-25 16:58:01.4800,2.11,-0.25,-1.18,-0.05,-0.17,-0.18
2024-03-25 16:58:01.4900,2.09,0.03,-1.34,-0.23,-0.05,-0.28
2024-03-25 16:58:01.5000,1.68,0.36,-0.85,-0.34,0.14,-0.27
2024-03-25 16:58:01.5100,1.02,0.83,0.41,-0.35,0.36,-0.21
2024-03-25 16:58:01.5200,0.64,1.14,1.74,-0.27,0.57,-0.17
2024-03-25 16:58:01.5300,0.58,1.28,2.95,-0.18,0.71,-0.18
2024-03-25 16:58:01.5400,0.65,1.37,3.74,-0.09,0.73,-0.23
2024-03-25 16:58:01.5510,0.6,1.46,4.3,0.04,0.67,-0.3
2024-03-25 16:58:01.5600,0.29,1.44,4.98,0.2,0.54,-0.37
2024-03-25 16:58:01.5700,-0.07,1.3,5.62,0.44,0.39,-0.44
2024-03-25 16:58:01.5800,-0.32,1.34,6.13,0.67,0.27,-0.48
2024-03-25 16:58:01.5900,-0.7,1.47,5.96,0.8,0.21,-0.45
2024-03-25 16:58:01.6000,-1.22,1.58,5.19,0.82,0.17,-0.34
2024-03-25 16:58:01.6100,-1.89,1.46,4.33,0.74,0.13,-0.15
2024-03-25 16:58:01.6200,-2.51,1.1,3.71,0.65,0.08,0.07
2024-03-25 16:58:01.6300,-2.77,0.32,3.62,0.72,0.03,0.24
2024-03-25 16:58:01.6400,-2.44,-0.78,4.03,0.89,-0.01,0.29
2024-03-25 16:58:01.6500,-1.66,-2.07,3.8,1.04,-0.01,0.24
2024-03-25 16:58:01.6600,-1.09,-3.09,2.82,1.09,0.04,0.15
2024-03-25 16:58:01.6700,-0.94,-3.57,1.68,1.03,0.09,0.05
2024-03-25 16:58:01.6800,-1.22,-3.6,0.55,0.86,0.15,0.0
2024-03-25 16:58:01.6900,-1.97,-3.25,-0.21,0.56,0.19,0.08
2024-03-25 16:58:01.7000,-3.1,-2.75,-0.83,0.17,0.22,0.26
2024-03-25 16:58:01.7100,-3.9,-2.31,-1.1,-0.23,0.22,0.45
2024-03-25 16:58:01.7200,-3.95,-2.03,-0.72,-0.51,0.17,0.55
2024-03-25 16:58:01.7300,-3.4,-1.97,0.11,-0.63,0.1,0.51
2024-03-25 16:58:01.7400,-2.56,-1.91,0.79,-0.61,0.06,0.38
2024-03-25 16:58:01.7500,-1.69,-1.56,1.1,-0.49,0.13,0.23
2024-03-25 16:58:01.7600,-1.04,-1.05,0.84,-0.33,0.28,0.11
2024-03-25 16:58:01.7700,-0.64,-0.6,0.03,-0.16,0.45,0.03
2024-03-25 16:58:01.7800,-0.37,-0.23,-0.98,-0.04,0.6,-0.02
2024-03-25 16:58:01.7900,-0.14,0.0,-2.22,0.01,0.65,-0.04
2024-03-25 16:58:01.8000,-0.03,0.25,-3.5,-0.02,0.62,-0.03
2024-03-25 16:58:01.8100,0.0,0.43,-4.64,-0.08,0.52,-0.02
2024-03-25 16:58:01.8200,0.09,0.4,-5.45,-0.2,0.34,0.03
2024-03-25 16:58:01.8300,0.09,0.28,-5.98,-0.28,0.12,0.14
2024-03-25 16:58:01.8400,-0.08,0.34,-5.83,-0.26,-0.1,0.28
2024-03-25 16:58:01.8500,-0.08,0.32,-5.23,-0.15,-0.25,0.45
2024-03-25 16:58:01.8600,0.13,0.23,-4.77,-0.04,-0.26,0.57
2024-03-25 16:58:01.8700,0.66,-0.04,-4.82,0.04,-0.15,0.62
2024-03-25 16:58:01.8800,1.2,-0.41,-4.83,0.11,0.02,0.61
2024-03-25 16:58:01.8900,1.65,-0.38,-4.72,0.06,0.18,0.58
2024-03-25 16:58:01.9000,1.66,-0.43,-5.02,-0.08,0.27,0.56
2024-03-25 16:58:01.9100,1.32,-0.3,-4.87,-0.2,0.25,0.57
2024-03-25 16:58:01.9200,0.75,-0.17,-3.88,-0.26,0.19,0.62
2024-03-25 16:58:01.9300,0.36,-0.08,-2.59,-0.27,0.07,0.66
2024-03-25 16:58:01.9400,0.22,-0.09,-1.27,-0.23,-0.11,0.65
2024-03-25 16:58:01.9500,0.44,0.05,-0.12,-0.23,-0.27,0.57
2024-03-25 16:58:01.9600,0.77,0.21,0.33,-0.31,-0.39,0.47
2024-03-25 16:58:01.9700,0.93,0.47,0.42,-0.46,-0.43,0.37
2024-03-25 16:58:01.9800,0.93,0.73,0.62,-0.61,-0.4,0.31
2024-03-25 16:58:01.9900,0.79,0.96,1.17,-0.72,-0.3,0.3
2024-03-25 16:58:02.0000,0.4,1.08,2.11,-0.74,-0.2,0.36
2024-03-25 16:58:02.0100,-0.12,1.08,3.32,-0.68,-0.13,0.44
2024-03-25 16:58:02.0200,-0.34,0.97,4.54,-0.54,-0.12,0.45
2024-03-25 16:58:02.0300,0.01,0.72,5.49,-0.38,-0.16,0.35
2024-03-25 16:58:02.0400,0.56,0.56,6.06,-0.21,-0.28,0.13
2024-03-25 16:58:02.0500,1.26,0.74,6.15,-0.06,-0.42,-0.14
2024-03-25 16:58:02.0600,1.61,1.14,5.81,0.03,-0.43,-0.34
2024-03-25 16:58:02.0700,1.38,1.47,5.28,0.08,-0.23,-0.42
2024-03-25 16:58:02.0800,0.81,1.51,4.98,0.16,0.07,-0.35
2024-03-25 16:58:02.0900,0.38,1.23,5.25,0.31,0.34,-0.28
2024-03-25 16:58:02.1000,0.35,0.41,5.71,0.51,0.45,-0.32
2024-03-25 16:58:02.1100,0.69,-0.7,5.86,0.74,0.46,-0.44
2024-03-25 16:58:02.1200,0.96,-1.53,5.52,0.93,0.38,-0.6
2024-03-25 16:58:02.1300,0.91,-2.11,4.58,1.01,0.22,-0.73
2024-03-25 16:58:02.1400,0.67,-2.22,3.25,0.98,0.04,-0.79
2024-03-25 16:58:02.1500,0.32,-2.05,1.82,0.87,-0.12,-0.78
2024-03-25 16:58:02.1600,0.02,-1.78,0.54,0.72,-0.17,-0.7
2024-03-25 16:58:02.1700,-0.21,-1.43,-0.57,0.52,-0.08,-0.53
2024-03-25 16:58:02.1800,-0.45,-1.13,-1.52,0.28,0.12,-0.33
2024-03-25 16:58:02.1900,-0.58,-1.07,-2.19,0.06,0.35,-0.11
2024-03-25 16:58:02.2000,-0.65,-1.25,-2.42,-0.15,0.53,0.07
2024-03-25 16:58:02.2100,-0.62,-1.57,-2.37,-0.32,0.62,0.16
2024-03-25 16:58:02.2200,-0.32,-1.91,-2.4,-0.46,0.63,0.15
2024-03-25 16:58:02.2300,0.21,-2.3,-2.52,-0.5,0.58,0.01
2024-03-25 16:58:02.2400,0.8,-2.4,-2.36,-0.47,0.5,-0.18
2024-03-25 16:58:02.2500,1.05,-2.16,-2.32,-0.39,0.42,-0.34
2024-03-25 16:58:02.2600,0.81,-1.64,-2.6,-0.31,0.36,-0.43
2024-03-25 16:58:02.2700,0.38,-1.03,-3.15,-0.23,0.35,-0.42
2024-03-25 16:58:02.2800,-0.26,-0.37,-3.61,-0.16,0.31,-0.3
2024-03-25 16:58:02.2900,-0.96,0.29,-3.89,-0.11,0.27,-0.16
2024-03-25 16:58:02.3000,-1.03,0.78,-4.32,-0.13,0.22,-0.06
2024-03-25 16:58:02.3100,-0.67,1.07,-4.87,-0.18,0.15,0.01
2024-03-25 16:58:02.3200,-0.47,1.2,-5.23,-0.22,0.06,0.08
2024-03-25 16:58:02.3300,-0.44,1.23,-5.14,-0.25,0.0,0.18
2024-03-25 16:58:02.3400,-0.58,1.11,-4.94,-0.29,-0.0,0.33
2024-03-25 16:58:02.3500,-0.64,0.92,-4.64,-0.33,0.01,0.47
2024-03-25 16:58:02.3600,-0.54,0.79,-4.25,-0.41,0.0,0.61
2024-03-25 16:58:02.3700,-0.62,0.63,-3.82,-0.5,-0.04,0.74
2024-03-25 16:58:02.3800,-0.45,0.44,-3.26,-0.55,-0.11,0.79
2024-03-25 16:58:02.3900,0.0,0.25,-2.37,-0.51,-0.2,0.77
2024-03-25 16:58:02.4000,0.43,0.13,-1.41,-0.43,-0.24,0.71
2024-03-25 16:58:02.4100,0.74,0.12,-0.61,-0.36,-0.23,0.64
2024-03-25 16:58:02.4200,0.77,0.05,-0.16,-0.34,-0.15,0.53
2024-03-25 16:58:02.4300,0.68,0.01,0.1,-0.42,0.01,0.49
2024-03-25 16:58:02.4400,-0.08,-0.07,0.67,-0.5,0.17,0.56
2024-03-25 16:58:02.4500,-1.22,-0.09,2.01,-0.49,0.19,0.67
2024-03-25 16:58:02.4600,-1.82,0.06,3.65,-0.4,0.07,0.7
2024-03-25 16:58:02.4700,-1.64,0.1,4.91,-0.2,-0.16,0.67
2024-03-25 16:58:02.4800,-1.46,-0.25,5.96,0.1,-0.41,0.56
2024-03-25 16:58:02.4900,-0.93,-0.18,6.67,0.4,-0.56,0.43
2024-03-25 16:58:02.5000,-0.64,-0.25,6.52,0.65,-0.61,0.32
2024-03-25 16:58:02.5100,-0.65,-0.27,5.95,0.85,-0.59,0.27
2024-03-25 16:58:02.5200,-0.99,-0.13,5.47,1.04,-0.57,0.29
2024-03-25 16:58:02.5300,-1.21,0.23,5.15,1.19,-0.55,0.39
2024-03-25 16:58:02.5400,-1.5,0.56,4.74,1.23,-0.53,0.53
2024-03-25 16:58:02.5500,-1.98,0.26,3.91,1.08,-0.5,0.74
2024-03-25 16:58:02.5600,-2.69,-0.57,2.96,0.85,-0.42,1.04
2024-03-25 16:58:02.5700,-2.98,-1.69,3.13,0.8,-0.45,1.14
2024-03-25 16:58:02.5800,-1.96,-2.9,4.08,0.92,-0.56,0.99
2024-03-25 16:58:02.5900,-0.66,-3.98,4.44,1.06,-0.64,0.69
2024-03-25 16:58:02.6000,0.06,-4.49,3.67,1.08,-0.6,0.42
2024-03-25 16:58:02.6100,-0.18,-4.34,2.0,0.93,-0.41,0.34
2024-03-25 16:58:02.6200,-1.13,-3.65,0.17,0.65,-0.11,0.44
2024-03-25 16:58:02.6300,-2.03,-2.86,-1.15,0.3,0.26,0.63
2024-03-25 16:58:02.6400,-2.3,-2.37,-1.86,-0.06,0.59,0.78
2024-03-25 16:58:02.6500,-2.14,-2.0,-2.2,-0.42,0.82,0.85
2024-03-25 16:58:02.6600,-1.64,-1.66,-2.31,-0.71,0.92,0.81
2024-03-25 16:58:02.6700,-1.19,-1.33,-2.29,-0.9,0.93,0.68
2024-03-25 16:58:02.6800,-0.56,-1.11,-2.19,-0.97,0.88,0.54
2024-03-25 16:58:02.6900,-0.22,-0.79,-1.9,-0.94,0.8,0.46
2024-03-25 16:58:02.7000,-0.2,-0.46,-1.89,-0.84,0.71,0.4
2024-03-25 16:58:02.7100,-0.01,-0.18,-2.25,-0.73,0.69,0.38
2024-03-25 16:58:02.7200,0.26,0.16,-3.02,-0.67,0.7,0.37
2024-03-25 16:58:02.7300,0.53,0.48,-3.95,-0.67,0.65,0.36
2024-03-25 16:58:02.7400,0.81,0.7,-4.91,-0.76,0.59,0.35
2024-03-25 16:58:02.7500,0.99,0.77,-5.68,-0.86,0.53,0.34
2024-03-25 16:58:02.7600,1.2,0.78,-5.95,-0.93,0.51,0.36
2024-03-25 16:58:02.7700,1.2,0.75,-5.8,-0.96,0.5,0.42
2024-03-25 16:58:02.7800,1.14,0.59,-5.26,-0.96,0.54,0.47
2024-03-25 16:58:02.7900,1.21,0.48,-4.64,-0.94,0.59,0.51
2024-03-25 16:58:02.8000,1.43,0.32,-3.88,-0.86,0.59,0.49
2024-03-25 16:58:02.8100,1.73,0.31,-2.9,-0.78,0.54,0.41
2024-03-25 16:58:02.8200,2.09,0.3,-2.28,-0.72,0.45,0.29
2024-03-25 16:58:02.8300,2.19,0.37,-1.71,-0.68,0.3,0.19
2024-03-25 16:58:02.8400,1.96,0.5,-1.17,-0.66,0.17,0.1
2024-03-25 16:58:02.8500,1.73,0.63,-0.53,-0.59,0.07,0.06
2024-03-25 16:58:02.8600,1.44,0.88,0.29,-0.45,-0.01,0.05
2024-03-25 16:58:02.8700,1.09,1.14,1.02,-0.32,-0.12,0.07
2024-03-25 16:58:02.8820,0.8,1.45,1.36,-0.21,-0.25,0.09
2024-03-25 16:58:02.8910,0.63,1.77,1.38,-0.22,-0.37,0.12
2024-03-25 16:58:02.9000,0.51,1.95,1.19,-0.26,-0.43,0.13
2024-03-25 16:58:02.9100,0.5,2.07,1.4,-0.28,-0.43,0.11
2024-03-25 16:58:02.9200,0.38,2.04,2.16,-0.23,-0.38,0.07
2024-03-25 16:58:02.9300,-0.08,1.93,3.3,-0.09,-0.34,0.05
2024-03-25 16:58:02.9400,-0.74,1.81,4.61,0.09,-0.42,0.03
2024-03-25 16:58:02.9500,-1.46,1.79,5.51,0.21,-0.6,0.05
2024-03-25 16:58:02.9600,-1.92,1.82,5.73,0.28,-0.83,0.02
2024-03-25 16:58:02.9700,-1.94,1.94,5.83,0.35,-1.03,-0.04
2024-03-25 16:58:02.9800,-1.85,2.03,6.05,0.47,-1.19,-0.11
2024-03-25 16:58:02.9900,-1.68,2.14,6.22,0.65,-1.29,-0.19
2024-03-25 16:58:03.0000,-1.5,2.29,6.04,0.85,-1.33,-0.22
2024-03-25 16:58:03.0100,-1.6,2.41,5.53,0.97,-1.24,-0.11
2024-03-25 16:58:03.0200,-2.06,2.19,4.71,0.93,-1.01,0.13
2024-03-25 16:58:03.0300,-2.49,1.36,4.02,0.8,-0.7,0.44
2024-03-25 16:58:03.0400,-3.0,-0.38,3.95,0.74,-0.49,0.65
2024-03-25 16:58:03.0500,-3.04,-2.58,4.83,0.77,-0.49,0.68
2024-03-25 16:58:03.0590,-2.55,-4.28,5.62,0.84,-0.67,0.58
2024-03-25 16:58:03.0690,-1.92,-5.49,5.49,0.91,-0.91,0.39
2024-03-25 16:58:03.0790,-1.3,-5.94,4.77,0.93,-1.07,0.21
2024-03-25 16:58:03.0890,-1.07,-5.95,3.45,0.89,-1.1,0.1
2024-03-25 16:58:03.1000,-1.06,-5.68,1.87,0.75,-0.9,0.09
2024-03-25 16:58:03.1090,-1.08,-5.29,0.25,0.53,-0.52,0.16
2024-03-25 16:58:03.1200,-1.03,-4.95,-0.96,0.32,-0.04,0.21
2024-03-25 16:58:03.1300,-0.74,-4.73,-1.34,0.17,0.44,0.17
2024-03-25 16:58:03.1400,-0.32,-4.54,-1.31,0.03,0.82,0.02
2024-03-25 16:58:03.1490,-0.17,-4.16,-1.27,-0.1,1.05,-0.18
2024-03-25 16:58:03.1600,-0.41,-3.45,-1.33,-0.24,1.18,-0.33
2024-03-25 16:58:03.1700,-0.97,-2.57,-1.21,-0.29,1.22,-0.36
2024-03-25 16:58:03.1800,-2.07,-1.65,-0.67,-0.25,1.21,-0.25
2024-03-25 16:58:03.1900,-2.95,-0.7,-0.31,-0.21,1.19,-0.07
2024-03-25 16:58:03.2000,-3.31,-0.04,-0.62,-0.24,1.17,0.12
2024-03-25 16:58:03.2100,-3.19,0.49,-1.33,-0.35,1.1,0.28
2024-03-25 16:58:03.2200,-3.03,0.8,-2.02,-0.49,0.96,0.43
2024-03-25 16:58:03.2300,-2.97,0.94,-2.28,-0.59,0.77,0.56
2024-03-25 16:58:03.2400,-2.78,0.88,-2.0,-0.6,0.53,0.68
2024-03-25 16:58:03.2490,-2.58,0.63,-1.33,-0.51,0.32,0.75
2024-03-25 16:58:03.2600,-2.19,0.28,-0.73,-0.35,0.18,0.79
2024-03-25 16:58:03.2700,-1.74,-0.11,-0.46,-0.17,0.08,0.81
2024-03-25 16:58:03.2790,-1.37,-0.39,-0.59,-0.02,0.01,0.81
2024-03-25 16:58:03.2890,-1.1,-0.64,-1.13,0.07,-0.03,0.81
2024-03-25 16:58:03.2990,-0.96,-0.82,-1.9,0.1,-0.07,0.83
2024-03-25 16:58:03.3090,-0.89,-0.89,-2.59,0.09,-0.12,0.85
2024-03-25 16:58:03.3190,-0.78,-0.9,-3.26,0.01,-0.2,0.89
2024-03-25 16:58:03.3290,-0.68,-0.82,-3.89,-0.11,-0.28,0.96
2024-03-25 16:58:03.3390,-0.69,-0.77,-4.33,-0.27,-0.36,1.03
2024-03-25 16:58:03.3500,-0.62,-0.78,-4.57,-0.44,-0.36,1.09
2024-03-25 16:58:03.3590,-0.43,-0.82,-4.71,-0.57,-0.31,1.13
2024-03-25 16:58:03.3700,-0.2,-0.87,-4.38,-0.62,-0.21,1.14
2024-03-25 16:58:03.3790,-0.11,-1.03,-3.57,-0.55,-0.1,1.09
2024-03-25 16:58:03.3890,0.11,-1.21,-2.67,-0.46,0.02,0.99
2024-03-25 16:58:03.3990,0.37,-1.16,-2.19,-0.43,0.1,0.89
2024-03-25 16:58:03.4090,0.22,-0.92,-2.08,-0.48,0.13,0.8
2024-03-25 16:58:03.4190,-0.1,-0.55,-1.98,-0.57,0.13,0.75
2024-03-25 16:58:03.4300,-0.53,-0.17,-1.55,-0.6,0.09,0.74
2024-03-25 16:58:03.4390,-1.14,0.3,-0.61,-0.55,0.05,0.78
2024-03-25 16:58:03.4490,-1.61,0.78,0.39,-0.43,0.01,0.84
2024-03-25 16:58:03.4590,-1.81,1.17,1.23,-0.24,-0.03,0.87
2024-03-25 16:58:03.4700,-1.66,1.61,1.86,-0.06,-0.02,0.87
2024-03-25 16:58:03.4790,-1.3,1.95,1.95,0.06,0.01,0.86
2024-03-25 16:58:03.4890,-0.94,2.22,1.82,0.11,0.04,0.83
2024-03-25 16:58:03.4990,-0.71,2.36,1.6,0.08,0.03,0.82
2024-03-25 16:58:03.5100,-0.74,2.41,1.46,0.01,0.02,0.86
2024-03-25 16:58:03.5190,-0.96,2.3,1.54,-0.06,0.02,0.93
2024-03-25 16:58:03.5290,-1.11,2.08,1.9,-0.08,0.0,1.0
2024-03-25 16:58:03.5390,-1.14,1.84,2.47,-0.04,-0.05,1.06
2024-03-25 16:58:03.5490,-1.14,1.55,3.01,0.02,-0.11,1.07
2024-03-25 16:58:03.5590,-0.84,1.18,3.27,0.13,-0.19,1.0
2024-03-25 16:58:03.5700,-0.44,0.78,3.43,0.24,-0.24,0.87
2024-03-25 16:58:03.5790,-0.16,0.5,3.29,0.36,-0.24,0.75
2024-03-25 16:58:03.5900,-0.1,0.45,2.95,0.45,-0.2,0.66
2024-03-25 16:58:03.6000,-0.32,0.5,2.53,0.52,-0.14,0.63
2024-03-25 16:58:03.6090,-0.46,0.64,2.07,0.54,-0.05,0.64
2024-03-25 16:58:03.6190,-0.56,0.87,1.67,0.55,0.03,0.68
2024-03-25 16:58:03.6290,-0.88,0.96,1.29,0.49,0.08,0.77
2024-03-25 16:58:03.6390,-1.49,0.91,0.8,0.34,0.08,0.95
2024-03-25 16:58:03.6490,-2.39,0.41,0.38,0.18,0.01,1.17
2024-03-25 16:58:03.6590,-2.83,-0.51,0.45,0.1,-0.13,1.3
2024-03-25 16:58:03.6690,-2.43,-1.59,0.65,0.09,-0.25,1.32
2024-03-25 16:58:03.6790,-1.69,-2.63,0.5,0.09,-0.31,1.22
2024-03-25 16:58:03.6890,-1.12,-3.48,-0.04,0.06,-0.23,1.09
2024-03-25 16:58:03.6990,-0.97,-3.93,-0.66,-0.0,-0.06,0.99
2024-03-25 16:58:03.7090,-1.23,-4.1,-1.1,-0.05,0.14,0.94
2024-03-25 16:58:03.7190,-1.71,-4.13,-1.27,-0.08,0.33,0.92
2024-03-25 16:58:03.7290,-2.02,-4.0,-1.46,-0.15,0.44,0.85
2024-03-25 16:58:03.7400,-1.96,-3.76,-1.9,-0.23,0.45,0.77
2024-03-25 16:58:03.7500,-1.92,-3.27,-2.15,-0.28,0.41,0.68
2024-03-25 16:58:03.7590,-1.9,-2.51,-2.13,-0.3,0.33,0.64
2024-03-25 16:58:03.7690,-1.88,-1.79,-2.12,-0.29,0.25,0.63
2024-03-25 16:58:03.7790,-1.77,-1.09,-2.2,-0.27,0.21,0.66
2024-03-25 16:58:03.7890,-1.64,-0.5,-2.45,-0.29,0.22,0.74
2024-03-25 16:58:03.7990,-1.53,0.05,-2.87,-0.34,0.26,0.85
2024-03-25 16:58:03.8090,-1.39,0.45,-3.27,-0.44,0.3,0.98
2024-03-25 16:58:03.8190,-1.2,0.68,-3.51,-0.52,0.35,1.07
2024-03-25 16:58:03.8290,-0.8,0.84,-3.32,-0.54,0.39,1.13
2024-03-25 16:58:03.8390,-0.33,0.84,-2.76,-0.47,0.41,1.12
2024-03-25 16:58:03.8490,0.06,0.79,-2.06,-0.35,0.39,1.08
2024-03-25 16:58:03.8590,0.33,0.82,-1.54,-0.26,0.32,1.03
2024-03-25 16:58:03.8690,0.49,0.97,-1.46,-0.24,0.21,1.01
2024-03-25 16:58:03.8790,0.5,1.23,-1.6,-0.28,0.08,0.99
2024-03-25 16:58:03.8890,0.59,1.46,-1.8,-0.37,-0.02,0.98
2024-03-25 16:58:03.8990,0.73,1.59,-1.78,-0.42,-0.04,0.98
2024-03-25 16:58:03.9090,0.85,1.7,-1.42,-0.42,-0.01,1.0
2024-03-25 16:58:03.9190,0.96,1.75,-0.94,-0.4,0.03,1.0
2024-03-25 16:58:03.9290,1.12,1.69,-0.46,-0.36,0.05,0.96
2024-03-25 16:58:03.9390,1.39,1.5,-0.1,-0.33,0.01,0.88
2024-03-25 16:58:03.9490,1.69,1.45,0.29,-0.27,-0.06,0.76
2024-03-25 16:58:03.9590,1.95,1.57,0.73,-0.2,-0.15,0.64
2024-03-25 16:58:03.9690,2.09,1.75,1.05,-0.13,-0.21,0.53
2024-03-25 16:58:03.9790,2.15,1.91,1.27,-0.05,-0.25,0.45
2024-03-25 16:58:03.9890,2.2,2.17,1.42,0.02,-0.28,0.38
2024-03-25 16:58:03.9990,2.23,2.46,1.6,0.06,-0.32,0.36
2024-03-25 16:58:04.0090,2.06,2.68,1.86,0.08,-0.41,0.37
2024-03-25 16:58:04.0190,1.85,2.83,2.01,0.03,-0.53,0.42
2024-03-25 16:58:04.0290,1.79,2.81,2.06,-0.06,-0.64,0.45
2024-03-25 16:58:04.0390,1.8,2.53,2.04,-0.18,-0.68,0.45
2024-03-25 16:58:04.0490,1.76,2.01,2.15,-0.29,-0.63,0.4
2024-03-25 16:58:04.0590,1.58,1.34,2.64,-0.32,-0.54,0.31
2024-03-25 16:58:04.0690,1.35,0.72,3.47,-0.24,-0.44,0.14
2024-03-25 16:58:04.0790,1.43,0.28,4.32,-0.08,-0.41,-0.12
2024-03-25 16:58:04.0890,1.57,0.11,5.01,0.16,-0.49,-0.44
2024-03-25 16:58:04.0990,1.6,0.3,5.35,0.37,-0.56,-0.71
2024-03-25 16:58:04.1090,1.29,0.68,4.84,0.51,-0.57,-0.9
2024-03-25 16:58:04.1190,0.93,1.26,3.84,0.52,-0.47,-0.98
2024-03-25 16:58:04.1290,0.33,1.7,2.71,0.4,-0.24,-0.88
2024-03-25 16:58:04.1390,-0.76,1.72,1.88,0.22,0.05,-0.6
2024-03-25 16:58:04.1490,-1.83,0.95,1.87,0.2,0.22,-0.36
2024-03-25 16:58:04.1590,-1.69,-0.14,3.0,0.3,0.29,-0.32
2024-03-25 16:58:04.1690,-0.88,-1.4,3.63,0.44,0.25,-0.42
2024-03-25 16:58:04.1790,-0.29,-2.34,3.67,0.59,0.11,-0.59
2024-03-25 16:58:04.1890,-0.12,-2.96,3.34,0.67,-0.04,-0.74
2024-03-25 16:58:04.1990,-0.36,-3.24,2.54,0.73,-0.15,-0.81
2024-03-25 16:58:04.2090,-0.71,-3.15,1.69,0.79,-0.2,-0.84
2024-03-25 16:58:04.2190,-0.77,-2.84,0.78,0.83,-0.21,-0.84
2024-03-25 16:58:04.2290,-0.75,-2.47,-0.29,0.81,-0.17,-0.8
2024-03-25 16:58:04.2390,-0.77,-1.94,-1.45,0.73,-0.07,-0.74
2024-03-25 16:58:04.2490,-0.84,-1.47,-2.62,0.57,0.07,-0.65
2024-03-25 16:58:04.2590,-0.98,-1.1,-3.57,0.35,0.22,-0.54
2024-03-25 16:58:04.2690,-1.17,-0.81,-4.01,0.11,0.33,-0.42
2024-03-25 16:58:04.2790,-1.47,-0.67,-3.92,-0.08,0.36,-0.3
2024-03-25 16:58:04.2890,-1.73,-0.54,-3.26,-0.19,0.3,-0.2
2024-03-25 16:58:04.2990,-1.67,-0.47,-2.49,-0.22,0.22,-0.13
2024-03-25 16:58:04.3090,-1.39,-0.44,-1.79,-0.18,0.16,-0.11
2024-03-25 16:58:04.3190,-0.92,-0.43,-1.42,-0.12,0.14,-0.15
2024-03-25 16:58:04.3290,-0.51,-0.46,-1.5,-0.06,0.15,-0.18
2024-03-25 16:58:04.3390,-0.44,-0.4,-1.78,-0.03,0.16,-0.19
2024-03-25 16:58:04.3490,-0.6,-0.33,-2.12,-0.02,0.17,-0.16
2024-03-25 16:58:04.3590,-0.77,-0.3,-2.47,-0.03,0.17,-0.12
2024-03-25 16:58:04.3690,-0.91,-0.28,-2.77,-0.06,0.13,-0.07
2024-03-25 16:58:04.3790,-0.96,-0.22,-2.98,-0.08,0.08,-0.03
2024-03-25 16:58:04.3890,-0.83,-0.1,-3.15,-0.11,0.03,-0.01
2024-03-25 16:58:04.3990,-0.65,-0.02,-3.35,-0.15,-0.02,0.0
2024-03-25 16:58:04.4090,-0.46,0.09,-3.46,-0.19,-0.03,0.01
2024-03-25 16:58:04.4190,-0.36,0.17,-3.52,-0.23,0.02,0.05
2024-03-25 16:58:04.4290,-0.37,0.2,-3.44,-0.25,0.06,0.09
2024-03-25 16:58:04.4390,-0.31,0.25,-3.24,-0.27,0.1,0.13
2024-03-25 16:58:04.4490,-0.32,0.27,-3.1,-0.31,0.12,0.18
2024-03-25 16:58:04.4590,-0.3,0.32,-2.85,-0.32,0.11,0.21
2024-03-25 16:58:04.4690,-0.14,0.39,-2.53,-0.34,0.08,0.22
2024-03-25 16:58:04.4790,0.03,0.51,-2.21,-0.34,0.05,0.23
2024-03-25 16:58:04.4890,0.09,0.74,-1.75,-0.36,0.03,0.24
2024-03-25 16:58:04.4990,0.11,0.97,-1.41,-0.39,0.03,0.26
2024-03-25 16:58:04.5090,0.11,1.16,-1.07,-0.44,0.02,0.29
2024-03-25 16:58:04.5190,0.11,1.27,-0.67,-0.46,0.02,0.3
2024-03-25 16:58:04.5290,0.18,1.35,-0.19,-0.45,0.04,0.3
2024-03-25 16:58:04.5390,0.35,1.37,0.37,-0.37,0.12,0.28
2024-03-25 16:58:04.5490,0.62,1.37,1.0,-0.23,0.17,0.21
2024-03-25 16:58:04.5590,0.85,1.42,1.67,-0.08,0.19,0.15
2024-03-25 16:58:04.5690,0.86,1.5,2.06,0.03,0.15,0.09
2024-03-25 16:58:04.5790,0.84,1.63,2.12,0.07,0.14,0.05
2024-03-25 16:58:04.5890,0.78,1.69,2.13,0.09,0.18,0.03
2024-03-25 16:58:04.5990,0.57,1.63,2.32,0.09,0.25,0.04
2024-03-25 16:58:04.6090,0.19,1.45,2.8,0.13,0.33,0.06
2024-03-25 16:58:04.6190,-0.03,1.15,3.6,0.2,0.39,0.08
2024-03-25 16:58:04.6290,-0.1,0.84,4.4,0.34,0.35,0.07
2024-03-25 16:58:04.6390,-0.11,0.51,5.18,0.51,0.23,0.01
2024-03-25 16:58:04.6490,-0.02,0.18,5.6,0.67,0.1,-0.07
2024-03-25 16:58:04.6590,0.1,0.05,5.5,0.8,-0.01,-0.16
2024-03-25 16:58:04.6690,0.21,0.32,5.2,0.86,-0.08,-0.22
2024-03-25 16:58:04.6790,-0.04,0.68,4.38,0.73,-0.02,-0.15
2024-03-25 16:58:04.6890,-1.08,0.69,3.0,0.42,0.14,0.14
2024-03-25 16:58:04.6990,-2.56,0.25,2.16,0.16,0.25,0.56
2024-03-25 16:58:04.7090,-3.02,-0.59,2.97,0.22,0.21,0.75
2024-03-25 16:58:04.7190,-1.79,-1.93,4.46,0.47,0.09,0.7
2024-03-25 16:58:04.7290,-0.48,-3.29,4.68,0.71,-0.09,0.44
2024-03-25 16:58:04.7390,0.3,-4.21,3.65,0.75,-0.2,0.18
2024-03-25 16:58:04.7490,0.32,-4.52,1.74,0.63,-0.23,0.01
2024-03-25 16:58:04.7590,-0.15,-4.34,0.36,0.52,-0.22,-0.09
2024-03-25 16:58:04.7690,-0.71,-3.98,-0.13,0.44,-0.16,-0.12
2024-03-25 16:58:04.7790,-1.23,-3.63,-0.48,0.36,-0.05,-0.11
2024-03-25 16:58:04.7890,-1.62,-3.26,-1.05,0.24,0.07,-0.08
2024-03-25 16:58:04.7990,-1.81,-2.76,-1.71,0.09,0.15,-0.05
2024-03-25 16:58:04.8090,-1.8,-2.12,-2.11,-0.03,0.18,-0.02
2024-03-25 16:58:04.8190,-1.79,-1.41,-2.18,-0.13,0.17,0.02
2024-03-25 16:58:04.8290,-1.85,-0.87,-2.25,-0.21,0.13,0.08
2024-03-25 16:58:04.8390,-1.85,-0.36,-2.37,-0.26,0.1,0.16
2024-03-25 16:58:04.8490,-1.79,0.02,-2.52,-0.28,0.07,0.25
2024-03-25 16:58:04.8590,-1.64,0.29,-2.62,-0.28,0.05,0.33
2024-03-25 16:58:04.8690,-1.49,0.47,-2.66,-0.26,0.03,0.41
2024-03-25 16:58:04.8790,-1.36,0.6,-2.76,-0.23,0.03,0.47
2024-03-25 16:58:04.8890,-1.09,0.61,-2.97,-0.2,0.03,0.48
2024-03-25 16:58:04.8990,-0.75,0.55,-3.17,-0.16,0.03,0.46
2024-03-25 16:58:04.9090,-0.44,0.52,-3.3,-0.1,0.03,0.45
2024-03-25 16:58:04.9190,-0.33,0.53,-3.47,-0.05,0.06,0.46
2024-03-25 16:58:04.9290,-0.25,0.54,-3.67,0.03,0.11,0.43
2024-03-25 16:58:04.9390,-0.06,0.65,-3.77,0.05,0.16,0.44
2024-03-25 16:58:04.9490,-0.07,0.69,-4.22,0.01,0.21,0.47
2024-03-25 16:58:04.9590,-0.05,0.89,-4.44,-0.07,0.21,0.51
2024-03-25 16:58:04.9690,0.01,1.04,-4.39,-0.16,0.2,0.56
2024-03-25 16:58:04.9790,0.07,1.14,-4.01,-0.23,0.24,0.62
2024-03-25 16:58:04.9890,0.29,1.12,-3.4,-0.22,0.39,0.66
2024-03-25 16:58:04.9990,0.53,0.96,-2.43,-0.1,0.7,0.71
2024-03-25 16:58:05.0090,0.59,0.71,-1.17,0.14,1.07,0.81
2024-03-25 16:58:05.0190,0.36,0.61,0.44,0.43,1.34,0.91
2024-03-25 16:58:05.0290,-0.05,0.6,1.69,0.65,1.4,1.0
2024-03-25 16:58:05.0390,-0.36,0.78,2.15,0.67,1.19,0.99
2024-03-25 16:58:05.0490,-0.08,0.96,1.88,0.52,0.76,0.86
2024-03-25 16:58:05.0590,0.43,1.11,1.61,0.32,0.2,0.61
2024-03-25 16:58:05.0690,0.9,1.13,1.84,0.19,-0.28,0.31
2024-03-25 16:58:05.0790,1.1,1.05,2.41,0.18,-0.56,0.07
2024-03-25 16:58:05.0890,0.91,1.03,3.02,0.26,-0.66,-0.1
2024-03-25 16:58:05.0990,0.63,1.1,3.34,0.33,-0.7,-0.2
2024-03-25 16:58:05.1090,0.3,1.15,3.01,0.31,-0.72,-0.24
2024-03-25 16:58:05.1190,0.18,1.24,2.25,0.18,-0.69,-0.28
2024-03-25 16:58:05.1290,0.29,1.2,1.53,0.05,-0.61,-0.34
2024-03-25 16:58:05.1390,0.47,1.21,1.49,-0.01,-0.53,-0.41
2024-03-25 16:58:05.1490,0.58,1.19,1.84,-0.01,-0.46,-0.53
2024-03-25 16:58:05.1590,0.81,1.24,2.1,0.0,-0.45,-0.65
2024-03-25 16:58:05.1690,0.81,1.48,2.01,-0.01,-0.44,-0.72
2024-03-25 16:58:05.1790,0.61,1.9,1.72,-0.09,-0.34,-0.67
2024-03-25 16:58:05.1890,0.12,1.96,1.36,-0.26,-0.1,-0.47
2024-03-25 16:58:05.1990,-0.74,1.26,1.14,-0.46,0.14,-0.18
2024-03-25 16:58:05.2090,-1.43,0.08,1.49,-0.6,0.23,0.05
2024-03-25 16:58:05.2190,-1.42,-1.15,2.24,-0.7,0.1,0.13
2024-03-25 16:58:05.2290,-0.96,-2.37,2.46,-0.81,-0.16,0.04
2024-03-25 16:58:05.2390,-0.22,-3.22,2.29,-0.87,-0.41,-0.17
2024-03-25 16:58:05.2490,0.54,-3.56,2.3,-0.78,-0.6,-0.37
2024-03-25 16:58:05.2590,0.77,-3.56,2.86,-0.47,-0.73,-0.51
2024-03-25 16:58:05.2690,0.65,-3.41,3.5,-0.06,-0.76,-0.6
2024-03-25 16:58:05.2790,0.61,-3.09,3.11,0.22,-0.65,-0.64
2024-03-25 16:58:05.2890,0.66,-2.6,1.38,0.29,-0.48,-0.62
2024-03-25 16:58:05.2990,0.51,-2.1,-0.49,0.17,-0.27,-0.55
2024-03-25 16:58:05.3090,0.08,-1.67,-1.92,-0.09,-0.03,-0.4
2024-03-25 16:58:05.3190,-0.35,-1.49,-2.7,-0.34,0.13,-0.27
2024-03-25 16:58:05.3290,-0.71,-1.61,-2.43,-0.49,0.2,-0.17
2024-03-25 16:58:05.3390,-0.92,-1.79,-1.41,-0.5,0.15,-0.13
2024-03-25 16:58:05.3490,-0.75,-1.9,-0.18,-0.37,0.02,-0.19
2024-03-25 16:58:05.3590,-0.31,-1.76,0.62,-0.2,-0.08,-0.3
2024-03-25 16:58:05.3690,0.07,-1.43,0.61,-0.04,-0.12,-0.41
2024-03-25 16:58:05.3790,0.21,-0.97,-0.05,0.09,-0.13,-0.48
2024-03-25 16:58:05.3890,0.02,-0.47,-0.81,0.2,-0.11,-0.49
2024-03-25 16:58:05.3990,-0.27,0.02,-1.49,0.28,-0.05,-0.45
2024-03-25 16:58:05.4090,-0.45,0.39,-2.29,0.32,0.02,-0.38
2024-03-25 16:58:05.4190,-0.51,0.7,-3.0,0.32,0.08,-0.32
2024-03-25 16:58:05.4290,-0.51,0.87,-3.71,0.26,0.11,-0.25
2024-03-25 16:58:05.4390,-0.49,0.92,-4.35,0.16,0.08,-0.2
2024-03-25 16:58:05.4490,-0.46,0.92,-4.82,0.03,0.05,-0.14
2024-03-25 16:58:05.4590,-0.37,0.85,-4.96,-0.07,0.02,-0.06
2024-03-25 16:58:05.4690,-0.3,0.64,-4.53,-0.1,0.04,0.01
2024-03-25 16:58:05.4790,-0.14,0.41,-3.94,-0.1,0.11,0.07
2024-03-25 16:58:05.4890,0.06,0.17,-3.52,-0.1,0.19,0.13
2024-03-25 16:58:05.4990,0.18,0.03,-3.25,-0.11,0.25,0.17
2024-03-25 16:58:05.5090,0.29,-0.08,-2.95,-0.13,0.24,0.19
2024-03-25 16:58:05.5190,0.51,0.1,-2.72,-0.21,0.14,0.2
2024-03-25 16:58:05.5290,0.73,0.49,-2.79,-0.39,-0.04,0.24
2024-03-25 16:58:05.5390,0.77,0.93,-2.91,-0.57,-0.21,0.31
2024-03-25 16:58:05.5490,0.89,1.25,-2.52,-0.69,-0.3,0.38
2024-03-25 16:58:05.5590,1.13,1.33,-1.63,-0.7,-0.27,0.42
2024-03-25 16:58:05.5690,1.57,1.2,-0.62,-0.62,-0.13,0.39
2024-03-25 16:58:05.5790,2.04,0.89,0.35,-0.47,0.02,0.29
2024-03-25 16:58:05.5890,2.4,0.56,1.14,-0.32,0.14,0.12
2024-03-25 16:58:05.5990,2.49,0.33,1.72,-0.2,0.12,-0.08
2024-03-25 16:58:05.6080,2.21,0.18,2.12,-0.12,0.02,-0.24
2024-03-25 16:58:05.6190,1.75,0.19,2.6,-0.06,-0.13,-0.35
2024-03-25 16:58:05.6290,1.18,0.28,2.97,-0.01,-0.23,-0.42
2024-03-25 16:58:05.6390,1.06,0.55,3.22,0.05,-0.22,-0.48
2024-03-25 16:58:05.6490,1.04,0.79,3.25,0.13,-0.16,-0.52
2024-03-25 16:58:05.6590,1.02,1.07,3.26,0.21,-0.04,-0.54
2024-03-25 16:58:05.6690,0.83,1.38,3.18,0.29,0.1,-0.56
2024-03-25 16:58:05.6790,0.46,1.48,3.22,0.36,0.2,-0.54
2024-03-25 16:58:05.6890,-0.2,1.51,3.4,0.42,0.21,-0.49
2024-03-25 16:58:05.6990,-0.81,1.52,3.7,0.46,0.13,-0.44
2024-03-25 16:58:05.7090,-1.07,1.61,3.86,0.45,0.03,-0.37
2024-03-25 16:58:05.7190,-1.23,1.59,3.82,0.4,-0.02,-0.27
2024-03-25 16:58:05.7290,-1.52,1.43,3.65,0.3,0.04,-0.11
2024-03-25 16:58:05.7390,-1.95,1.08,3.56,0.21,0.16,0.11
2024-03-25 16:58:05.7490,-2.22,0.44,3.69,0.19,0.23,0.31
2024-03-25 16:58:05.7590,-2.01,-0.52,4.05,0.33,0.22,0.43
2024-03-25 16:58:05.7690,-1.27,-1.8,4.4,0.57,0.18,0.41
2024-03-25 16:58:05.7780,-0.4,-2.94,4.08,0.75,0.14,0.29
2024-03-25 16:58:05.7890,-0.01,-3.77,2.75,0.77,0.13,0.18
2024-03-25 16:58:05.7990,-0.16,-4.12,1.11,0.67,0.18,0.11
2024-03-25 16:58:05.8090,-0.63,-4.22,-0.08,0.5,0.29,0.13
2024-03-25 16:58:05.8180,-1.29,-4.13,-0.81,0.35,0.38,0.2
2024-03-25 16:58:05.8290,-1.91,-4.02,-1.02,0.26,0.39,0.24
2024-03-25 16:58:05.8380,-2.02,-3.81,-1.13,0.17,0.35,0.22
2024-03-25 16:58:05.8480,-1.84,-3.47,-1.58,0.05,0.29,0.14
2024-03-25 16:58:05.8610,-1.67,-2.81,-2.08,-0.06,0.21,0.06
2024-03-25 16:58:05.8690,-1.46,-1.87,-2.38,-0.16,0.14,0.01
2024-03-25 16:58:05.8790,-1.4,-1.0,-2.53,-0.23,0.12,0.02
2024-03-25 16:58:05.8890,-1.37,-0.23,-2.73,-0.31,0.12,0.07
2024-03-25 16:58:05.8990,-1.34,0.33,-3.11,-0.41,0.16,0.15
2024-03-25 16:58:05.9080,-1.25,0.7,-3.47,-0.52,0.2,0.26
2024-03-25 16:58:05.9180,-1.2,1.0,-3.57,-0.59,0.23,0.39
2024-03-25 16:58:05.9280,-1.27,1.06,-3.34,-0.63,0.24,0.52
2024-03-25 16:58:05.9380,-1.21,1.01,-2.92,-0.6,0.24,0.63
2024-03-25 16:58:05.9490,-0.9,0.81,-2.32,-0.51,0.23,0.66
2024-03-25 16:58:05.9590,-0.37,0.53,-1.76,-0.36,0.19,0.61
2024-03-25 16:58:05.9690,0.19,0.31,-1.54,-0.24,0.16,0.53
2024-03-25 16:58:05.9790,0.44,0.22,-1.73,-0.16,0.1,0.47
2024-03-25 16:58:05.9880,0.55,0.31,-2.15,-0.15,0.06,0.43
2024-03-25 16:58:05.9980,0.61,0.45,-2.68,-0.18,0.04,0.42
2024-03-25 16:58:06.0080,0.68,0.61,-2.94,-0.21,0.03,0.43
2024-03-25 16:58:06.0190,0.72,0.73,-2.96,-0.25,0.03,0.45
2024-03-25 16:58:06.0280,0.79,0.8,-2.95,-0.3,0.05,0.47
2024-03-25 16:58:06.0380,0.98,0.83,-2.85,-0.36,0.1,0.48
2024-03-25 16:58:06.0480,1.07,0.73,-2.49,-0.37,0.13,0.49
2024-03-25 16:58:06.0580,1.15,0.67,-1.7,-0.35,0.16,0.44
2024-03-25 16:58:06.0680,1.4,0.58,-1.08,-0.33,0.19,0.36
2024-03-25 16:58:06.0780,1.64,0.6,-0.7,-0.32,0.16,0.24
2024-03-25 16:58:06.0880,1.7,0.72,-0.37,-0.33,0.1,0.13
2024-03-25 16:58:06.0990,1.49,0.82,0.08,-0.28,0.06,0.02
2024-03-25 16:58:06.1090,1.39,0.96,0.67,-0.2,0.02,-0.05
2024-03-25 16:58:06.1190,1.28,1.16,1.29,-0.09,0.0,-0.09
2024-03-25 16:58:06.1280,0.86,1.23,1.91,0.06,-0.03,-0.11
2024-03-25 16:58:06.1390,0.47,1.41,2.35,0.15,-0.04,-0.1
2024-03-25 16:58:06.1480,0.16,1.59,2.35,0.17,-0.03,-0.08
2024-03-25 16:58:06.1590,0.09,1.76,2.39,0.18,-0.07,-0.1
2024-03-25 16:58:06.1680,0.25,1.89,2.72,0.2,-0.11,-0.15
2024-03-25 16:58:06.1790,0.3,1.98,3.11,0.24,-0.14,-0.2
2024-03-25 16:58:06.1880,0.22,2.0,3.49,0.31,-0.18,-0.24
2024-03-25 16:58:06.1990,0.11,1.85,3.88,0.39,-0.2,-0.3
2024-03-25 16:58:06.2080,0.07,1.53,4.01,0.45,-0.22,-0.35
2024-03-25 16:58:06.2180,-0.12,1.19,3.94,0.51,-0.24,-0.37
2024-03-25 16:58:06.2280,-0.38,0.92,3.99,0.62,-0.28,-0.41
2024-03-25 16:58:06.2380,-0.27,0.72,4.13,0.77,-0.35,-0.49
2024-03-25 16:58:06.2480,0.15,0.74,3.94,0.86,-0.42,-0.57
2024-03-25 16:58:06.2580,0.63,0.94,3.13,0.85,-0.39,-0.62
2024-03-25 16:58:06.2680,0.84,1.0,2.09,0.74,-0.26,-0.55
2024-03-25 16:58:06.2780,0.37,0.53,1.27,0.62,-0.06,-0.37
2024-03-25 16:58:06.2880,0.07,-0.34,1.13,0.62,0.08,-0.24
2024-03-25 16:58:06.2980,0.38,-1.32,1.57,0.68,0.12,-0.22
2024-03-25 16:58:06.3080,0.81,-2.32,1.71,0.72,0.05,-0.3
2024-03-25 16:58:06.3180,1.28,-3.04,1.41,0.69,-0.05,-0.44
2024-03-25 16:58:06.3280,1.73,-3.37,0.82,0.59,-0.12,-0.58
2024-03-25 16:58:06.3380,1.72,-3.42,0.19,0.43,-0.12,-0.65
2024-03-25 16:58:06.3490,1.28,-3.31,-0.28,0.28,-0.08,-0.65
2024-03-25 16:58:06.3580,0.7,-3.12,-0.52,0.11,-0.0,-0.6
2024-03-25 16:58:06.3680,0.18,-2.91,-0.72,-0.09,0.08,-0.51
2024-03-25 16:58:06.3780,-0.23,-2.74,-0.98,-0.31,0.16,-0.4
2024-03-25 16:58:06.3880,-0.53,-2.73,-1.07,-0.48,0.22,-0.34
2024-03-25 16:58:06.3980,-0.61,-2.78,-0.85,-0.62,0.23,-0.31
2024-03-25 16:58:06.4080,-0.69,-2.77,-0.4,-0.67,0.17,-0.3
2024-03-25 16:58:06.4180,-0.79,-2.43,0.16,-0.64,0.04,-0.32
2024-03-25 16:58:06.4280,-0.75,-2.01,0.62,-0.5,-0.13,-0.36
2024-03-25 16:58:06.4380,-0.5,-1.42,0.71,-0.36,-0.22,-0.4
2024-03-25 16:58:06.4480,-0.23,-0.84,0.1,-0.25,-0.22,-0.47
2024-03-25 16:58:06.4580,-0.01,-0.33,-0.86,-0.18,-0.18,-0.5
2024-03-25 16:58:06.4680,-0.01,0.19,-1.75,-0.14,-0.1,-0.49
2024-03-25 16:58:06.4780,-0.24,0.62,-2.43,-0.12,0.0,-0.43
2024-03-25 16:58:06.4880,-0.41,0.91,-2.86,-0.1,0.09,-0.35
2024-03-25 16:58:06.4980,-0.41,1.16,-3.09,-0.1,0.12,-0.26
2024-03-25 16:58:06.5080,-0.46,1.16,-3.36,-0.12,0.12,-0.17
2024-03-25 16:58:06.5180,-0.48,1.04,-3.49,-0.15,0.09,-0.1
2024-03-25 16:58:06.5280,-0.34,0.66,-3.45,-0.16,0.07,-0.07
2024-03-25 16:58:06.5380,-0.09,0.22,-3.21,-0.14,0.08,-0.05
2024-03-25 16:58:06.5480,-0.02,-0.15,-2.89,-0.09,0.08,-0.05
2024-03-25 16:58:06.5580,0.11,-0.31,-2.6,-0.07,0.09,-0.07
2024-03-25 16:58:06.5680,0.23,-0.38,-2.63,-0.08,0.08,-0.08
2024-03-25 16:58:06.5780,0.37,-0.33,-2.53,-0.09,0.04,-0.1
2024-03-25 16:58:06.5880,0.47,-0.17,-2.32,-0.11,0.01,-0.1
2024-03-25 16:58:06.5980,0.4,-0.04,-2.05,-0.12,-0.03,-0.07
2024-03-25 16:58:06.6080,0.2,0.14,-1.77,-0.12,-0.06,-0.03
2024-03-25 16:58:06.6180,0.15,0.32,-1.65,-0.12,-0.09,0.0
2024-03-25 16:58:06.6280,0.17,0.51,-1.6,-0.13,-0.1,0.03
2024-03-25 16:58:06.6380,0.26,0.69,-1.47,-0.16,-0.08,0.03
2024-03-25 16:58:06.6480,0.52,0.9,-1.27,-0.17,-0.0,0.04
2024-03-25 16:58:06.6580,0.65,1.14,-0.82,-0.14,0.13,0.06
2024-03-25 16:58:06.6680,0.6,1.32,-0.03,-0.1,0.29,0.09
2024-03-25 16:58:06.6780,0.63,1.5,0.68,-0.06,0.43,0.1
2024-03-25 16:58:06.6880,0.52,1.55,1.35,-0.04,0.53,0.11
2024-03-25 16:58:06.6980,0.14,1.49,2.18,0.03,0.57,0.11
2024-03-25 16:58:06.7080,-0.18,1.35,3.35,0.18,0.44,0.06
2024-03-25 16:58:06.7180,-0.45,1.08,4.45,0.34,0.2,-0.0
2024-03-25 16:58:06.7280,-0.52,0.99,5.01,0.49,-0.08,-0.07
2024-03-25 16:58:06.7380,-0.45,1.09,4.96,0.65,-0.32,-0.12
2024-03-25 16:58:06.7490,-0.13,1.35,4.64,0.81,-0.45,-0.18
2024-03-25 16:58:06.7580,0.42,1.77,4.05,0.89,-0.45,-0.23
2024-03-25 16:58:06.7680,0.62,2.19,2.92,0.72,-0.28,-0.16
2024-03-25 16:58:06.7780,-0.06,2.05,1.21,0.27,0.08,0.1
2024-03-25 16:58:06.7880,-1.62,0.84,0.26,-0.13,0.34,0.52
2024-03-25 16:58:06.7980,-2.76,-0.81,1.89,-0.18,0.31,0.77
2024-03-25 16:58:06.8080,-2.18,-2.68,4.44,-0.03,0.13,0.77
2024-03-25 16:58:06.8180,-1.06,-4.62,5.53,0.18,-0.12,0.56
2024-03-25 16:58:06.8280,-0.04,-5.77,5.42,0.27,-0.3,0.28
2024-03-25 16:58:06.8380,0.44,-6.3,4.27,0.24,-0.35,0.05
2024-03-25 16:58:06.8480,0.25,-6.22,3.1,0.21,-0.35,-0.11
2024-03-25 16:58:06.8580,-0.23,-5.78,2.37,0.18,-0.3,-0.21
2024-03-25 16:58:06.8680,-0.81,-5.23,1.58,0.09,-0.19,-0.27
2024-03-25 16:58:06.8780,-1.2,-4.56,0.58,0.01,-0.1,-0.31
2024-03-25 16:58:06.8880,-1.26,-3.65,-0.07,-0.02,-0.04,-0.37
2024-03-25 16:58:06.8980,-1.01,-2.53,-0.43,0.01,-0.02,-0.45
2024-03-25 16:58:06.9080,-0.81,-1.56,-0.88,0.06,-0.03,-0.53
2024-03-25 16:58:06.9180,-0.65,-0.69,-1.4,0.12,-0.06,-0.59
2024-03-25 16:58:06.9280,-0.52,0.02,-1.9,0.18,-0.04,-0.61
2024-03-25 16:58:06.9380,-0.41,0.53,-2.41,0.24,0.01,-0.59
2024-03-25 16:58:06.9480,-0.44,0.9,-2.86,0.24,0.04,-0.52
2024-03-25 16:58:06.9580,-0.8,1.14,-3.62,0.15,0.11,-0.34
2024-03-25 16:58:06.9680,-1.42,1.28,-4.29,0.04,0.13,-0.12
2024-03-25 16:58:06.9780,-1.74,1.34,-4.46,-0.04,0.06,0.09
2024-03-25 16:58:06.9880,-1.72,1.28,-4.36,-0.14,-0.08,0.26
2024-03-25 16:58:06.9980,-1.32,1.11,-4.64,-0.27,-0.22,0.36
2024-03-25 16:58:07.0080,-0.75,0.88,-5.02,-0.37,-0.26,0.41
2024-03-25 16:58:07.0180,-0.11,0.78,-5.07,-0.44,-0.17,0.43
2024-03-25 16:58:07.0280,0.32,0.66,-4.95,-0.47,-0.0,0.42
2024-03-25 16:58:07.0380,0.49,0.66,-4.68,-0.51,0.18,0.43
2024-03-25 16:58:07.0480,0.36,0.74,-4.37,-0.58,0.31,0.46
2024-03-25 16:58:07.0580,0.08,0.88,-4.02,-0.65,0.33,0.51
2024-03-25 16:58:07.0680,-0.21,0.97,-3.39,-0.69,0.28,0.57
2024-03-25 16:58:07.0780,-0.37,0.97,-2.44,-0.64,0.13,0.6
2024-03-25 16:58:07.0880,-0.31,0.85,-1.2,-0.54,-0.03,0.58
2024-03-25 16:58:07.0980,0.01,0.84,-0.35,-0.46,-0.14,0.52
2024-03-25 16:58:07.1080,0.11,0.76,0.01,-0.42,-0.18,0.47
2024-03-25 16:58:07.1180,0.04,0.7,0.19,-0.39,-0.18,0.42
2024-03-25 16:58:07.1280,0.07,0.77,0.57,-0.35,-0.16,0.39
2024-03-25 16:58:07.1380,-0.08,0.82,1.01,-0.27,-0.16,0.36
2024-03-25 16:58:07.1480,-0.13,0.85,1.59,-0.12,-0.15,0.3
2024-03-25 16:58:07.1580,0.07,0.89,2.26,0.08,-0.13,0.21
2024-03-25 16:58:07.1680,0.37,0.98,2.66,0.26,-0.12,0.08
2024-03-25 16:58:07.1780,0.48,1.09,2.57,0.29,-0.11,-0.03
2024-03-25 16:58:07.1880,0.17,1.05,2.01,0.23,-0.13,-0.1
2024-03-25 16:58:07.1980,-0.28,1.18,1.83,0.17,-0.15,-0.13
2024-03-25 16:58:07.2080,-0.6,1.29,2.1,0.14,-0.17,-0.15
2024-03-25 16:58:07.2180,-0.56,1.42,2.32,0.11,-0.15,-0.16
2024-03-25 16:58:07.2280,-0.42,1.35,2.45,0.12,-0.08,-0.19
2024-03-25 16:58:07.2380,-0.21,1.31,2.68,0.16,0.03,-0.26
2024-03-25 16:58:07.2480,-0.04,1.23,2.88,0.24,0.11,-0.35
2024-03-25 16:58:07.2580,0.01,1.32,3.12,0.31,0.06,-0.43
2024-03-25 16:58:07.2680,-0.08,1.5,3.04,0.35,-0.14,-0.48
2024-03-25 16:58:07.2780,-0.02,2.01,2.65,0.26,-0.31,-0.43
2024-03-25 16:58:07.2880,0.1,2.42,1.44,-0.04,-0.37,-0.31
2024-03-25 16:58:07.2980,0.19,2.09,-0.01,-0.46,-0.2,-0.06
2024-03-25 16:58:07.3080,0.15,1.39,-0.19,-0.73,0.12,0.22
2024-03-25 16:58:07.3180,0.3,0.19,1.72,-0.69,0.39,0.34
2024-03-25 16:58:07.3280,0.84,-1.24,4.18,-0.45,0.53,0.31
2024-03-25 16:58:07.3380,1.35,-2.54,5.64,-0.12,0.46,0.13
2024-03-25 16:58:07.3480,1.91,-3.12,5.82,0.15,0.25,-0.13
2024-03-25 16:58:07.3580,2.11,-3.21,4.97,0.28,0.0,-0.31
2024-03-25 16:58:07.3680,1.73,-3.06,3.62,0.36,-0.22,-0.4
2024-03-25 16:58:07.3780,1.27,-2.78,2.44,0.39,-0.36,-0.41
2024-03-25 16:58:07.3880,0.92,-2.44,1.13,0.4,-0.37,-0.36
2024-03-25 16:58:07.3980,0.81,-1.97,-0.07,0.38,-0.31,-0.29
2024-03-25 16:58:07.4080,0.79,-1.58,-1.09,0.29,-0.17,-0.2
2024-03-25 16:58:07.4180,0.69,-1.31,-2.02,0.15,-0.01,-0.09
2024-03-25 16:58:07.4280,0.49,-1.2,-2.65,-0.0,0.11,0.0
2024-03-25 16:58:07.4380,0.32,-1.26,-2.75,-0.12,0.11,0.07
2024-03-25 16:58:07.4480,0.22,-1.35,-2.41,-0.21,0.02,0.08
2024-03-25 16:58:07.4580,0.31,-1.49,-2.04,-0.26,-0.11,0.02
2024-03-25 16:58:07.4680,0.59,-1.58,-1.82,-0.28,-0.21,-0.08
2024-03-25 16:58:07.4780,0.87,-1.57,-1.75,-0.25,-0.22,-0.18
2024-03-25 16:58:07.4880,1.04,-1.4,-1.71,-0.17,-0.15,-0.27
2024-03-25 16:58:07.4980,1.06,-1.14,-1.76,-0.1,-0.03,-0.33
2024-03-25 16:58:07.5080,0.9,-0.88,-2.0,-0.04,0.06,-0.36
2024-03-25 16:58:07.5180,0.59,-0.69,-2.27,-0.01,0.1,-0.35
2024-03-25 16:58:07.5280,0.32,-0.45,-2.6,-0.03,0.06,-0.31
2024-03-25 16:58:07.5380,0.23,-0.26,-3.0,-0.09,-0.03,-0.29
2024-03-25 16:58:07.5480,0.44,-0.18,-3.19,-0.11,-0.15,-0.28
2024-03-25 16:58:07.5580,0.83,0.0,-2.88,-0.12,-0.23,-0.31
2024-03-25 16:58:07.5680,1.38,0.01,-2.54,-0.17,-0.29,-0.39
2024-03-25 16:58:07.5780,1.74,-0.03,-2.44,-0.27,-0.28,-0.47
2024-03-25 16:58:07.5880,1.75,-0.03,-2.3,-0.38,-0.27,-0.51
2024-03-25 16:58:07.5980,1.33,-0.02,-1.68,-0.36,-0.27,-0.47
2024-03-25 16:58:07.6080,0.88,0.13,-0.59,-0.23,-0.27,-0.42
2024-03-25 16:58:07.6180,0.91,0.25,0.07,-0.09,-0.3,-0.4
2024-03-25 16:58:07.6280,1.16,0.3,0.05,0.01,-0.36,-0.42
2024-03-25 16:58:07.6380,1.5,0.52,-0.33,0.06,-0.4,-0.47
2024-03-25 16:58:07.6480,1.56,0.64,-0.71,0.11,-0.4,-0.52
2024-03-25 16:58:07.6600,1.35,0.7,-0.84,0.18,-0.35,-0.55
2024-03-25 16:58:07.6680,0.98,0.74,-0.76,0.29,-0.25,-0.55
2024-03-25 16:58:07.6780,0.55,0.81,-0.73,0.37,-0.13,-0.53
2024-03-25 16:58:07.6880,0.07,0.94,-0.92,0.42,-0.04,-0.48
2024-03-25 16:58:07.6980,-0.36,1.08,-1.13,0.41,0.04,-0.41
2024-03-25 16:58:07.7080,-0.67,1.19,-1.27,0.36,0.11,-0.33
2024-03-25 16:58:07.7180,-0.86,1.2,-1.14,0.31,0.19,-0.27
2024-03-25 16:58:07.7280,-0.96,1.14,-0.82,0.23,0.26,-0.21
2024-03-25 16:58:07.7380,-1.21,0.95,-0.35,0.16,0.32,-0.15
2024-03-25 16:58:07.7490,-1.47,0.69,0.45,0.14,0.36,-0.11
2024-03-25 16:58:07.7580,-1.53,0.48,1.56,0.23,0.28,-0.15
2024-03-25 16:58:07.7680,-1.4,0.39,2.61,0.34,0.21,-0.19
2024-03-25 16:58:07.7780,-1.24,0.53,3.27,0.43,0.2,-0.21
2024-03-25 16:58:07.7880,-1.07,0.67,3.49,0.51,0.21,-0.21
2024-03-25 16:58:07.7980,-0.89,0.96,3.6,0.56,0.22,-0.17
2024-03-25 16:58:07.8070,-0.73,1.42,3.78,0.57,0.21,-0.11
2024-03-25 16:58:07.8180,-0.82,1.6,3.58,0.44,0.26,0.03
2024-03-25 16:58:07.8280,-1.32,1.36,3.16,0.23,0.36,0.27
2024-03-25 16:58:07.8380,-1.91,0.75,3.25,0.07,0.4,0.54
2024-03-25 16:58:07.8480,-2.0,-0.25,4.19,0.05,0.36,0.7
2024-03-25 16:58:07.8580,-1.39,-1.64,5.2,0.21,0.29,0.72
2024-03-25 16:58:07.8680,-0.43,-3.18,5.93,0.48,0.19,0.54
2024-03-25 16:58:07.8780,0.46,-4.39,6.0,0.67,0.08,0.28
2024-03-25 16:58:07.8880,0.72,-5.04,4.7,0.68,0.0,0.07
2024-03-25 16:58:07.8980,0.37,-5.04,3.0,0.59,-0.04,-0.03
2024-03-25 16:58:07.9080,-0.32,-4.64,1.73,0.48,-0.06,-0.03
2024-03-25 16:58:07.9180,-1.0,-4.11,0.95,0.37,-0.02,0.02
2024-03-25 16:58:07.9280,-1.42,-3.66,0.27,0.25,0.05,0.07
2024-03-25 16:58:07.9380,-1.61,-3.25,-0.37,0.12,0.13,0.1
2024-03-25 16:58:07.9480,-1.64,-2.72,-0.81,-0.0,0.15,0.13
2024-03-25 16:58:07.9580,-1.74,-2.13,-1.12,-0.1,0.1,0.15
2024-03-25 16:58:07.9680,-1.87,-1.57,-1.41,-0.2,0.02,0.2
2024-03-25 16:58:07.9780,-1.91,-1.08,-1.78,-0.29,-0.04,0.26
2024-03-25 16:58:07.9880,-1.89,-0.68,-2.11,-0.34,-0.07,0.33
2024-03-25 16:58:07.9980,-1.75,-0.41,-2.36,-0.34,-0.05,0.39
2024-03-25 16:58:08.0080,-1.5,-0.17,-2.52,-0.3,-0.01,0.44
2024-03-25 16:58:08.0180,-1.28,-0.01,-2.66,-0.22,0.04,0.45
2024-03-25 16:58:08.0280,-1.06,0.1,-2.83,-0.13,0.08,0.47
2024-03-25 16:58:08.0370,-0.9,0.29,-3.19,-0.07,0.11,0.48
2024-03-25 16:58:08.0480,-0.85,0.46,-3.65,-0.02,0.09,0.48
2024-03-25 16:58:08.0580,-0.78,0.58,-4.08,-0.0,0.04,0.5
2024-03-25 16:58:08.0680,-0.73,0.63,-4.59,-0.03,-0.02,0.52
2024-03-25 16:58:08.0780,-0.62,0.74,-5.05,-0.08,-0.05,0.56
2024-03-25 16:58:08.0880,-0.58,0.84,-5.3,-0.13,-0.04,0.61
2024-03-25 16:58:08.0980,-0.48,0.89,-5.38,-0.18,0.01,0.67
2024-03-25 16:58:08.1080,-0.3,0.87,-5.3,-0.2,0.06,0.71
2024-03-25 16:58:08.1180,0.02,0.9,-4.87,-0.2,0.1,0.73
2024-03-25 16:58:08.1280,0.32,0.87,-4.49,-0.25,0.13,0.72
2024-03-25 16:58:08.1380,0.59,0.8,-4.1,-0.29,0.16,0.68
2024-03-25 16:58:08.1480,0.8,0.69,-3.39,-0.33,0.22,0.65
2024-03-25 16:58:08.1580,0.94,0.51,-2.38,-0.32,0.27,0.6
2024-03-25 16:58:08.1670,1.05,0.45,-1.27,-0.29,0.29,0.57
2024-03-25 16:58:08.1780,1.0,0.47,-0.38,-0.25,0.25,0.55
2024-03-25 16:58:08.1880,1.01,0.63,0.32,-0.2,0.12,0.51
2024-03-25 16:58:08.1980,1.08,0.85,0.93,-0.2,-0.06,0.48
2024-03-25 16:58:08.2070,1.16,1.09,1.31,-0.24,-0.23,0.44
2024-03-25 16:58:08.2180,1.41,1.26,1.59,-0.29,-0.33,0.36
2024-03-25 16:58:08.2280,1.74,1.29,1.93,-0.33,-0.37,0.26
2024-03-25 16:58:08.2370,2.01,1.2,2.49,-0.31,-0.34,0.15
2024-03-25 16:58:08.2480,2.23,1.16,3.28,-0.23,-0.27,0.03
2024-03-25 16:58:08.2580,2.38,1.11,3.95,-0.12,-0.16,-0.11
2024-03-25 16:58:08.2680,2.43,1.08,4.38,-0.0,-0.07,-0.26
2024-03-25 16:58:08.2770,2.28,1.11,4.68,0.09,-0.02,-0.4
2024-03-25 16:58:08.2880,1.99,1.16,4.76,0.16,-0.03,-0.51
2024-03-25 16:58:08.2970,1.53,1.26,4.88,0.23,-0.08,-0.61
2024-03-25 16:58:08.3080,1.25,1.4,5.09,0.36,-0.18,-0.72
2024-03-25 16:58:08.3180,1.28,1.58,5.34,0.51,-0.28,-0.86
2024-03-25 16:58:08.3270,1.52,1.94,5.17,0.58,-0.28,-0.95
2024-03-25 16:58:08.3370,1.46,2.11,4.48,0.6,-0.21,-0.97
2024-03-25 16:58:08.3480,1.07,2.05,3.92,0.6,-0.17,-0.89
2024-03-25 16:58:08.3580,0.44,1.41,3.68,0.65,-0.15,-0.79
2024-03-25 16:58:08.3670,0.18,0.47,3.71,0.75,-0.16,-0.75
2024-03-25 16:58:08.3770,0.48,-0.47,3.48,0.84,-0.16,-0.75
2024-03-25 16:58:08.3880,0.82,-1.42,2.73,0.9,-0.17,-0.78
2024-03-25 16:58:08.3970,0.97,-2.15,1.8,0.91,-0.16,-0.82
2024-03-25 16:58:08.4070,0.99,-2.57,0.93,0.86,-0.12,-0.85
2024-03-25 16:58:08.4170,0.96,-2.87,0.11,0.79,-0.06,-0.87
2024-03-25 16:58:08.4270,0.8,-3.01,-0.52,0.7,0.02,-0.86
2024-03-25 16:58:08.4370,0.51,-2.96,-0.93,0.61,0.1,-0.82
2024-03-25 16:58:08.4480,0.16,-2.78,-1.28,0.47,0.15,-0.75
2024-03-25 16:58:08.4580,-0.12,-2.56,-1.79,0.27,0.19,-0.64
2024-03-25 16:58:08.4670,-0.57,-2.47,-2.33,0.02,0.18,-0.49
2024-03-25 16:58:08.4770,-1.1,-2.52,-2.64,-0.22,0.14,-0.32
2024-03-25 16:58:08.4880,-1.43,-2.65,-2.67,-0.41,0.04,-0.18
2024-03-25 16:58:08.4970,-1.19,-2.72,-2.48,-0.54,-0.07,-0.18
2024-03-25 16:58:08.5080,-0.31,-2.63,-2.51,-0.62,-0.17,-0.25
2024-03-25 16:58:08.5170,0.39,-2.33,-2.58,-0.62,-0.22,-0.34
2024-03-25 16:58:08.5270,0.71,-1.98,-2.54,-0.57,-0.18,-0.43
2024-03-25 16:58:08.5380,0.83,-1.69,-2.69,-0.52,-0.09,-0.5
2024-03-25 16:58:08.5480,0.76,-1.38,-3.04,-0.47,0.02,-0.54
2024-03-25 16:58:08.5570,0.59,-1.07,-3.39,-0.43,0.1,-0.55
2024-03-25 16:58:08.5670,0.39,-0.8,-3.64,-0.39,0.16,-0.55
2024-03-25 16:58:08.5770,0.29,-0.55,-3.75,-0.33,0.17,-0.56
2024-03-25 16:58:08.5880,0.3,-0.31,-3.85,-0.27,0.13,-0.58
2024-03-25 16:58:08.5970,0.34,-0.05,-4.03,-0.27,0.09,-0.6
2024-03-25 16:58:08.6070,0.31,0.08,-4.38,-0.28,0.07,-0.6
2024-03-25 16:58:08.6170,0.25,0.16,-4.46,-0.34,0.09,-0.55
2024-03-25 16:58:08.6270,-0.04,0.31,-4.5,-0.45,0.2,-0.39
2024-03-25 16:58:08.6370,-0.57,0.39,-4.19,-0.5,0.3,-0.2
2024-03-25 16:58:08.6470,-0.6,0.53,-3.2,-0.49,0.31,-0.04
2024-03-25 16:58:08.6570,-0.48,0.46,-2.32,-0.47,0.22,0.07
2024-03-25 16:58:08.6670,-0.19,0.55,-1.76,-0.48,0.06,0.12
2024-03-25 16:58:08.6770,0.26,0.45,-1.31,-0.47,-0.11,0.09
2024-03-25 16:58:08.6870,0.9,0.48,-0.81,-0.5,-0.25,0.03
2024-03-25 16:58:08.6970,1.26,0.61,-0.59,-0.61,-0.32,0.01
2024-03-25 16:58:08.7070,1.38,0.81,-0.46,-0.73,-0.3,0.02
2024-03-25 16:58:08.7170,1.49,1.08,0.09,-0.81,-0.21,0.05
2024-03-25 16:58:08.7270,1.64,1.22,1.0,-0.8,-0.09,0.07
2024-03-25 16:58:08.7370,1.79,1.33,1.97,-0.72,0.0,0.05
2024-03-25 16:58:08.7480,2.1,1.38,2.84,-0.58,0.07,-0.04
2024-03-25 16:58:08.7580,2.66,1.35,3.69,-0.4,0.13,-0.22
2024-03-25 16:58:08.7670,3.22,1.44,4.42,-0.24,0.2,-0.42
2024-03-25 16:58:08.7770,3.32,1.48,4.75,-0.14,0.28,-0.59
2024-03-25 16:58:08.7870,2.82,1.4,4.98,-0.07,0.33,-0.66
2024-03-25 16:58:08.7970,1.87,1.36,5.49,-0.01,0.33,-0.67
2024-03-25 16:58:08.8070,1.19,1.29,6.06,0.1,0.28,-0.67
2024-03-25 16:58:08.8170,1.02,1.14,6.64,0.32,0.18,-0.71
2024-03-25 16:58:08.8270,1.2,0.99,7.18,0.62,0.08,-0.79
2024-03-25 16:58:08.8370,1.36,0.81,7.2,0.92,0.03,-0.89
2024-03-25 16:58:08.8470,1.46,0.76,6.48,1.13,0.05,-0.97
2024-03-25 16:58:08.8570,1.38,0.75,5.18,1.21,0.08,-1.0
2024-03-25 16:58:08.8670,0.68,0.64,3.95,1.15,0.1,-0.91
2024-03-25 16:58:08.8770,-0.48,0.26,2.95,1.04,0.09,-0.71
2024-03-25 16:58:08.8870,-1.55,-0.31,2.6,1.0,-0.02,-0.51
2024-03-25 16:58:08.8970,-1.97,-1.02,2.72,1.04,-0.16,-0.37
2024-03-25 16:58:08.9070,-1.8,-1.84,2.57,1.1,-0.28,-0.32
2024-03-25 16:58:08.9170,-1.35,-2.66,1.71,1.11,-0.37,-0.32
2024-03-25 16:58:08.9270,-1.11,-3.33,0.53,1.05,-0.39,-0.33
2024-03-25 16:58:08.9370,-1.24,-3.73,-0.51,0.89,-0.36,-0.33
2024-03-25 16:58:08.9470,-1.46,-3.76,-1.61,0.65,-0.31,-0.28
2024-03-25 16:58:08.9570,-1.87,-3.7,-2.43,0.35,-0.27,-0.2
2024-03-25 16:58:08.9670,-2.3,-3.55,-3.03,0.0,-0.22,-0.11
2024-03-25 16:58:08.9770,-2.58,-3.47,-3.52,-0.4,-0.11,-0.0
2024-03-25 16:58:08.9870,-2.74,-3.47,-3.84,-0.76,-0.04,0.06
2024-03-25 16:58:08.9970,-2.66,-3.5,-3.5,-0.99,-0.01,0.03
2024-03-25 16:58:09.0070,-2.15,-3.24,-2.71,-1.1,-0.02,-0.07
2024-03-25 16:58:09.0170,-1.68,-2.71,-2.19,-1.14,-0.03,-0.16
2024-03-25 16:58:09.0270,-1.47,-2.2,-1.94,-1.08,-0.03,-0.23
2024-03-25 16:58:09.0370,-1.29,-1.58,-1.74,-0.98,0.01,-0.28
2024-03-25 16:58:09.0470,-1.2,-1.05,-1.87,-0.87,0.06,-0.29
2024-03-25 16:58:09.0570,-1.26,-0.54,-2.17,-0.77,0.1,-0.23
2024-03-25 16:58:09.0670,-1.34,0.02,-2.59,-0.69,0.11,-0.17
2024-03-25 16:58:09.0770,-1.24,0.43,-3.05,-0.64,0.1,-0.11
2024-03-25 16:58:09.0870,-1.08,0.74,-3.42,-0.55,0.1,-0.04
2024-03-25 16:58:09.0970,-1.02,0.91,-3.37,-0.42,0.09,0.01
2024-03-25 16:58:09.1070,-0.86,0.99,-3.25,-0.3,0.08,0.07
2024-03-25 16:58:09.1170,-0.66,1.01,-3.33,-0.2,0.06,0.07
2024-03-25 16:58:09.1270,-0.21,0.97,-3.41,-0.08,0.03,0.04
2024-03-25 16:58:09.1370,0.19,1.03,-3.12,0.04,0.0,0.01
2024-03-25 16:58:09.1470,0.28,1.06,-2.89,0.15,-0.01,0.0
2024-03-25 16:58:09.1570,0.27,1.2,-2.75,0.2,-0.01,0.04
2024-03-25 16:58:09.1670,0.16,1.45,-2.83,0.16,0.02,0.15
2024-03-25 16:58:09.1770,-0.07,1.72,-2.87,0.07,0.06,0.31
2024-03-25 16:58:09.1870,-0.14,1.95,-2.51,-0.03,0.1,0.46
2024-03-25 16:58:09.1970,0.14,1.93,-1.77,-0.06,0.2,0.56
2024-03-25 16:58:09.2070,0.71,1.62,-0.65,-0.04,0.33,0.56
2024-03-25 16:58:09.2170,1.34,1.12,0.63,0.03,0.36,0.47
2024-03-25 16:58:09.2270,1.79,0.65,1.91,0.1,0.27,0.3
2024-03-25 16:58:09.2370,1.92,0.37,2.76,0.12,0.09,0.14
2024-03-25 16:58:09.2470,1.71,0.31,3.22,0.14,-0.18,-0.02
2024-03-25 16:58:09.2570,1.33,0.42,3.44,0.13,-0.37,-0.11
2024-03-25 16:58:09.2670,1.03,0.63,3.4,0.11,-0.43,-0.18
2024-03-25 16:58:09.2770,1.1,0.8,3.4,0.15,-0.38,-0.26
2024-03-25 16:58:09.2870,1.4,0.87,3.68,0.22,-0.28,-0.36
2024-03-25 16:58:09.2970,1.66,0.9,3.79,0.28,-0.18,-0.49
2024-03-25 16:58:09.3070,1.79,0.92,3.61,0.29,-0.11,-0.65
2024-03-25 16:58:09.3170,1.75,0.93,3.32,0.29,-0.07,-0.82
2024-03-25 16:58:09.3270,1.46,1.0,3.32,0.38,-0.08,-0.97
2024-03-25 16:58:09.3370,1.12,1.17,3.67,0.55,-0.12,-1.13
2024-03-25 16:58:09.3470,0.99,1.55,3.79,0.71,-0.18,-1.28
2024-03-25 16:58:09.3570,0.84,2.23,3.18,0.72,-0.22,-1.31
2024-03-25 16:58:09.3670,0.25,2.78,2.17,0.71,-0.19,-1.17
2024-03-25 16:58:09.3770,-0.52,2.84,1.83,0.58,-0.07,-0.86
2024-03-25 16:58:09.3870,-1.06,2.06,1.35,0.49,-0.04,-0.59
2024-03-25 16:58:09.3970,-0.7,0.88,1.61,0.51,-0.06,-0.43
2024-03-25 16:58:09.4070,0.27,-0.48,1.99,0.53,-0.17,-0.39
2024-03-25 16:58:09.4170,1.21,-1.67,1.37,0.52,-0.36,-0.48
2024-03-25 16:58:09.4270,2.28,-2.53,0.73,0.5,-0.5,-0.67
2024-03-25 16:58:09.4370,3.15,-3.15,0.18,0.48,-0.52,-0.87
2024-03-25 16:58:09.4470,3.45,-3.26,-0.29,0.44,-0.44,-1.0
2024-03-25 16:58:09.4570,3.26,-3.05,-0.71,0.38,-0.28,-1.03
2024-03-25 16:58:09.4670,2.7,-2.78,-1.1,0.31,-0.06,-0.98
2024-03-25 16:58:09.4770,2.1,-2.46,-1.36,0.21,0.18,-0.86
2024-03-25 16:58:09.4870,1.38,-2.12,-1.61,0.06,0.37,-0.69
2024-03-25 16:58:09.4970,0.71,-1.94,-1.83,-0.12,0.47,-0.52
2024-03-25 16:58:09.5070,0.27,-1.94,-1.83,-0.32,0.49,-0.4
2024-03-25 16:58:09.5170,0.08,-2.06,-1.57,-0.46,0.41,-0.35
2024-03-25 16:58:09.5270,0.03,-2.17,-1.14,-0.55,0.29,-0.35
2024-03-25 16:58:09.5370,0.06,-2.13,-0.84,-0.58,0.12,-0.39
2024-03-25 16:58:09.5470,-0.03,-1.95,-0.69,-0.56,-0.06,-0.45
2024-03-25 16:58:09.5570,-0.17,-1.66,-0.75,-0.51,-0.16,-0.46
2024-03-25 16:58:09.5670,-0.48,-1.2,-1.1,-0.43,-0.2,-0.4
2024-03-25 16:58:09.5770,-1.07,-0.57,-1.47,-0.33,-0.16,-0.24
2024-03-25 16:58:09.5870,-1.59,0.07,-1.95,-0.21,-0.09,-0.05
2024-03-25 16:58:09.5970,-1.72,0.56,-2.44,-0.1,0.02,0.1
2024-03-25 16:58:09.6070,-1.33,0.89,-2.92,-0.03,0.09,0.16
2024-03-25 16:58:09.6170,-0.79,1.04,-3.49,-0.08,0.1,0.16
2024-03-25 16:58:09.6270,-0.47,1.17,-4.14,-0.22,0.04,0.13
2024-03-25 16:58:09.6370,-0.21,1.16,-4.26,-0.35,-0.06,0.06
2024-03-25 16:58:09.6470,0.12,1.21,-3.72,-0.39,-0.13,0.02
2024-03-25 16:58:09.6570,0.15,0.98,-2.77,-0.32,-0.12,0.01
2024-03-25 16:58:09.6670,0.1,0.72,-1.75,-0.22,-0.11,0.02
2024-03-25 16:58:09.6770,0.05,0.39,-1.45,-0.19,-0.14,0.04
2024-03-25 16:58:09.6870,-0.09,0.13,-1.58,-0.22,-0.2,0.07
2024-03-25 16:58:09.6970,-0.13,-0.14,-1.51,-0.23,-0.3,0.05
2024-03-25 16:58:09.7070,0.2,-0.35,-1.09,-0.2,-0.4,-0.03
2024-03-25 16:58:09.7170,0.63,-0.54,-0.74,-0.14,-0.46,-0.14
2024-03-25 16:58:09.7270,0.89,-0.58,-0.63,-0.07,-0.44,-0.21
2024-03-25 16:58:09.7370,0.86,-0.4,-0.65,-0.06,-0.33,-0.24
2024-03-25 16:58:09.7470,0.61,-0.12,-0.9,-0.14,-0.15,-0.17
2024-03-25 16:58:09.7570,-0.01,0.29,-0.91,-0.27,0.02,-0.01
2024-03-25 16:58:09.7670,-0.7,0.83,-0.46,-0.47,0.13,0.15
2024-03-25 16:58:09.7770,-0.86,1.16,0.26,-0.67,0.15,0.24
2024-03-25 16:58:09.7870,-0.75,1.15,1.36,-0.77,0.08,0.27
2024-03-25 16:58:09.7970,-0.57,1.1,2.87,-0.74,-0.02,0.22
2024-03-25 16:58:09.8070,-0.24,1.01,4.34,-0.61,-0.09,0.13
2024-03-25 16:58:09.8170,-0.04,0.97,5.34,-0.4,-0.08,0.03
2024-03-25 16:58:09.8270,-0.23,0.92,5.87,-0.16,0.07,-0.01
2024-03-25 16:58:09.8370,-1.17,0.97,6.11,0.13,0.28,0.12
2024-03-25 16:58:09.8470,-2.52,1.91,6.24,0.3,0.54,0.48
2024-03-25 16:58:09.8570,-3.73,2.9,5.75,0.21,0.75,0.99
2024-03-25 16:58:09.8670,-4.73,2.43,4.68,-0.06,0.75,1.48
2024-03-25 16:58:09.8770,-4.4,1.58,4.42,-0.25,0.45,1.72
2024-03-25 16:58:09.8870,-2.76,0.08,5.26,-0.17,0.14,1.62
2024-03-25 16:58:09.8970,-0.39,-1.86,6.42,0.24,-0.01,1.27
2024-03-25 16:58:09.9070,1.48,-3.18,7.19,0.74,0.06,0.89
2024-03-25 16:58:09.9170,1.79,-3.91,6.4,1.02,0.28,0.67
2024-03-25 16:58:09.9270,1.0,-4.17,4.12,1.0,0.43,0.59
2024-03-25 16:58:09.9370,0.04,-4.04,1.58,0.76,0.36,0.56
2024-03-25 16:58:09.9470,-0.46,-3.68,-0.17,0.45,0.16,0.55
2024-03-25 16:58:09.9570,-0.73,-3.36,-1.14,0.17,-0.03,0.55
2024-03-25 16:58:09.9670,-0.64,-3.14,-1.58,-0.01,-0.12,0.51
2024-03-25 16:58:09.9770,-0.12,-2.97,-1.77,-0.1,-0.1,0.41
2024-03-25 16:58:09.9870,0.57,-2.59,-1.88,-0.12,-0.01,0.28
2024-03-25 16:58:09.9970,1.06,-2.07,-2.13,-0.12,0.1,0.17
2024-03-25 16:58:10.0070,1.14,-1.63,-2.4,-0.09,0.19,0.09
2024-03-25 16:58:10.0170,1.05,-1.24,-2.61,-0.03,0.24,0.06
2024-03-25 16:58:10.0270,0.79,-0.96,-2.82,0.03,0.26,0.06
2024-03-25 16:58:10.0370,0.34,-0.66,-3.13,0.03,0.18,0.15
2024-03-25 16:58:10.0470,-0.28,-0.33,-3.65,-0.06,-0.04,0.27
2024-03-25 16:58:10.0570,-0.79,-0.15,-4.31,-0.23,-0.38,0.41
2024-03-25 16:58:10.0670,-1.11,-0.03,-4.68,-0.37,-0.69,0.52
2024-03-25 16:58:10.0770,-0.86,0.06,-4.74,-0.47,-0.9,0.61
2024-03-25 16:58:10.0870,-0.55,0.09,-4.48,-0.47,-0.97,0.62
2024-03-25 16:58:10.0970,-0.09,-0.09,-4.11,-0.4,-0.92,0.61
2024-03-25 16:58:10.1070,0.36,-0.26,-3.6,-0.25,-0.76,0.57
2024-03-25 16:58:10.1170,0.69,-0.35,-3.07,-0.09,-0.58,0.51
2024-03-25 16:58:10.1270,0.75,-0.51,-2.89,0.02,-0.42,0.44
2024-03-25 16:58:10.1370,0.78,-0.45,-2.95,0.04,-0.32,0.4
2024-03-25 16:58:10.1470,0.62,-0.26,-3.12,-0.0,-0.25,0.4
2024-03-25 16:58:10.1570,0.46,-0.04,-3.11,-0.09,-0.23,0.42
2024-03-25 16:58:10.1670,0.15,0.02,-2.89,-0.19,-0.28,0.41
2024-03-25 16:58:10.1770,0.13,-0.08,-2.43,-0.24,-0.3,0.36
2024-03-25 16:58:10.1870,0.56,-0.07,-1.54,-0.21,-0.3,0.25
2024-03-25 16:58:10.1970,0.95,-0.05,-0.7,-0.12,-0.26,0.11
2024-03-25 16:58:10.2070,1.21,0.13,-0.17,-0.05,-0.16,-0.02
2024-03-25 16:58:10.2170,1.08,0.4,-0.07,-0.01,-0.06,-0.1
2024-03-25 16:58:10.2270,0.76,0.66,0.05,0.01,0.03,-0.13
2024-03-25 16:58:10.2370,0.24,0.9,0.55,0.01,0.06,-0.09
2024-03-25 16:58:10.2470,-0.02,1.18,1.24,0.04,0.01,-0.12
2024-03-25 16:58:10.2570,0.31,1.21,2.14,0.11,-0.14,-0.29
2024-03-25 16:58:10.2670,1.04,1.29,3.02,0.16,-0.35,-0.55
2024-03-25 16:58:10.2770,1.5,1.48,3.36,0.16,-0.44,-0.71
2024-03-25 16:58:10.2870,1.25,1.95,3.55,0.11,-0.35,-0.74
2024-03-25 16:58:10.2970,0.69,2.29,3.64,0.07,-0.15,-0.71
2024-03-25 16:58:10.3070,0.32,2.52,4.04,0.1,0.06,-0.67
2024-03-25 16:58:10.3170,0.21,2.51,4.7,0.17,0.19,-0.72
2024-03-25 16:58:10.3270,0.37,2.65,5.24,0.31,0.21,-0.84
2024-03-25 16:58:10.3370,0.61,2.92,5.57,0.48,0.23,-0.98
2024-03-25 16:58:10.3470,0.79,3.49,5.59,0.6,0.29,-1.0
2024-03-25 16:58:10.3570,0.16,3.9,5.16,0.66,0.36,-0.81
2024-03-25 16:58:10.3670,-0.92,3.9,4.73,0.68,0.42,-0.51
2024-03-25 16:58:10.3770,-1.52,3.06,4.5,0.74,0.35,-0.27
2024-03-25 16:58:10.3870,-1.19,1.85,4.37,0.85,0.24,-0.17
2024-03-25 16:58:10.3970,-0.27,0.67,3.79,0.91,0.2,-0.14
2024-03-25 16:58:10.4070,0.5,-0.51,2.51,0.96,0.23,-0.16
2024-03-25 16:58:10.4170,1.06,-1.16,1.66,0.98,0.33,-0.23
2024-03-25 16:58:10.4270,1.45,-1.81,1.01,1.0,0.42,-0.31
2024-03-25 16:58:10.4370,1.58,-2.13,0.61,1.01,0.46,-0.36
2024-03-25 16:58:10.4470,1.24,-2.05,0.38,0.97,0.41,-0.33
2024-03-25 16:58:10.4570,0.53,-2.08,-0.04,0.89,0.31,-0.24
2024-03-25 16:58:10.4670,0.11,-1.99,-0.52,0.76,0.2,-0.12
2024-03-25 16:58:10.4770,0.01,-2.04,-1.03,0.58,0.18,-0.01
2024-03-25 16:58:10.4870,0.02,-2.36,-1.65,0.37,0.16,0.08
2024-03-25 16:58:10.4970,0.18,-2.59,-2.04,0.2,0.17,0.15
2024-03-25 16:58:10.5070,0.19,-2.89,-2.02,0.05,0.15,0.2
2024-03-25 16:58:10.5170,0.17,-3.28,-2.07,-0.07,0.1,0.22
2024-03-25 16:58:10.5270,0.25,-3.43,-2.26,-0.18,0.02,0.2
2024-03-25 16:58:10.5370,0.39,-3.59,-2.69,-0.27,-0.04,0.18
2024-03-25 16:58:10.5470,0.51,-3.52,-3.1,-0.3,-0.07,0.18
2024-03-25 16:58:10.5560,0.53,-3.23,-3.32,-0.3,-0.04,0.14
2024-03-25 16:58:10.5670,0.73,-2.89,-3.68,-0.32,0.02,0.1
2024-03-25 16:58:10.5760,0.89,-2.5,-4.27,-0.37,0.09,0.04
2024-03-25 16:58:10.5870,1.05,-2.3,-4.76,-0.43,0.12,-0.07
2024-03-25 16:58:10.5970,1.26,-2.0,-4.85,-0.52,0.05,-0.18
2024-03-25 16:58:10.6070,1.21,-1.8,-4.78,-0.6,-0.07,-0.28
2024-03-25 16:58:10.6170,1.07,-1.56,-4.46,-0.62,-0.22,-0.37
2024-03-25 16:58:10.6270,0.98,-1.26,-3.9,-0.6,-0.35,-0.43
2024-03-25 16:58:10.6370,0.86,-0.94,-3.5,-0.57,-0.36,-0.44
2024-03-25 16:58:10.6470,0.73,-0.68,-3.26,-0.51,-0.25,-0.39
2024-03-25 16:58:10.6570,0.61,-0.47,-2.82,-0.42,-0.11,-0.35
2024-03-25 16:58:10.6670,0.67,-0.2,-2.35,-0.36,0.01,-0.31
2024-03-25 16:58:10.6770,0.64,0.05,-2.08,-0.36,0.03,-0.28
2024-03-25 16:58:10.6870,0.71,0.32,-1.97,-0.42,-0.06,-0.29
2024-03-25 16:58:10.6970,0.85,0.51,-1.75,-0.5,-0.23,-0.32
2024-03-25 16:58:10.7070,0.92,0.69,-1.23,-0.56,-0.37,-0.31
2024-03-25 16:58:10.7170,0.82,0.85,-0.47,-0.54,-0.44,-0.3
2024-03-25 16:58:10.7270,0.86,0.96,0.46,-0.43,-0.43,-0.28
2024-03-25 16:58:10.7370,0.99,1.04,1.3,-0.34,-0.32,-0.28
2024-03-25 16:58:10.7470,1.24,1.17,1.51,-0.35,-0.12,-0.26
2024-03-25 16:58:10.7570,1.12,1.24,1.66,-0.38,0.11,-0.18
2024-03-25 16:58:10.7670,0.93,1.29,2.5,-0.37,0.31,-0.15
2024-03-25 16:58:10.7760,0.87,1.07,3.67,-0.3,0.38,-0.14
2024-03-25 16:58:10.7870,0.8,0.9,4.94,-0.21,0.25,-0.22
2024-03-25 16:58:10.7960,1.03,0.71,5.74,-0.09,-0.03,-0.39
2024-03-25 16:58:10.8060,1.51,0.66,6.27,0.06,-0.33,-0.61
2024-03-25 16:58:10.8160,1.94,0.88,6.45,0.24,-0.55,-0.8
2024-03-25 16:58:10.8260,2.03,1.23,6.29,0.4,-0.57,-0.87
2024-03-25 16:58:10.8360,2.0,1.74,5.94,0.57,-0.45,-0.87
2024-03-25 16:58:10.8470,1.72,1.87,5.61,0.79,-0.25,-0.78
2024-03-25 16:58:10.8560,1.32,1.81,5.51,0.99,-0.04,-0.63
2024-03-25 16:58:10.8660,0.83,1.32,5.17,1.13,0.03,-0.53
2024-03-25 16:58:10.8760,0.63,0.33,4.66,1.24,-0.05,-0.57
2024-03-25 16:58:10.8860,0.74,-0.58,4.33,1.37,-0.27,-0.7
2024-03-25 16:58:10.8960,0.46,-1.31,3.92,1.49,-0.52,-0.8
2024-03-25 16:58:10.9060,-0.25,-1.79,3.19,1.57,-0.7,-0.82
2024-03-25 16:58:10.9160,-0.99,-2.09,1.96,1.55,-0.74,-0.74
2024-03-25 16:58:10.9260,-1.49,-2.21,0.41,1.38,-0.69,-0.59
2024-03-25 16:58:10.9360,-1.82,-2.34,-1.18,1.09,-0.56,-0.42
2024-03-25 16:58:10.9470,-1.94,-2.47,-2.4,0.7,-0.43,-0.25
2024-03-25 16:58:10.9560,-2.01,-2.65,-3.14,0.28,-0.34,-0.15
2024-03-25 16:58:10.9660,-1.96,-2.82,-3.42,-0.18,-0.28,-0.08
2024-03-25 16:58:10.9760,-2.12,-3.02,-3.57,-0.61,-0.21,-0.01
2024-03-25 16:58:10.9860,-2.27,-3.24,-3.19,-0.91,-0.13,-0.02
2024-03-25 16:58:10.9960,-1.94,-3.23,-2.4,-1.08,-0.03,-0.08
2024-03-25 16:58:11.0070,-1.69,-3.05,-1.64,-1.08,0.06,-0.14
2024-03-25 16:58:11.0160,-1.63,-2.46,-0.92,-0.99,0.15,-0.15
2024-03-25 16:58:11.0270,-1.71,-1.83,-0.91,-0.91,0.24,-0.11
2024-03-25 16:58:11.0370,-1.72,-1.23,-1.49,-0.86,0.33,-0.05
2024-03-25 16:58:11.0460,-1.66,-0.79,-2.16,-0.8,0.39,0.03
2024-03-25 16:58:11.0570,-1.68,-0.48,-2.53,-0.71,0.43,0.14
2024-03-25 16:58:11.0670,-1.67,-0.28,-2.46,-0.58,0.39,0.23
2024-03-25 16:58:11.0760,-1.48,-0.06,-2.31,-0.5,0.3,0.28
2024-03-25 16:58:11.0860,-1.27,-0.02,-2.58,-0.47,0.15,0.31
2024-03-25 16:58:11.0960,-1.06,0.01,-2.85,-0.45,0.02,0.35
2024-03-25 16:58:11.1060,-0.95,-0.02,-2.94,-0.38,-0.04,0.37
2024-03-25 16:58:11.1160,-0.69,-0.1,-2.73,-0.25,-0.0,0.38
2024-03-25 16:58:11.1260,-0.35,-0.18,-2.64,-0.13,0.08,0.39
2024-03-25 16:58:11.1360,-0.15,-0.17,-2.88,-0.07,0.18,0.43
2024-03-25 16:58:11.1460,-0.18,-0.15,-3.31,-0.08,0.24,0.47
2024-03-25 16:58:11.1560,-0.22,-0.09,-3.6,-0.14,0.26,0.53
2024-03-25 16:58:11.1660,-0.29,-0.11,-3.64,-0.23,0.3,0.55
2024-03-25 16:58:11.1760,-0.01,-0.17,-3.65,-0.33,0.36,0.51
2024-03-25 16:58:11.1860,0.45,-0.33,-3.48,-0.37,0.42,0.41
2024-03-25 16:58:11.1960,0.76,-0.54,-2.7,-0.3,0.49,0.27
2024-03-25 16:58:11.2060,0.94,-0.58,-1.79,-0.2,0.62,0.15
2024-03-25 16:58:11.2160,0.69,-0.53,-1.2,-0.12,0.71,0.1
2024-03-25 16:58:11.2260,0.21,-0.29,-0.99,-0.14,0.74,0.12
2024-03-25 16:58:11.2360,-0.48,-0.12,-0.98,-0.27,0.66,0.22
2024-03-25 16:58:11.2460,-0.96,0.19,-0.91,-0.5,0.5,0.33
2024-03-25 16:58:11.2560,-1.15,0.28,-0.63,-0.76,0.28,0.42
2024-03-25 16:58:11.2660,-1.1,0.23,0.12,-0.91,0.1,0.44
2024-03-25 16:58:11.2760,-0.68,0.07,1.67,-0.87,0.0,0.38
2024-03-25 16:58:11.2860,-0.18,-0.14,3.48,-0.69,-0.02,0.29
2024-03-25 16:58:11.2960,0.21,-0.14,4.82,-0.47,0.0,0.13
2024-03-25 16:58:11.3060,0.59,0.09,5.38,-0.33,0.05,-0.0
2024-03-25 16:58:11.3160,0.6,0.54,5.09,-0.28,0.12,-0.08
2024-03-25 16:58:11.3260,0.43,1.07,4.75,-0.29,0.14,-0.14
2024-03-25 16:58:11.3360,0.48,2.13,4.86,-0.26,0.17,-0.21
2024-03-25 16:58:11.3470,0.48,2.13,4.86,-0.16,0.14,-0.33
2024-03-25 16:58:11.3560,0.87,2.57,5.17,0.0,0.08,-0.51
2024-03-25 16:58:11.3660,1.29,3.25,5.34,0.12,0.05,-0.63
2024-03-25 16:58:11.3760,1.18,3.84,4.88,0.15,0.13,-0.59
2024-03-25 16:58:11.3860,0.62,4.13,4.4,0.15,0.21,-0.42
2024-03-25 16:58:11.3960,0.04,3.89,4.36,0.18,0.25,-0.2
2024-03-25 16:58:11.4060,0.01,3.14,4.75,0.27,0.22,-0.08
2024-03-25 16:58:11.4160,0.59,2.05,4.97,0.44,0.17,-0.04
2024-03-25 16:58:11.4260,1.16,0.85,4.84,0.69,0.15,-0.06
2024-03-25 16:58:11.4360,1.68,-0.2,4.51,0.85,0.08,-0.09
2024-03-25 16:58:11.4460,2.03,-1.16,3.22,0.89,-0.03,-0.14
2024-03-25 16:58:11.4560,2.25,-2.02,1.89,0.87,-0.14,-0.17
2024-03-25 16:58:11.4660,2.38,-2.75,0.85,0.82,-0.23,-0.21
2024-03-25 16:58:11.4760,2.51,-3.33,-0.06,0.74,-0.29,-0.24
2024-03-25 16:58:11.4860,2.61,-3.67,-0.9,0.63,-0.33,-0.26
2024-03-25 16:58:11.4960,2.74,-3.8,-1.68,0.51,-0.36,-0.31
2024-03-25 16:58:11.5060,2.87,-3.98,-2.38,0.37,-0.38,-0.37
2024-03-25 16:58:11.5160,2.93,-4.03,-2.94,0.22,-0.34,-0.45
2024-03-25 16:58:11.5260,2.95,-4.1,-3.44,0.08,-0.24,-0.54
2024-03-25 16:58:11.5360,2.8,-4.16,-3.8,-0.03,-0.13,-0.64
2024-03-25 16:58:11.5460,2.47,-4.05,-3.92,-0.11,-0.03,-0.73
2024-03-25 16:58:11.5560,2.08,-3.82,-4.14,-0.2,0.01,-0.83
2024-03-25 16:58:11.5660,1.65,-3.5,-4.46,-0.29,-0.0,-0.91
2024-03-25 16:58:11.5760,1.02,-2.91,-4.64,-0.37,-0.05,-0.95
2024-03-25 16:58:11.5860,0.37,-2.1,-4.61,-0.44,-0.11,-0.95
2024-03-25 16:58:11.5960,-0.23,-1.37,-4.65,-0.52,-0.14,-0.92
2024-03-25 16:58:11.6060,-0.69,-0.67,-4.8,-0.61,-0.12,-0.84
2024-03-25 16:58:11.6160,-1.2,-0.01,-4.77,-0.68,-0.06,-0.73
2024-03-25 16:58:11.6260,-1.55,0.54,-4.46,-0.72,0.01,-0.62
2024-03-25 16:58:11.6360,-1.66,0.98,-4.02,-0.73,0.05,-0.51
2024-03-25 16:58:11.6460,-1.74,1.26,-3.47,-0.68,0.07,-0.38
2024-03-25 16:58:11.6560,-1.85,1.49,-2.63,-0.6,0.08,-0.24
2024-03-25 16:58:11.6660,-1.91,1.6,-1.95,-0.54,0.05,-0.09
2024-03-25 16:58:11.6760,-1.86,1.61,-1.49,-0.54,-0.01,0.04
2024-03-25 16:58:11.6860,-1.59,1.59,-1.3,-0.61,-0.05,0.17
2024-03-25 16:58:11.6960,-1.32,1.48,-1.09,-0.67,-0.1,0.27
2024-03-25 16:58:11.7060,-1.0,1.34,-0.44,-0.66,-0.14,0.34
2024-03-25 16:58:11.7160,-0.58,1.07,0.46,-0.54,-0.17,0.33
2024-03-25 16:58:11.7260,0.04,0.82,1.36,-0.36,-0.21,0.26
2024-03-25 16:58:11.7360,0.68,0.61,1.9,-0.21,-0.27,0.15
2024-03-25 16:58:11.7460,1.18,0.6,1.85,-0.14,-0.32,0.05
2024-03-25 16:58:11.7560,1.38,0.61,1.45,-0.14,-0.31,-0.02
2024-03-25 16:58:11.7660,1.46,0.73,1.21,-0.16,-0.25,-0.07
2024-03-25 16:58:11.7760,1.58,0.89,1.24,-0.15,-0.16,-0.13
2024-03-25 16:58:11.7860,1.76,1.17,1.39,-0.19,-0.05,-0.16
2024-03-25 16:58:11.7960,1.79,1.37,1.37,-0.25,0.01,-0.18
2024-03-25 16:58:11.8060,1.78,1.51,1.6,-0.27,0.11,-0.2
2024-03-25 16:58:11.8160,1.61,1.43,2.4,-0.27,0.21,-0.19
2024-03-25 16:58:11.8260,1.35,1.31,3.23,-0.28,0.3,-0.21
2024-03-25 16:58:11.8360,1.12,1.15,3.92,-0.27,0.36,-0.24
2024-03-25 16:58:11.8460,0.64,1.07,4.78,-0.23,0.34,-0.21
2024-03-25 16:58:11.8560,-0.21,1.02,5.55,-0.1,0.3,-0.23
2024-03-25 16:58:11.8660,-0.36,1.01,6.38,0.14,0.21,-0.26
2024-03-25 16:58:11.8760,-0.48,1.08,7.0,0.56,0.24,-0.26
2024-03-25 16:58:11.8860,-0.74,1.22,7.27,0.88,0.34,-0.22
2024-03-25 16:58:11.8960,-0.9,1.63,6.01,1.02,0.31,-0.24
2024-03-25 16:58:11.9060,-0.93,2.11,4.22,1.01,0.31,-0.16
2024-03-25 16:58:11.9160,-1.53,2.21,3.05,0.95,0.38,0.06
2024-03-25 16:58:11.9260,-2.39,1.67,2.5,0.91,0.4,0.34
2024-03-25 16:58:11.9360,-2.61,0.54,2.47,0.96,0.28,0.51
2024-03-25 16:58:11.9460,-1.81,-0.93,2.51,1.01,0.05,0.53
2024-03-25 16:58:11.9560,-0.82,-2.38,1.83,1.03,-0.14,0.5
2024-03-25 16:58:11.9660,-0.29,-3.38,0.69,0.94,-0.23,0.46
2024-03-25 16:58:11.9760,0.01,-4.05,-0.55,0.8,-0.24,0.39
2024-03-25 16:58:11.9870,0.17,-4.35,-1.55,0.58,-0.2,0.31
2024-03-25 16:58:11.9960,0.06,-4.53,-2.31,0.36,-0.14,0.24
2024-03-25 16:58:12.0060,-0.16,-4.49,-2.64,0.17,-0.06,0.19
2024-03-25 16:58:12.0160,-0.5,-4.35,-2.77,0.0,0.03,0.16
2024-03-25 16:58:12.0260,-0.92,-4.14,-2.91,-0.16,0.11,0.12
2024-03-25 16:58:12.0360,-1.12,-3.77,-2.94,-0.31,0.12,0.05
2024-03-25 16:58:12.0460,-1.21,-3.25,-2.93,-0.44,0.09,-0.01
2024-03-25 16:58:12.0560,-1.36,-2.45,-2.76,-0.51,0.11,-0.02
2024-03-25 16:58:12.0660,-1.66,-1.72,-2.51,-0.49,0.16,0.04
2024-03-25 16:58:12.0760,-1.81,-1.15,-2.37,-0.43,0.23,0.12
2024-03-25 16:58:12.0860,-1.82,-0.73,-2.44,-0.41,0.26,0.22
2024-03-25 16:58:12.0960,-1.78,-0.35,-2.87,-0.42,0.25,0.3
2024-03-25 16:58:12.1060,-1.52,-0.12,-3.29,-0.43,0.24,0.37
2024-03-25 16:58:12.1160,-1.21,-0.05,-3.45,-0.42,0.21,0.41
2024-03-25 16:58:12.1260,-0.98,0.06,-3.48,-0.37,0.21,0.44
2024-03-25 16:58:12.1360,-0.82,0.04,-3.36,-0.31,0.16,0.45
2024-03-25 16:58:12.1460,-0.63,0.05,-3.4,-0.24,0.1,0.44
2024-03-25 16:58:12.1560,-0.42,0.14,-3.52,-0.2,0.06,0.44
2024-03-25 16:58:12.1660,-0.29,0.21,-3.76,-0.17,0.01,0.44
2024-03-25 16:58:12.1760,-0.28,0.4,-3.91,-0.18,-0.01,0.48
2024-03-25 16:58:12.1860,-0.37,0.6,-4.05,-0.22,-0.01,0.56
2024-03-25 16:58:12.1960,-0.32,0.84,-4.08,-0.29,-0.02,0.62
2024-03-25 16:58:12.2060,-0.09,1.06,-4.09,-0.4,0.01,0.69
2024-03-25 16:58:12.2160,0.12,1.12,-3.85,-0.46,0.07,0.72
2024-03-25 16:58:12.2260,0.44,1.01,-2.95,-0.46,0.17,0.72
2024-03-25 16:58:12.2360,0.76,0.74,-1.64,-0.4,0.25,0.67
2024-03-25 16:58:12.2460,1.19,0.56,-0.4,-0.35,0.23,0.56
2024-03-25 16:58:12.2560,1.56,0.52,0.37,-0.33,0.11,0.43
2024-03-25 16:58:12.2660,1.75,0.69,0.86,-0.34,-0.07,0.31
2024-03-25 16:58:12.2760,1.65,0.9,1.38,-0.37,-0.22,0.25
2024-03-25 16:58:12.2860,1.34,1.18,1.91,-0.4,-0.31,0.25
2024-03-25 16:58:12.2960,1.02,1.37,2.53,-0.38,-0.31,0.29
2024-03-25 16:58:12.3060,0.93,1.51,3.28,-0.34,-0.24,0.31
2024-03-25 16:58:12.3160,1.16,1.46,3.89,-0.28,-0.15,0.27
2024-03-25 16:58:12.3260,1.55,1.3,4.4,-0.21,-0.09,0.16
2024-03-25 16:58:12.3360,1.85,1.15,4.88,-0.16,-0.11,-0.02
2024-03-25 16:58:12.3470,1.96,0.96,5.31,-0.09,-0.18,-0.22
2024-03-25 16:58:12.3560,1.9,0.86,5.84,0.0,-0.26,-0.43
2024-03-25 16:58:12.3660,1.66,0.86,6.31,0.16,-0.37,-0.63
2024-03-25 16:58:12.3760,1.38,1.06,6.62,0.32,-0.42,-0.83
2024-03-25 16:58:12.3860,1.2,1.28,6.45,0.52,-0.43,-1.01
2024-03-25 16:58:12.3960,1.07,1.78,5.98,0.71,-0.37,-1.12
2024-03-25 16:58:12.4060,0.75,2.34,5.26,0.82,-0.24,-1.1
2024-03-25 16:58:12.4160,0.19,2.71,4.28,0.86,-0.1,-0.94
2024-03-25 16:58:12.4260,-0.39,2.51,3.43,0.92,0.01,-0.73
2024-03-25 16:58:12.4360,-0.5,1.52,3.11,0.96,0.03,-0.61
2024-03-25 16:58:12.4460,0.04,0.26,2.48,0.94,0.01,-0.6
2024-03-25 16:58:12.4560,0.55,-1.01,1.7,0.88,0.01,-0.62
2024-03-25 16:58:12.4660,0.72,-2.01,1.1,0.82,0.02,-0.66
2024-03-25 16:58:12.4760,0.66,-2.56,0.88,0.79,0.02,-0.67
2024-03-25 16:58:12.4860,0.44,-2.77,0.69,0.75,-0.0,-0.64
2024-03-25 16:58:12.4960,0.16,-2.79,0.27,0.68,-0.05,-0.6
2024-03-25 16:58:12.5060,-0.05,-2.79,-0.37,0.6,-0.08,-0.54
2024-03-25 16:58:12.5160,-0.2,-2.79,-0.97,0.5,-0.07,-0.48
2024-03-25 16:58:12.5260,-0.27,-2.74,-1.44,0.42,0.0,-0.4
2024-03-25 16:58:12.5360,-0.4,-2.74,-1.9,0.31,0.12,-0.31
2024-03-25 16:58:12.5460,-0.62,-2.75,-2.39,0.19,0.23,-0.18
2024-03-25 16:58:12.5560,-1.02,-2.71,-2.67,0.06,0.26,-0.04
2024-03-25 16:58:12.5660,-1.21,-2.8,-2.89,-0.06,0.21,0.08
2024-03-25 16:58:12.5760,-1.04,-2.85,-3.04,-0.14,0.05,0.1
2024-03-25 16:58:12.5860,-0.57,-2.9,-3.22,-0.21,-0.13,0.03
2024-03-25 16:58:12.5960,0.08,-2.78,-3.62,-0.28,-0.26,-0.08
2024-03-25 16:58:12.6060,0.56,-2.37,-4.14,-0.32,-0.27,-0.17
2024-03-25 16:58:12.6160,0.73,-1.89,-4.46,-0.34,-0.18,-0.21
2024-03-25 16:58:12.6260,0.68,-1.52,-4.65,-0.34,-0.05,-0.23
2024-03-25 16:58:12.6360,0.57,-1.12,-4.76,-0.36,0.07,-0.19
2024-03-25 16:58:12.6460,0.3,-0.67,-4.87,-0.38,0.15,-0.13
2024-03-25 16:58:12.6560,0.22,-0.21,-4.89,-0.42,0.18,-0.07
2024-03-25 16:58:12.6660,0.23,0.09,-4.81,-0.47,0.16,-0.01
2024-03-25 16:58:12.6780,0.29,0.24,-4.53,-0.49,0.13,0.03
2024-03-25 16:58:12.6860,0.41,0.37,-4.14,-0.52,0.09,0.07
2024-03-25 16:58:12.6960,0.48,0.49,-3.89,-0.6,0.07,0.13
2024-03-25 16:58:12.7060,0.4,0.56,-3.69,-0.68,0.08,0.21
2024-03-25 16:58:12.7160,0.34,0.57,-3.16,-0.71,0.13,0.29
2024-03-25 16:58:12.7260,0.56,0.67,-2.17,-0.68,0.17,0.34
2024-03-25 16:58:12.7360,0.89,0.77,-1.29,-0.66,0.16,0.36
2024-03-25 16:58:12.7460,1.11,0.76,-0.63,-0.59,0.09,0.34
2024-03-25 16:58:12.7560,1.26,0.69,0.18,-0.49,-0.05,0.28
2024-03-25 16:58:12.7660,1.6,0.66,0.84,-0.4,-0.2,0.16
2024-03-25 16:58:12.7760,1.85,0.7,1.2,-0.32,-0.34,0.04
2024-03-25 16:58:12.7860,1.95,0.92,1.37,-0.3,-0.41,-0.04
2024-03-25 16:58:12.7960,1.91,1.3,1.33,-0.3,-0.39,-0.07
2024-03-25 16:58:12.8060,1.71,1.73,1.38,-0.33,-0.25,-0.06
2024-03-25 16:58:12.8160,1.62,1.99,1.59,-0.37,-0.03,-0.04
2024-03-25 16:58:12.8260,1.5,2.03,2.05,-0.39,0.2,-0.01
2024-03-25 16:58:12.8360,1.23,1.84,2.9,-0.34,0.39,0.0
2024-03-25 16:58:12.8460,1.01,1.71,4.05,-0.25,0.52,-0.02
2024-03-25 16:58:12.8550,0.9,1.37,4.8,-0.17,0.57,-0.12
2024-03-25 16:58:12.8660,0.85,0.96,5.22,-0.08,0.54,-0.27
2024-03-25 16:58:12.8760,0.79,0.77,5.48,0.03,0.51,-0.43
2024-03-25 16:58:12.8850,0.54,0.75,5.66,0.17,0.49,-0.55
2024-03-25 16:58:12.8950,0.15,0.88,5.71,0.34,0.5,-0.59
2024-03-25 16:58:12.9060,-0.34,1.15,5.66,0.49,0.51,-0.56
2024-03-25 16:58:12.9150,-1.05,1.38,5.31,0.54,0.5,-0.45
2024-03-25 16:58:12.9260,-1.74,1.39,4.52,0.44,0.45,-0.24
2024-03-25 16:58:12.9360,-2.43,0.94,3.79,0.36,0.33,0.04
2024-03-25 16:58:12.9460,-2.83,0.14,4.03,0.46,0.16,0.25
2024-03-25 16:58:12.9560,-2.3,-1.11,4.88,0.69,-0.05,0.31
2024-03-25 16:58:12.9660,-1.32,-2.49,4.8,0.91,-0.21,0.25
2024-03-25 16:58:12.9760,-0.41,-3.5,3.71,0.99,-0.3,0.11
2024-03-25 16:58:12.9860,0.19,-4.09,2.0,0.92,-0.3,-0.02
2024-03-25 16:58:12.9960,0.27,-4.23,0.51,0.77,-0.25,-0.11
2024-03-25 16:58:13.0060,-0.06,-4.13,-0.5,0.59,-0.17,-0.14
2024-03-25 16:58:13.0160,-0.53,-3.91,-1.17,0.38,-0.08,-0.11
2024-03-25 16:58:13.0260,-1.12,-3.65,-1.72,0.15,-0.01,-0.02
2024-03-25 16:58:13.0360,-1.65,-3.3,-2.08,-0.05,0.01,0.07
2024-03-25 16:58:13.0460,-1.69,-2.85,-2.23,-0.2,-0.01,0.11
2024-03-25 16:58:13.0560,-1.36,-2.21,-2.15,-0.29,-0.06,0.12
2024-03-25 16:58:13.0660,-1.11,-1.7,-2.15,-0.35,-0.11,0.13
2024-03-25 16:58:13.0760,-0.94,-1.38,-2.3,-0.37,-0.15,0.13
2024-03-25 16:58:13.0850,-0.63,-1.16,-2.46,-0.35,-0.15,0.11
2024-03-25 16:58:13.0960,-0.28,-0.97,-2.62,-0.3,-0.1,0.08
2024-03-25 16:58:13.1060,-0.01,-0.82,-2.89,-0.24,-0.03,0.05
2024-03-25 16:58:13.1160,0.04,-0.66,-3.23,-0.18,0.05,0.05
2024-03-25 16:58:13.1260,-0.14,-0.55,-3.51,-0.12,0.11,0.08
2024-03-25 16:58:13.1350,-0.41,-0.5,-3.8,-0.07,0.15,0.13
2024-03-25 16:58:13.1460,-0.57,-0.5,-4.07,-0.01,0.15,0.17
2024-03-25 16:58:13.1560,-0.59,-0.4,-4.27,0.03,0.1,0.22
2024-03-25 16:58:13.1660,-0.74,-0.37,-4.47,0.04,0.02,0.25
2024-03-25 16:58:13.1760,-0.64,-0.22,-4.76,-0.01,-0.06,0.26
2024-03-25 16:58:13.1860,-0.46,-0.07,-5.24,-0.1,-0.12,0.29
2024-03-25 16:58:13.1950,-0.42,0.1,-5.5,-0.2,-0.11,0.32
2024-03-25 16:58:13.2050,-0.16,0.34,-5.37,-0.27,-0.01,0.33
2024-03-25 16:58:13.2150,0.12,0.6,-5.0,-0.33,0.16,0.38
2024-03-25 16:58:13.2250,0.15,0.85,-4.43,-0.39,0.34,0.45
2024-03-25 16:58:13.2350,0.05,1.05,-3.79,-0.47,0.47,0.55
2024-03-25 16:58:13.2460,-0.2,1.14,-3.03,-0.56,0.51,0.67
2024-03-25 16:58:13.2560,-0.41,1.14,-1.86,-0.59,0.4,0.75
2024-03-25 16:58:13.2650,-0.25,1.09,-0.33,-0.57,0.17,0.74
2024-03-25 16:58:13.2750,0.3,1.03,0.86,-0.53,-0.09,0.65
2024-03-25 16:58:13.2860,1.01,1.04,1.57,-0.48,-0.27,0.52
2024-03-25 16:58:13.2950,1.58,1.22,1.98,-0.45,-0.32,0.39
2024-03-25 16:58:13.3060,1.78,1.36,2.26,-0.42,-0.21,0.31
2024-03-25 16:58:13.3150,1.68,1.47,2.6,-0.36,0.04,0.27
2024-03-25 16:58:13.3250,1.51,1.66,3.26,-0.26,0.4,0.26
2024-03-25 16:58:13.3350,1.47,1.82,3.73,-0.22,0.68,0.25
2024-03-25 16:58:13.3470,1.35,1.67,3.84,-0.2,0.78,0.23
2024-03-25 16:58:13.3560,0.97,1.59,4.24,-0.22,0.68,0.22
2024-03-25 16:58:13.3650,0.54,1.55,4.54,-0.31,0.48,0.19
2024-03-25 16:58:13.3760,0.31,1.24,4.64,-0.38,0.23,0.1
2024-03-25 16:58:13.3850,0.56,0.8,5.11,-0.31,0.0,-0.11
2024-03-25 16:58:13.3950,1.2,0.49,6.01,-0.06,-0.19,-0.4
2024-03-25 16:58:13.4060,1.68,0.29,6.88,0.31,-0.32,-0.72
2024-03-25 16:58:13.4150,1.96,0.49,7.09,0.64,-0.39,-1.0
2024-03-25 16:58:13.4250,1.8,1.01,6.02,0.78,-0.36,-1.1
2024-03-25 16:58:13.4350,0.9,1.33,4.42,0.83,-0.28,-1.01
2024-03-25 16:58:13.4450,-0.12,1.34,3.47,0.82,-0.21,-0.76
2024-03-25 16:58:13.4550,-0.79,0.75,2.86,0.85,-0.21,-0.54
2024-03-25 16:58:13.4660,-0.53,-0.24,2.46,0.84,-0.24,-0.43
2024-03-25 16:58:13.4760,0.26,-1.43,1.63,0.81,-0.27,-0.42
2024-03-25 16:58:13.4860,0.86,-2.27,1.01,0.75,-0.29,-0.49
2024-03-25 16:58:13.4950,1.37,-2.73,0.49,0.68,-0.31,-0.61
2024-03-25 16:58:13.5050,1.51,-2.96,0.19,0.61,-0.32,-0.69
2024-03-25 16:58:13.5160,1.2,-2.97,-0.1,0.56,-0.34,-0.72
2024-03-25 16:58:13.5250,0.65,-2.9,-0.28,0.52,-0.32,-0.68
2024-03-25 16:58:13.5350,0.05,-2.69,-0.6,0.45,-0.25,-0.58
2024-03-25 16:58:13.5450,-0.47,-2.42,-1.13,0.31,-0.19,-0.44
2024-03-25 16:58:13.5550,-0.91,-2.25,-1.77,0.12,-0.17,-0.27
2024-03-25 16:58:13.5650,-1.19,-2.19,-2.28,-0.09,-0.22,-0.11
2024-03-25 16:58:13.5750,-1.18,-2.26,-2.59,-0.28,-0.32,-0.02
2024-03-25 16:58:13.5850,-0.87,-2.4,-2.64,-0.4,-0.39,-0.02
2024-03-25 16:58:13.5950,-0.22,-2.44,-2.52,-0.41,-0.42,-0.11
2024-03-25 16:58:13.6050,0.49,-2.23,-2.26,-0.36,-0.39,-0.23
2024-03-25 16:58:13.6150,0.77,-1.89,-2.2,-0.28,-0.32,-0.35
2024-03-25 16:58:13.6250,0.78,-1.55,-2.38,-0.2,-0.24,-0.43
2024-03-25 16:58:13.6350,0.62,-1.19,-2.72,-0.13,-0.13,-0.47
2024-03-25 16:58:13.6450,0.37,-0.82,-3.15,-0.09,-0.04,-0.47
2024-03-25 16:58:13.6560,0.15,-0.42,-3.54,-0.06,0.01,-0.45
2024-03-25 16:58:13.6650,0.07,-0.09,-3.83,-0.04,0.04,-0.41
2024-03-25 16:58:13.6750,-0.13,0.16,-4.03,-0.02,0.0,-0.36
2024-03-25 16:58:13.6850,-0.21,0.38,-4.15,-0.04,-0.05,-0.33
2024-03-25 16:58:13.6950,-0.15,0.54,-4.42,-0.09,-0.11,-0.28
2024-03-25 16:58:13.7050,-0.13,0.68,-4.69,-0.19,-0.11,-0.2
2024-03-25 16:58:13.7150,-0.13,0.78,-4.76,-0.3,-0.05,-0.1
2024-03-25 16:58:13.7250,-0.07,0.83,-4.58,-0.41,0.09,0.02
2024-03-25 16:58:13.7360,0.03,0.76,-4.17,-0.47,0.24,0.12
2024-03-25 16:58:13.7450,0.19,0.55,-3.41,-0.49,0.33,0.18
2024-03-25 16:58:13.7550,0.42,0.43,-2.63,-0.52,0.33,0.19
2024-03-25 16:58:13.7650,0.66,0.26,-2.13,-0.54,0.26,0.15
2024-03-25 16:58:13.7750,1.01,0.16,-1.53,-0.56,0.18,0.1
2024-03-25 16:58:13.7850,1.16,0.06,-0.72,-0.51,0.13,0.06
2024-03-25 16:58:13.7950,1.27,0.17,0.25,-0.43,0.1,0.05
2024-03-25 16:58:13.8050,1.12,0.39,1.03,-0.38,0.08,0.08
2024-03-25 16:58:13.8150,0.93,0.72,1.49,-0.36,0.08,0.14
2024-03-25 16:58:13.8250,1.16,1.12,1.87,-0.38,0.07,0.11
2024-03-25 16:58:13.8350,1.63,1.19,2.06,-0.42,0.08,0.05
2024-03-25 16:58:13.8450,1.89,1.2,2.4,-0.45,0.15,-0.02
2024-03-25 16:58:13.8550,1.94,1.27,3.01,-0.43,0.28,-0.08
2024-03-25 16:58:13.8650,1.76,1.27,3.85,-0.33,0.41,-0.14
2024-03-25 16:58:13.8750,1.45,1.06,4.9,-0.14,0.51,-0.18
2024-03-25 16:58:13.8850,1.17,0.82,6.15,0.11,0.53,-0.27
2024-03-25 16:58:13.8950,1.13,0.66,7.01,0.33,0.46,-0.39
2024-03-25 16:58:13.9050,1.1,0.58,7.14,0.53,0.33,-0.56
2024-03-25 16:58:13.9150,1.08,0.78,6.93,0.66,0.23,-0.69
2024-03-25 16:58:13.9250,0.72,1.19,6.26,0.71,0.21,-0.72
2024-03-25 16:58:13.9350,-0.1,1.37,5.52,0.7,0.31,-0.62
2024-03-25 16:58:13.9450,-1.35,1.32,5.03,0.78,0.47,-0.32
2024-03-25 16:58:13.9550,-3.02,0.73,5.25,0.96,0.58,-0.0
2024-03-25 16:58:13.9650,-3.1,-0.49,5.35,1.17,0.51,0.09
2024-03-25 16:58:13.9750,-2.14,-1.73,4.4,1.28,0.4,0.1
2024-03-25 16:58:13.9850,-1.75,-2.57,2.83,1.26,0.3,0.06
2024-03-25 16:58:13.9950,-1.57,-3.0,1.2,1.07,0.22,0.03
2024-03-25 16:58:14.0050,-1.72,-3.22,-0.25,0.82,0.16,0.03
2024-03-25 16:58:14.0150,-2.01,-3.18,-0.88,0.66,0.16,0.06
2024-03-25 16:58:14.0250,-2.34,-3.1,-0.89,0.52,0.12,0.11
2024-03-25 16:58:14.0350,-2.88,-3.12,-1.13,0.38,0.12,0.2
2024-03-25 16:58:14.0450,-3.06,-3.12,-1.42,0.27,0.11,0.25
2024-03-25 16:58:14.0550,-2.78,-2.99,-1.66,0.17,0.09,0.2
2024-03-25 16:58:14.0650,-2.32,-3.05,-2.09,0.03,0.05,0.12
2024-03-25 16:58:14.0750,-1.8,-2.81,-2.53,-0.05,0.01,0.05
2024-03-25 16:58:14.0850,-1.6,-2.39,-2.61,-0.04,0.03,0.03
2024-03-25 16:58:14.0950,-1.41,-1.99,-2.61,0.0,0.08,0.07
2024-03-25 16:58:14.1050,-1.3,-1.54,-3.0,0.01,0.13,0.14
2024-03-25 16:58:14.1150,-1.18,-1.02,-3.74,-0.04,0.14,0.24
2024-03-25 16:58:14.1250,-1.05,-0.61,-4.57,-0.16,0.1,0.33
2024-03-25 16:58:14.1350,-0.93,-0.34,-5.14,-0.31,0.04,0.42
2024-03-25 16:58:14.1450,-0.68,-0.13,-5.48,-0.46,0.01,0.5
2024-03-25 16:58:14.1550,-0.48,-0.1,-5.47,-0.52,0.04,0.58
2024-03-25 16:58:14.1650,-0.26,-0.13,-4.72,-0.46,0.1,0.62
2024-03-25 16:58:14.1750,0.23,-0.21,-3.78,-0.35,0.14,0.59
2024-03-25 16:58:14.1850,0.65,-0.29,-3.23,-0.27,0.12,0.53
2024-03-25 16:58:14.1950,0.87,-0.3,-2.99,-0.23,0.04,0.47
2024-03-25 16:58:14.2050,0.84,-0.15,-2.7,-0.21,-0.08,0.45
2024-03-25 16:58:14.2150,0.52,0.11,-2.3,-0.19,-0.22,0.5
2024-03-25 16:58:14.2250,0.16,0.5,-2.02,-0.22,-0.33,0.59
2024-03-25 16:58:14.2350,0.08,0.72,-2.13,-0.3,-0.39,0.68
2024-03-25 16:58:14.2450,0.23,0.77,-2.23,-0.35,-0.43,0.72
2024-03-25 16:58:14.2550,0.68,0.69,-1.87,-0.34,-0.39,0.68
2024-03-25 16:58:14.2650,1.18,0.28,-1.2,-0.26,-0.29,0.55
2024-03-25 16:58:14.2750,1.71,-0.03,-0.27,-0.13,-0.25,0.34
2024-03-25 16:58:14.2850,1.87,-0.17,0.31,-0.03,-0.22,0.12
2024-03-25 16:58:14.2950,1.54,0.0,0.55,-0.01,-0.26,-0.05
2024-03-25 16:58:14.3050,0.87,0.3,0.48,-0.0,-0.25,-0.14
2024-03-25 16:58:14.3150,0.3,0.62,0.94,0.1,-0.2,-0.2
2024-03-25 16:58:14.3250,0.1,0.87,1.74,0.22,-0.14,-0.28
2024-03-25 16:58:14.3350,0.01,0.95,1.88,0.27,-0.06,-0.33
2024-03-25 16:58:14.3450,-0.16,1.1,1.61,0.24,-0.01,-0.34
2024-03-25 16:58:14.3550,-0.24,1.31,1.25,0.14,-0.03,-0.32
2024-03-25 16:58:14.3650,-0.38,1.41,0.94,-0.06,-0.02,-0.25
2024-03-25 16:58:14.3750,-0.38,1.37,0.88,-0.28,-0.02,-0.17
2024-03-25 16:58:14.3850,-0.04,1.14,1.32,-0.42,-0.06,-0.18
2024-03-25 16:58:14.3950,0.6,0.96,2.19,-0.47,-0.12,-0.24
2024-03-25 16:58:14.4050,1.01,0.82,3.13,-0.39,-0.21,-0.37
2024-03-25 16:58:14.4150,1.41,0.76,4.03,-0.2,-0.27,-0.55
2024-03-25 16:58:14.4250,1.72,0.89,4.72,0.12,-0.33,-0.75
2024-03-25 16:58:14.4350,1.81,1.48,4.98,0.4,-0.35,-0.86
2024-03-25 16:58:14.4450,1.44,2.05,4.34,0.53,-0.29,-0.84
2024-03-25 16:58:14.4550,0.9,2.51,3.32,0.52,-0.19,-0.71
2024-03-25 16:58:14.4650,0.46,2.75,2.54,0.4,-0.11,-0.5
2024-03-25 16:58:14.4750,-0.07,2.23,2.23,0.44,-0.05,-0.26
2024-03-25 16:58:14.4850,-0.4,0.84,3.15,0.55,0.05,-0.02
2024-03-25 16:58:14.4950,-0.21,-0.43,3.33,0.55,-0.06,0.04
2024-03-25 16:58:14.5050,0.5,-1.16,2.18,0.4,-0.35,-0.02
2024-03-25 16:58:14.5150,1.05,-1.54,1.18,0.23,-0.61,-0.11
2024-03-25 16:58:14.5250,1.18,-1.58,0.84,0.12,-0.65,-0.13
2024-03-25 16:58:14.5350,0.86,-1.47,0.9,0.08,-0.48,-0.07
2024-03-25 16:58:14.5450,0.47,-1.4,0.99,0.04,-0.27,0.02
2024-03-25 16:58:14.5550,0.09,-1.42,0.9,-0.01,-0.1,0.14
2024-03-25 16:58:14.5650,-0.43,-1.53,0.85,-0.09,-0.06,0.23
2024-03-25 16:58:14.5750,-0.65,-1.75,0.63,-0.21,-0.12,0.3
2024-03-25 16:58:14.5850,-0.61,-2.13,0.35,-0.26,-0.26,0.3
2024-03-25 16:58:14.5950,-0.36,-2.47,0.55,-0.25,-0.39,0.25
2024-03-25 16:58:14.6050,0.04,-2.72,0.48,-0.21,-0.49,0.16
2024-03-25 16:58:14.6150,0.42,-2.76,0.05,-0.15,-0.51,0.06
2024-03-25 16:58:14.6250,0.62,-2.68,-0.59,-0.09,-0.46,-0.03
2024-03-25 16:58:14.6350,0.81,-2.46,-1.39,-0.02,-0.36,-0.15
2024-03-25 16:58:14.6450,0.98,-2.22,-2.13,0.03,-0.23,-0.25
2024-03-25 16:58:14.6550,0.96,-1.93,-2.93,0.09,-0.12,-0.34
2024-03-25 16:58:14.6650,0.77,-1.63,-3.47,0.12,-0.05,-0.42
2024-03-25 16:58:14.6750,0.67,-1.37,-3.9,0.13,-0.03,-0.49
2024-03-25 16:58:14.6850,0.55,-1.2,-4.33,0.14,-0.03,-0.53
2024-03-25 16:58:14.6950,0.27,-0.93,-4.48,0.13,-0.02,-0.52
2024-03-25 16:58:14.7050,0.01,-0.57,-4.74,0.08,-0.02,-0.48
2024-03-25 16:58:14.7150,-0.18,-0.28,-5.08,-0.0,-0.04,-0.41
2024-03-25 16:58:14.7250,-0.26,-0.03,-5.37,-0.1,-0.03,-0.34
2024-03-25 16:58:14.7350,-0.22,0.2,-5.4,-0.19,0.03,-0.25
2024-03-25 16:58:14.7460,-0.21,0.33,-5.13,-0.25,0.13,-0.15
2024-03-25 16:58:14.7550,-0.12,0.29,-4.57,-0.31,0.21,-0.08
2024-03-25 16:58:14.7650,-0.02,0.18,-4.03,-0.36,0.25,-0.02
2024-03-25 16:58:14.7750,0.03,0.04,-3.31,-0.4,0.23,0.02
2024-03-25 16:58:14.7850,0.02,-0.02,-2.42,-0.44,0.14,0.05
2024-03-25 16:58:14.7950,0.03,-0.04,-1.68,-0.49,-0.01,0.06
2024-03-25 16:58:14.8050,0.2,0.1,-1.1,-0.54,-0.12,0.07
2024-03-25 16:58:14.8150,0.29,0.29,-0.55,-0.57,-0.18,0.09
2024-03-25 16:58:14.8250,0.45,0.52,0.13,-0.53,-0.13,0.12
2024-03-25 16:58:14.8350,0.45,0.66,1.01,-0.46,0.01,0.18
2024-03-25 16:58:14.8450,0.53,0.86,1.83,-0.36,0.16,0.18
2024-03-25 16:58:14.8550,0.87,0.99,2.5,-0.27,0.3,0.14
2024-03-25 16:58:14.8650,1.12,1.05,2.96,-0.21,0.4,0.06
2024-03-25 16:58:14.8750,1.15,1.21,3.33,-0.22,0.46,-0.0
2024-03-25 16:58:14.8850,0.75,1.35,3.61,-0.26,0.51,-0.02
2024-03-25 16:58:14.8950,0.12,1.59,4.17,-0.28,0.54,0.03
2024-03-25 16:58:14.9050,-0.41,1.67,4.85,-0.23,0.52,0.06
2024-03-25 16:58:14.9150,-0.52,1.69,5.68,-0.14,0.45,0.07
2024-03-25 16:58:14.9250,-0.45,1.6,6.29,0.02,0.37,0.03
2024-03-25 16:58:14.9350,-0.05,1.57,6.74,0.23,0.28,-0.06
2024-03-25 16:58:14.9450,0.39,1.67,6.91,0.43,0.25,-0.14
2024-03-25 16:58:14.9550,0.36,1.8,6.47,0.55,0.26,-0.14
2024-03-25 16:58:14.9650,-0.11,1.9,5.72,0.66,0.33,-0.02
2024-03-25 16:58:14.9750,-0.72,1.65,5.34,0.79,0.4,0.15
2024-03-25 16:58:14.9850,-1.01,0.81,5.19,0.95,0.29,0.28
2024-03-25 16:58:14.9950,-0.8,-0.13,4.87,1.1,0.04,0.29
2024-03-25 16:58:15.0050,-0.34,-1.19,3.97,1.14,-0.29,0.28
2024-03-25 16:58:15.0150,-0.23,-1.88,2.42,1.08,-0.56,0.28
2024-03-25 16:58:15.0250,-0.3,-2.36,1.04,0.96,-0.7,0.3
2024-03-25 16:58:15.0350,-0.29,-2.59,0.07,0.76,-0.8,0.34
2024-03-25 16:58:15.0450,-0.25,-2.64,-0.84,0.59,-0.88,0.37
2024-03-25 16:58:15.0550,-0.25,-2.63,-1.2,0.4,-0.84,0.42
2024-03-25 16:58:15.0650,-0.35,-2.75,-1.62,0.17,-0.74,0.46
2024-03-25 16:58:15.0750,-0.46,-2.89,-2.17,-0.02,-0.62,0.49
2024-03-25 16:58:15.0850,-0.52,-2.99,-2.08,-0.11,-0.51,0.47
2024-03-25 16:58:15.0950,-0.52,-3.16,-1.67,-0.08,-0.43,0.39
2024-03-25 16:58:15.1050,-0.45,-3.26,-1.42,-0.06,-0.39,0.28
2024-03-25 16:58:15.1150,-0.33,-3.06,-1.95,-0.08,-0.39,0.13
2024-03-25 16:58:15.1250,-0.33,-2.58,-2.86,-0.12,-0.38,0.02
2024-03-25 16:58:15.1350,-0.52,-1.98,-3.57,-0.18,-0.29,-0.05
2024-03-25 16:58:15.1450,-0.66,-1.4,-4.22,-0.23,-0.17,-0.08
2024-03-25 16:58:15.1550,-0.83,-0.82,-4.63,-0.29,-0.05,-0.07
2024-03-25 16:58:15.1650,-1.0,-0.39,-4.98,-0.34,0.05,-0.03
2024-03-25 16:58:15.1750,-1.21,-0.08,-5.12,-0.39,0.13,0.05
2024-03-25 16:58:15.1850,-1.31,0.16,-5.04,-0.41,0.16,0.12
2024-03-25 16:58:15.1950,-1.19,0.21,-4.69,-0.39,0.11,0.16
2024-03-25 16:58:15.2050,-0.91,0.28,-4.26,-0.37,0.04,0.17
2024-03-25 16:58:15.2150,-0.52,0.31,-4.22,-0.37,0.03,0.14
2024-03-25 16:58:15.2250,-0.1,0.34,-4.27,-0.38,0.08,0.12
2024-03-25 16:58:15.2350,0.08,0.38,-4.18,-0.42,0.17,0.13
2024-03-25 16:58:15.2450,-0.1,0.52,-3.89,-0.45,0.23,0.2
2024-03-25 16:58:15.2540,-0.36,0.7,-3.29,-0.48,0.23,0.27
2024-03-25 16:58:15.2650,-0.36,0.86,-2.6,-0.5,0.18,0.33
2024-03-25 16:58:15.2740,-0.24,0.82,-2.03,-0.5,0.11,0.35
2024-03-25 16:58:15.2850,0.04,0.76,-1.26,-0.43,0.03,0.33
2024-03-25 16:58:15.2940,0.42,0.64,-0.47,-0.32,-0.02,0.27
2024-03-25 16:58:15.3050,0.94,0.65,0.11,-0.23,-0.02,0.16
2024-03-25 16:58:15.3140,1.38,0.71,0.26,-0.19,-0.02,0.04
2024-03-25 16:58:15.3240,1.56,0.82,0.26,-0.19,0.03,-0.06
2024-03-25 16:58:15.3340,1.51,0.97,0.46,-0.2,0.14,-0.11
2024-03-25 16:58:15.3440,1.32,1.14,0.87,-0.24,0.24,-0.14
2024-03-25 16:58:15.3550,1.14,1.24,1.29,-0.27,0.31,-0.14
2024-03-25 16:58:15.3640,0.67,1.34,1.91,-0.31,0.31,-0.08
2024-03-25 16:58:15.3740,0.23,1.5,2.65,-0.29,0.24,-0.03
2024-03-25 16:58:15.3840,0.15,1.5,3.68,-0.22,0.14,-0.06
2024-03-25 16:58:15.3950,0.49,1.24,4.53,-0.14,0.08,-0.18
2024-03-25 16:58:15.4050,0.91,0.95,5.2,-0.0,0.03,-0.36
2024-03-25 16:58:15.4150,1.12,0.77,5.95,0.21,-0.07,-0.59
2024-03-25 16:58:15.4250,1.06,0.91,6.51,0.4,-0.16,-0.78
2024-03-25 16:58:15.4350,0.82,1.49,6.23,0.52,-0.22,-0.89
2024-03-25 16:58:15.4450,0.48,2.26,5.4,0.56,-0.2,-0.86
2024-03-25 16:58:15.4550,-0.07,2.84,4.63,0.52,-0.11,-0.69
2024-03-25 16:58:15.4650,-0.59,2.96,4.04,0.51,-0.06,-0.45
2024-03-25 16:58:15.4750,-0.85,2.07,4.15,0.61,0.0,-0.29
2024-03-25 16:58:15.4850,-0.12,0.76,4.26,0.68,-0.02,-0.25
2024-03-25 16:58:15.4950,0.44,-0.52,3.45,0.71,-0.07,-0.28
2024-03-25 16:58:15.5050,0.91,-1.47,2.8,0.72,-0.06,-0.37
2024-03-25 16:58:15.5150,1.2,-2.27,2.32,0.76,0.05,-0.46
2024-03-25 16:58:15.5250,1.17,-2.59,2.2,0.84,0.21,-0.53
2024-03-25 16:58:15.5350,0.88,-2.57,2.04,0.9,0.28,-0.58
2024-03-25 16:58:15.5450,0.35,-2.31,1.52,0.86,0.29,-0.51
2024-03-25 16:58:15.5550,-0.35,-1.86,0.56,0.75,0.26,-0.39
2024-03-25 16:58:15.5650,-0.87,-1.6,-0.36,0.57,0.25,-0.24
2024-03-25 16:58:15.5750,-1.09,-1.38,-1.1,0.34,0.24,-0.06
2024-03-25 16:58:15.5850,-1.24,-1.44,-1.58,0.12,0.2,0.08
2024-03-25 16:58:15.5950,-1.16,-1.67,-1.75,-0.08,0.13,0.19
2024-03-25 16:58:15.6050,-1.1,-2.01,-1.98,-0.25,0.09,0.3
2024-03-25 16:58:15.6150,-0.99,-2.39,-1.73,-0.27,0.02,0.35
2024-03-25 16:58:15.6250,-0.75,-2.8,-1.11,-0.18,-0.06,0.34
2024-03-25 16:58:15.6350,-0.39,-3.13,-0.8,-0.07,-0.11,0.28
2024-03-25 16:58:15.6440,0.03,-3.29,-1.23,-0.01,-0.12,0.17
2024-03-25 16:58:15.6550,0.34,-3.29,-2.08,0.03,-0.09,0.07
2024-03-25 16:58:15.6650,0.42,-3.02,-2.95,0.05,-0.03,-0.01
2024-03-25 16:58:15.6750,0.31,-2.6,-3.64,0.06,0.03,-0.06
2024-03-25 16:58:15.6840,0.22,-2.16,-4.21,0.04,0.07,-0.08
2024-03-25 16:58:15.6940,0.09,-1.66,-4.94,-0.01,0.15,-0.08
2024-03-25 16:58:15.7040,0.0,-1.27,-5.49,-0.1,0.2,-0.06
2024-03-25 16:58:15.7150,-0.08,-0.98,-5.87,-0.21,0.22,-0.01
2024-03-25 16:58:15.7240,-0.19,-0.69,-6.0,-0.31,0.21,0.06
2024-03-25 16:58:15.7340,-0.28,-0.46,-5.75,-0.39,0.2,0.14
2024-03-25 16:58:15.7450,-0.21,-0.35,-5.24,-0.44,0.2,0.19
2024-03-25 16:58:15.7550,0.07,-0.29,-4.68,-0.48,0.2,0.19
2024-03-25 16:58:15.7650,0.48,-0.25,-4.14,-0.49,0.19,0.17
2024-03-25 16:58:15.7740,0.79,-0.13,-3.58,-0.5,0.17,0.13
2024-03-25 16:58:15.7840,0.98,0.16,-3.22,-0.56,0.17,0.11
2024-03-25 16:58:15.7940,0.99,0.35,-3.09,-0.64,0.18,0.12
2024-03-25 16:58:15.8050,0.88,0.57,-2.71,-0.71,0.22,0.18
2024-03-25 16:58:15.8140,0.62,0.74,-2.01,-0.72,0.27,0.26
2024-03-25 16:58:15.8240,0.56,0.87,-0.98,-0.67,0.3,0.36
2024-03-25 16:58:15.8340,0.57,0.92,0.13,-0.58,0.27,0.41
2024-03-25 16:58:15.8440,0.92,0.98,1.03,-0.49,0.18,0.37
2024-03-25 16:58:15.8540,1.53,1.05,1.63,-0.44,0.05,0.28
2024-03-25 16:58:15.8650,2.07,1.14,2.0,-0.43,-0.03,0.15
2024-03-25 16:58:15.8740,2.4,1.34,2.2,-0.47,-0.08,0.03
2024-03-25 16:58:15.8850,2.33,1.51,2.39,-0.5,-0.06,-0.03
2024-03-25 16:58:15.8940,1.96,1.68,3.0,-0.46,0.03,-0.03
2024-03-25 16:58:15.9050,1.54,1.81,3.86,-0.37,0.16,-0.0
2024-03-25 16:58:15.9140,1.27,1.7,4.69,-0.22,0.23,0.01
2024-03-25 16:58:15.9240,1.15,1.51,5.7,-0.01,0.15,-0.04
2024-03-25 16:58:15.9340,1.24,1.45,6.52,0.2,-0.01,-0.15
2024-03-25 16:58:15.9440,1.41,1.34,6.78,0.39,-0.19,-0.31
2024-03-25 16:58:15.9540,1.61,1.41,6.73,0.56,-0.28,-0.43
2024-03-25 16:58:15.9640,1.47,1.59,6.35,0.67,-0.27,-0.49
2024-03-25 16:58:15.9740,0.91,1.71,5.7,0.72,-0.17,-0.46
2024-03-25 16:58:15.9840,0.28,1.76,5.12,0.77,-0.01,-0.33
2024-03-25 16:58:15.9940,-0.44,1.48,5.07,0.84,0.1,-0.14
2024-03-25 16:58:16.0040,-0.91,0.84,5.02,0.93,0.06,-0.02
2024-03-25 16:58:16.0140,-0.77,-0.3,4.71,1.03,-0.05,0.01
2024-03-25 16:58:16.0250,-0.32,-1.44,4.01,1.1,-0.16,0.0
2024-03-25 16:58:16.0340,-0.33,-2.4,3.25,1.12,-0.21,-0.01
2024-03-25 16:58:16.0440,-0.35,-2.94,2.43,1.07,-0.22,-0.02
2024-03-25 16:58:16.0540,-0.59,-3.28,1.47,0.97,-0.19,0.04
2024-03-25 16:58:16.0640,-1.03,-3.29,0.72,0.82,-0.15,0.13
2024-03-25 16:58:16.0740,-1.28,-3.38,-0.03,0.62,-0.09,0.19
2024-03-25 16:58:16.0840,-1.23,-3.56,-0.75,0.4,-0.02,0.19
2024-03-25 16:58:16.0940,-1.12,-3.66,-1.26,0.18,0.02,0.15
2024-03-25 16:58:16.1040,-1.09,-3.78,-1.6,0.03,0.03,0.05
2024-03-25 16:58:16.1140,-1.02,-3.77,-1.57,-0.03,-0.0,-0.11
2024-03-25 16:58:16.1240,-0.81,-3.44,-1.71,-0.05,-0.04,-0.25
2024-03-25 16:58:16.1340,-0.84,-2.7,-2.1,-0.07,-0.06,-0.32
2024-03-25 16:58:16.1440,-1.02,-1.86,-2.82,-0.13,-0.07,-0.33
2024-03-25 16:58:16.1540,-1.11,-1.18,-3.73,-0.22,-0.03,-0.27
2024-03-25 16:58:16.1640,-1.29,-0.6,-4.44,-0.3,0.02,-0.16
2024-03-25 16:58:16.1740,-1.38,-0.11,-4.89,-0.41,0.07,-0.03
2024-03-25 16:58:16.1840,-1.42,0.18,-5.26,-0.53,0.08,0.11
2024-03-25 16:58:16.1940,-1.39,0.26,-5.39,-0.62,0.05,0.23
2024-03-25 16:58:16.2040,-1.15,0.29,-5.19,-0.65,0.03,0.3
2024-03-25 16:58:16.2140,-0.75,0.06,-4.57,-0.58,-0.01,0.31
2024-03-25 16:58:16.2240,-0.26,-0.1,-3.8,-0.5,-0.04,0.28
2024-03-25 16:58:16.2340,0.08,-0.18,-3.65,-0.45,-0.04,0.24
2024-03-25 16:58:16.2440,0.26,-0.05,-3.68,-0.44,-0.02,0.22
2024-03-25 16:58:16.2540,0.27,0.16,-3.63,-0.45,0.03,0.23
2024-03-25 16:58:16.2640,0.19,0.36,-3.51,-0.5,0.06,0.27
2024-03-25 16:58:16.2740,0.02,0.6,-3.31,-0.59,0.09,0.34
2024-03-25 16:58:16.2840,-0.14,0.69,-2.99,-0.67,0.13,0.42
2024-03-25 16:58:16.2940,-0.08,0.68,-2.27,-0.7,0.15,0.45
2024-03-25 16:58:16.3040,0.25,0.52,-1.25,-0.61,0.17,0.42
2024-03-25 16:58:16.3140,0.63,0.16,0.12,-0.38,0.15,0.29
2024-03-25 16:58:16.3240,1.21,-0.18,1.56,-0.06,0.05,0.05
2024-03-25 16:58:16.3360,1.81,-0.17,2.38,0.14,-0.04,-0.18
2024-03-25 16:58:16.3440,1.83,-0.04,1.91,0.2,-0.13,-0.35
2024-03-25 16:58:16.3540,1.46,0.34,1.34,0.22,-0.2,-0.44
2024-03-25 16:58:16.3640,1.05,0.84,1.21,0.2,-0.18,-0.45
2024-03-25 16:58:16.3740,0.56,1.3,1.18,0.16,-0.09,-0.36
2024-03-25 16:58:16.3840,0.04,1.68,1.2,0.1,-0.01,-0.25
2024-03-25 16:58:16.3940,-0.26,1.89,1.33,0.04,0.01,-0.14
2024-03-25 16:58:16.4040,-0.32,1.9,1.74,0.0,-0.04,-0.09
2024-03-25 16:58:16.4140,-0.16,1.68,2.32,-0.02,-0.12,-0.1
2024-03-25 16:58:16.4240,0.14,1.25,2.85,0.01,-0.23,-0.19
2024-03-25 16:58:16.4340,0.49,0.87,3.49,0.11,-0.33,-0.32
2024-03-25 16:58:16.4440,0.7,0.65,4.01,0.25,-0.4,-0.48
2024-03-25 16:58:16.4540,0.86,0.59,4.17,0.41,-0.45,-0.65
2024-03-25 16:58:16.4640,1.03,0.91,3.93,0.52,-0.45,-0.82
2024-03-25 16:58:16.4740,1.19,1.45,3.18,0.49,-0.4,-0.92
2024-03-25 16:58:16.4840,1.07,1.99,2.19,0.4,-0.24,-0.88
2024-03-25 16:58:16.4940,0.42,2.13,1.89,0.35,0.01,-0.65
2024-03-25 16:58:16.5040,-0.34,1.59,2.36,0.39,0.22,-0.42
2024-03-25 16:58:16.5140,-0.31,0.52,3.07,0.42,0.31,-0.33
2024-03-25 16:58:16.5240,0.1,-0.86,3.01,0.4,0.34,-0.31
2024-03-25 16:58:16.5340,0.17,-2.2,2.83,0.38,0.31,-0.37
2024-03-25 16:58:16.5440,-0.07,-3.18,2.98,0.36,0.23,-0.46
2024-03-25 16:58:16.5540,-0.3,-3.47,3.02,0.3,0.06,-0.51
2024-03-25 16:58:16.5640,-0.63,-3.2,2.67,0.25,-0.17,-0.49
2024-03-25 16:58:16.5740,-1.08,-2.83,2.16,0.22,-0.4,-0.39
2024-03-25 16:58:16.5840,-1.34,-2.47,1.55,0.18,-0.53,-0.24
2024-03-25 16:58:16.5940,-1.34,-2.15,0.59,0.07,-0.53,-0.05
2024-03-25 16:58:16.6040,-1.17,-1.96,-0.56,-0.11,-0.4,0.14
2024-03-25 16:58:16.6140,-0.83,-1.9,-1.47,-0.31,-0.24,0.3
2024-03-25 16:58:16.6240,-0.49,-2.01,-1.82,-0.47,-0.1,0.41
2024-03-25 16:58:16.6340,-0.01,-2.22,-1.81,-0.59,-0.03,0.43
2024-03-25 16:58:16.6440,0.59,-2.38,-1.82,-0.65,-0.03,0.37
2024-03-25 16:58:16.6540,1.09,-2.41,-1.65,-0.63,-0.09,0.26
2024-03-25 16:58:16.6640,1.39,-2.29,-1.28,-0.54,-0.15,0.11
2024-03-25 16:58:16.6740,1.63,-2.07,-1.03,-0.43,-0.14,-0.06
2024-03-25 16:58:16.6840,1.74,-1.71,-1.25,-0.34,-0.1,-0.2
2024-03-25 16:58:16.6940,1.57,-1.23,-1.81,-0.28,-0.02,-0.3
2024-03-25 16:58:16.7040,1.25,-0.73,-2.38,-0.22,0.07,-0.37
2024-03-25 16:58:16.7140,0.98,-0.31,-2.76,-0.16,0.16,-0.41
2024-03-25 16:58:16.7240,0.67,-0.02,-3.08,-0.1,0.24,-0.41
2024-03-25 16:58:16.7340,0.3,0.26,-3.44,-0.07,0.28,-0.38
2024-03-25 16:58:16.7440,-0.04,0.43,-3.88,-0.09,0.26,-0.31
2024-03-25 16:58:16.7540,-0.36,0.5,-4.19,-0.13,0.21,-0.22
2024-03-25 16:58:16.7640,-0.44,0.48,-4.33,-0.18,0.17,-0.13
2024-03-25 16:58:16.7740,-0.3,0.3,-4.25,-0.2,0.15,-0.06
2024-03-25 16:58:16.7840,-0.1,0.12,-3.81,-0.15,0.17,-0.0
2024-03-25 16:58:16.7940,0.02,-0.02,-3.23,-0.11,0.19,0.03
2024-03-25 16:58:16.8040,0.23,-0.15,-2.96,-0.1,0.17,0.05
2024-03-25 16:58:16.8140,0.33,-0.17,-2.86,-0.15,0.11,0.08
2024-03-25 16:58:16.8240,0.26,-0.01,-2.68,-0.24,0.03,0.13
2024-03-25 16:58:16.8340,0.32,0.27,-2.49,-0.36,-0.03,0.19
2024-03-25 16:58:16.8440,0.37,0.53,-2.25,-0.48,-0.07,0.27
2024-03-25 16:58:16.8540,0.55,0.84,-1.68,-0.56,-0.08,0.32
2024-03-25 16:58:16.8640,0.97,1.17,-0.79,-0.58,-0.08,0.32
2024-03-25 16:58:16.8740,1.47,1.58,0.29,-0.54,-0.06,0.32
2024-03-25 16:58:16.8840,1.89,1.95,1.52,-0.44,-0.07,0.3
2024-03-25 16:58:16.8940,2.25,2.29,2.8,-0.34,-0.06,0.29
2024-03-25 16:58:16.9040,2.4,2.41,3.89,-0.26,0.01,0.3
2024-03-25 16:58:16.9140,2.19,2.28,4.9,-0.1,0.11,0.32
2024-03-25 16:58:16.9240,1.94,2.2,6.09,0.1,0.18,0.3
2024-03-25 16:58:16.9340,1.56,1.77,6.89,0.33,0.15,0.24
2024-03-25 16:58:16.9440,1.13,1.28,7.18,0.56,0.0,0.14
2024-03-25 16:58:16.9540,0.82,0.94,7.04,0.76,-0.19,0.01
2024-03-25 16:58:16.9640,0.6,0.61,6.3,0.9,-0.34,-0.12
2024-03-25 16:58:16.9740,0.5,0.42,5.26,1.02,-0.39,-0.21
2024-03-25 16:58:16.9840,0.47,0.39,4.22,1.13,-0.36,-0.3
2024-03-25 16:58:16.9940,0.57,0.5,3.16,1.1,-0.25,-0.36
2024-03-25 16:58:17.0040,0.24,0.39,1.64,0.91,-0.02,-0.34
2024-03-25 16:58:17.0140,-0.54,-0.16,0.4,0.71,0.21,-0.27
2024-03-25 16:58:17.0240,-1.14,-0.74,0.26,0.65,0.32,-0.19
2024-03-25 16:58:17.0340,-1.43,-1.39,1.09,0.71,0.28,-0.15
2024-03-25 16:58:17.0440,-1.53,-2.29,1.6,0.79,0.14,-0.17
2024-03-25 16:58:17.0540,-1.48,-3.17,1.34,0.78,-0.04,-0.23
2024-03-25 16:58:17.0640,-1.47,-3.72,0.4,0.67,-0.16,-0.25
2024-03-25 16:58:17.0740,-1.81,-3.85,-0.59,0.55,-0.22,-0.19
2024-03-25 16:58:17.0840,-2.25,-3.69,-1.03,0.38,-0.22,-0.1
2024-03-25 16:58:17.0940,-2.49,-3.59,-1.68,0.14,-0.16,-0.01
2024-03-25 16:58:17.1040,-2.69,-3.56,-2.37,-0.16,-0.08,0.08
2024-03-25 16:58:17.1140,-2.82,-3.45,-2.77,-0.46,0.03,0.13
2024-03-25 16:58:17.1240,-2.82,-3.09,-2.58,-0.65,0.14,0.16
2024-03-25 16:58:17.1340,-2.7,-2.49,-1.88,-0.74,0.26,0.18
2024-03-25 16:58:17.1440,-2.62,-1.79,-1.26,-0.78,0.34,0.24
2024-03-25 16:58:17.1540,-2.66,-1.16,-0.9,-0.78,0.32,0.33
2024-03-25 16:58:17.1640,-2.67,-0.6,-0.68,-0.75,0.23,0.43
2024-03-25 16:58:17.1740,-2.4,-0.16,-0.66,-0.74,0.13,0.51
2024-03-25 16:58:17.1840,-1.96,0.13,-0.99,-0.71,0.04,0.57
2024-03-25 16:58:17.1940,-1.45,0.38,-1.31,-0.65,0.03,0.62
2024-03-25 16:58:17.2040,-0.96,0.55,-1.58,-0.58,0.07,0.65
2024-03-25 16:58:17.2140,-0.51,0.65,-1.88,-0.49,0.14,0.67
2024-03-25 16:58:17.2240,-0.15,0.65,-2.19,-0.41,0.2,0.66
2024-03-25 16:58:17.2340,0.13,0.59,-2.49,-0.32,0.24,0.66
2024-03-25 16:58:17.2440,0.33,0.54,-2.64,-0.22,0.25,0.64
2024-03-25 16:58:17.2540,0.49,0.47,-2.74,-0.12,0.25,0.63
2024-03-25 16:58:17.2640,0.58,0.43,-2.88,-0.05,0.24,0.63
2024-03-25 16:58:17.2740,0.65,0.43,-3.2,-0.04,0.21,0.64
2024-03-25 16:58:17.2840,0.79,0.48,-3.61,-0.1,0.17,0.63
2024-03-25 16:58:17.2940,0.98,0.46,-3.96,-0.17,0.14,0.61
2024-03-25 16:58:17.3040,1.24,0.48,-3.84,-0.23,0.14,0.58
2024-03-25 16:58:17.3140,1.34,0.4,-3.42,-0.25,0.17,0.57
2024-03-25 16:58:17.3240,1.31,0.31,-2.91,-0.25,0.24,0.57
2024-03-25 16:58:17.3340,1.3,0.15,-2.31,-0.22,0.31,0.56
2024-03-25 16:58:17.3440,1.41,-0.08,-1.55,-0.2,0.34,0.51
2024-03-25 16:58:17.3540,1.45,-0.23,-0.74,-0.17,0.27,0.45
2024-03-25 16:58:17.3640,1.44,-0.28,0.25,-0.1,0.14,0.34
2024-03-25 16:58:17.3740,1.67,-0.18,1.2,-0.01,-0.05,0.19
2024-03-25 16:58:17.3840,1.85,-0.05,1.81,0.06,-0.2,0.04
2024-03-25 16:58:17.3940,1.85,0.18,2.0,0.08,-0.28,-0.07
2024-03-25 16:58:17.4040,1.59,0.5,2.01,0.09,-0.28,-0.12
2024-03-25 16:58:17.4140,1.3,0.9,2.17,0.08,-0.21,-0.14
2024-03-25 16:58:17.4240,1.08,1.19,2.41,0.05,-0.11,-0.12
2024-03-25 16:58:17.4340,0.86,1.43,2.57,-0.03,-0.02,-0.1
2024-03-25 16:58:17.4440,0.7,1.46,2.82,-0.1,0.03,-0.11
2024-03-25 16:58:17.4540,0.59,1.28,3.37,-0.14,0.04,-0.15
2024-03-25 16:58:17.4640,0.4,0.94,4.21,-0.11,0.06,-0.21
2024-03-25 16:58:17.4740,0.39,0.57,5.25,0.1,-0.06,-0.38
2024-03-25 16:58:17.4840,0.46,0.41,6.44,0.41,-0.19,-0.58
2024-03-25 16:58:17.4940,0.51,0.58,7.07,0.69,-0.35,-0.8
2024-03-25 16:58:17.5040,0.42,1.04,6.36,0.82,-0.44,-0.9
2024-03-25 16:58:17.5140,-0.01,1.64,5.01,0.86,-0.42,-0.87
2024-03-25 16:58:17.5240,-0.55,1.95,4.02,0.89,-0.35,-0.72
2024-03-25 16:58:17.5340,-0.92,1.91,3.46,0.92,-0.31,-0.53
2024-03-25 16:58:17.5440,-0.78,1.24,2.85,0.91,-0.33,-0.45
2024-03-25 16:58:17.5540,-0.16,0.29,1.91,0.85,-0.33,-0.4
2024-03-25 16:58:17.5640,0.14,-0.63,1.21,0.79,-0.28,-0.37
2024-03-25 16:58:17.5740,0.39,-1.53,0.95,0.77,-0.19,-0.39
2024-03-25 16:58:17.5840,0.59,-2.33,0.92,0.79,-0.14,-0.45
2024-03-25 16:58:17.5940,0.73,-2.73,0.83,0.78,-0.15,-0.51
2024-03-25 16:58:17.6040,0.64,-2.75,0.4,0.75,-0.17,-0.52
2024-03-25 16:58:17.6140,0.19,-2.55,-0.14,0.66,-0.16,-0.48
2024-03-25 16:58:17.6240,-0.2,-2.24,-0.79,0.5,-0.09,-0.37
2024-03-25 16:58:17.6340,-0.59,-2.1,-1.53,0.27,0.05,-0.22
2024-03-25 16:58:17.6440,-1.01,-2.12,-2.03,0.05,0.2,-0.03
2024-03-25 16:58:17.6540,-1.45,-2.25,-1.99,-0.13,0.27,0.16
2024-03-25 16:58:17.6640,-1.65,-2.61,-1.8,-0.28,0.21,0.24
2024-03-25 16:58:17.6740,-1.33,-2.97,-1.73,-0.41,0.03,0.19
2024-03-25 16:58:17.6840,-0.77,-3.19,-1.82,-0.45,-0.18,0.04
2024-03-25 16:58:17.6940,-0.2,-2.97,-1.81,-0.43,-0.28,-0.12
2024-03-25 16:58:17.7040,0.01,-2.5,-1.9,-0.35,-0.29,-0.25
2024-03-25 16:58:17.7140,0.0,-1.95,-2.36,-0.29,-0.22,-0.34
2024-03-25 16:58:17.7240,-0.14,-1.38,-3.08,-0.24,-0.13,-0.38
2024-03-25 16:58:17.7340,-0.43,-0.75,-3.53,-0.18,-0.04,-0.34
2024-03-25 16:58:17.7440,-0.74,-0.15,-3.89,-0.16,-0.0,-0.28
2024-03-25 16:58:17.7540,-0.87,0.31,-4.44,-0.19,-0.02,-0.2
2024-03-25 16:58:17.7640,-0.8,0.73,-5.02,-0.25,-0.11,-0.14
2024-03-25 16:58:17.7740,-0.72,1.06,-5.28,-0.32,-0.23,-0.07
2024-03-25 16:58:17.7840,-0.61,1.35,-5.15,-0.36,-0.33,0.03
2024-03-25 16:58:17.7940,-0.52,1.54,-4.87,-0.4,-0.38,0.13
2024-03-25 16:58:17.8040,-0.28,1.47,-4.58,-0.43,-0.32,0.22
2024-03-25 16:58:17.8140,0.05,1.19,-3.96,-0.4,-0.16,0.3
2024-03-25 16:58:17.8240,0.36,0.94,-3.13,-0.34,0.03,0.37
2024-03-25 16:58:17.8340,0.6,0.66,-2.35,-0.3,0.16,0.39
2024-03-25 16:58:17.8440,0.87,0.39,-1.8,-0.31,0.15,0.36
2024-03-25 16:58:17.8540,1.07,0.16,-1.28,-0.31,-0.03,0.3
2024-03-25 16:58:17.8640,1.25,0.02,-0.5,-0.28,-0.29,0.21
2024-03-25 16:58:17.8740,1.43,0.04,0.32,-0.22,-0.52,0.09
2024-03-25 16:58:17.8840,1.62,0.15,0.8,-0.21,-0.6,0.01
2024-03-25 16:58:17.8940,1.69,0.37,0.82,-0.21,-0.48,-0.03
2024-03-25 16:58:17.9040,1.57,0.68,1.04,-0.16,-0.23,-0.01
2024-03-25 16:58:17.9140,1.4,1.03,1.63,-0.1,0.05,0.0
2024-03-25 16:58:17.9230,1.32,1.19,2.07,-0.07,0.26,-0.01
2024-03-25 16:58:17.9340,1.19,1.26,2.43,-0.05,0.37,-0.07
2024-03-25 16:58:17.9440,1.02,1.31,2.97,-0.04,0.39,-0.13
2024-03-25 16:58:17.9540,0.71,1.36,3.58,-0.04,0.36,-0.18
2024-03-25 16:58:17.9640,0.28,1.52,4.11,-0.04,0.32,-0.2
2024-03-25 16:58:17.9740,-0.08,1.7,4.62,-0.01,0.3,-0.22
2024-03-25 16:58:17.9840,-0.29,1.79,5.1,0.06,0.35,-0.24
2024-03-25 16:58:17.9940,-0.31,2.04,5.52,0.15,0.41,-0.25
2024-03-25 16:58:18.0040,-0.43,2.39,5.57,0.16,0.47,-0.2
2024-03-25 16:58:18.0130,-0.81,2.67,5.24,0.08,0.54,-0.04
2024-03-25 16:58:18.0230,-1.52,2.38,4.93,0.02,0.57,0.2
2024-03-25 16:58:18.0330,-1.64,1.69,5.42,0.13,0.49,0.35
2024-03-25 16:58:18.0430,-0.82,0.72,6.39,0.41,0.34,0.33
2024-03-25 16:58:18.0530,0.23,-0.59,6.71,0.71,0.15,0.22
2024-03-25 16:58:18.0630,0.65,-1.83,5.83,0.84,0.02,0.13
2024-03-25 16:58:18.0730,0.63,-2.63,3.92,0.8,-0.0,0.06
2024-03-25 16:58:18.0830,0.61,-3.11,2.2,0.74,0.04,-0.01
2024-03-25 16:58:18.0930,0.52,-3.46,1.38,0.72,0.09,-0.06
2024-03-25 16:58:18.1030,0.2,-3.71,0.82,0.69,0.1,-0.1
2024-03-25 16:58:18.1130,-0.28,-3.84,0.01,0.61,0.05,-0.12
2024-03-25 16:58:18.1230,-0.67,-3.79,-1.03,0.45,-0.01,-0.14
2024-03-25 16:58:18.1330,-0.98,-3.76,-2.15,0.25,-0.08,-0.15
2024-03-25 16:58:18.1430,-1.19,-3.51,-2.89,0.05,-0.12,-0.14
2024-03-25 16:58:18.1530,-1.35,-3.15,-3.39,-0.16,-0.13,-0.11
2024-03-25 16:58:18.1630,-1.48,-2.73,-3.85,-0.35,-0.11,-0.04
2024-03-25 16:58:18.1730,-1.62,-2.24,-4.16,-0.52,-0.07,0.05
2024-03-25 16:58:18.1830,-1.6,-1.86,-4.24,-0.63,-0.02,0.12
2024-03-25 16:58:18.1930,-1.44,-1.45,-4.2,-0.71,0.02,0.19
2024-03-25 16:58:18.2030,-1.38,-1.05,-4.12,-0.74,0.02,0.24
2024-03-25 16:58:18.2130,-1.4,-0.75,-4.01,-0.75,-0.0,0.28
2024-03-25 16:58:18.2230,-1.44,-0.53,-3.84,-0.74,-0.05,0.31
2024-03-25 16:58:18.2330,-1.4,-0.35,-3.65,-0.69,-0.05,0.33
2024-03-25 16:58:18.2430,-1.3,-0.3,-3.42,-0.59,-0.01,0.34
2024-03-25 16:58:18.2530,-1.06,-0.24,-3.15,-0.46,0.07,0.34
2024-03-25 16:58:18.2630,-0.92,-0.11,-2.89,-0.34,0.13,0.34
2024-03-25 16:58:18.2730,-0.85,0.07,-2.89,-0.27,0.15,0.35
2024-03-25 16:58:18.2830,-0.77,0.25,-3.03,-0.24,0.12,0.36
2024-03-25 16:58:18.2930,-0.76,0.47,-3.08,-0.23,0.06,0.39
2024-03-25 16:58:18.3030,-0.8,0.63,-2.82,-0.21,0.0,0.42
2024-03-25 16:58:18.3130,-0.71,0.75,-2.33,-0.2,-0.05,0.45
2024-03-25 16:58:18.3230,-0.6,0.7,-1.78,-0.14,-0.07,0.47
2024-03-25 16:58:18.3330,-0.34,0.65,-1.09,-0.07,-0.05,0.48
2024-03-25 16:58:18.3430,-0.09,0.45,-0.39,0.05,-0.04,0.46
2024-03-25 16:58:18.3530,0.27,0.32,0.41,0.21,-0.03,0.37
2024-03-25 16:58:18.3630,0.71,0.35,0.92,0.31,-0.06,0.27
2024-03-25 16:58:18.3730,0.87,0.35,0.9,0.33,-0.11,0.17
2024-03-25 16:58:18.3830,0.78,0.56,0.75,0.29,-0.21,0.1
2024-03-25 16:58:18.3930,0.52,0.8,0.75,0.21,-0.31,0.07
2024-03-25 16:58:18.4030,0.25,1.05,0.9,0.13,-0.37,0.05
2024-03-25 16:58:18.4130,0.14,1.3,1.1,0.04,-0.37,0.04
2024-03-25 16:58:18.4230,0.19,1.53,1.35,-0.04,-0.34,0.03
2024-03-25 16:58:18.4330,0.3,1.71,1.57,-0.13,-0.25,0.02
2024-03-25 16:58:18.4430,0.44,1.79,1.74,-0.23,-0.13,0.0
2024-03-25 16:58:18.4530,0.57,1.74,2.09,-0.3,-0.01,-0.05
2024-03-25 16:58:18.4630,0.61,1.57,2.68,-0.34,0.08,-0.13
2024-03-25 16:58:18.4730,0.6,1.35,3.42,-0.29,0.14,-0.24
2024-03-25 16:58:18.4830,0.58,1.23,4.34,-0.11,0.12,-0.38
2024-03-25 16:58:18.4930,0.59,1.28,5.29,0.13,0.06,-0.52
2024-03-25 16:58:18.5040,0.71,1.67,5.52,0.27,0.08,-0.62
2024-03-25 16:58:18.5130,0.58,1.95,4.69,0.24,0.22,-0.58
2024-03-25 16:58:18.5240,-0.06,1.75,3.75,0.22,0.38,-0.38
2024-03-25 16:58:18.5330,-0.87,1.05,4.33,0.39,0.43,-0.23
2024-03-25 16:58:18.5430,-0.63,0.0,5.45,0.61,0.36,-0.21
2024-03-25 16:58:18.5530,0.09,-1.28,5.07,0.77,0.16,-0.32
2024-03-25 16:58:18.5630,0.68,-2.11,3.9,0.82,-0.02,-0.48
2024-03-25 16:58:18.5730,1.02,-2.52,2.48,0.83,-0.13,-0.6
2024-03-25 16:58:18.5830,0.94,-2.55,1.43,0.88,-0.19,-0.63
2024-03-25 16:58:18.5930,0.65,-2.35,0.73,0.94,-0.22,-0.6
2024-03-25 16:58:18.6030,0.43,-2.08,-0.31,0.89,-0.24,-0.55
2024-03-25 16:58:18.6130,0.43,-1.77,-1.87,0.7,-0.2,-0.47
2024-03-25 16:58:18.6230,0.4,-1.4,-3.26,0.43,-0.09,-0.36
2024-03-25 16:58:18.6330,0.28,-1.13,-4.13,0.11,0.09,-0.2
2024-03-25 16:58:18.6430,0.01,-1.12,-4.53,-0.2,0.24,-0.0
2024-03-25 16:58:18.6530,-0.41,-1.31,-4.16,-0.44,0.33,0.21
2024-03-25 16:58:18.6630,-0.64,-1.69,-3.36,-0.61,0.3,0.36
2024-03-25 16:58:18.6730,-0.47,-2.14,-2.71,-0.76,0.18,0.41
2024-03-25 16:58:18.6830,0.02,-2.61,-2.48,-0.85,0.01,0.36
2024-03-25 16:58:18.6930,0.65,-2.86,-2.05,-0.83,-0.12,0.2
2024-03-25 16:58:18.7030,1.25,-2.76,-1.59,-0.72,-0.14,0.04
2024-03-25 16:58:18.7130,1.49,-2.42,-1.41,-0.59,-0.07,-0.09
2024-03-25 16:58:18.7230,1.37,-1.99,-1.68,-0.49,0.01,-0.18
2024-03-25 16:58:18.7330,1.04,-1.52,-2.2,-0.42,0.05,-0.23
2024-03-25 16:58:18.7440,0.69,-1.04,-2.7,-0.39,0.04,-0.25
2024-03-25 16:58:18.7530,0.47,-0.6,-3.16,-0.36,0.04,-0.26
2024-03-25 16:58:18.7630,0.29,-0.22,-3.43,-0.33,0.05,-0.24
2024-03-25 16:58:18.7730,0.05,0.04,-3.49,-0.28,0.07,-0.19
2024-03-25 16:58:18.7830,-0.1,0.28,-3.48,-0.26,0.08,-0.14
2024-03-25 16:58:18.7930,-0.09,0.49,-3.72,-0.3,0.1,-0.08
2024-03-25 16:58:18.8030,-0.14,0.6,-3.88,-0.35,0.11,-0.01
2024-03-25 16:58:18.8130,-0.02,0.73,-3.56,-0.36,0.14,0.03
2024-03-25 16:58:18.8230,0.21,0.67,-2.87,-0.33,0.14,0.04
2024-03-25 16:58:18.8330,0.42,0.68,-2.19,-0.3,0.14,0.05
2024-03-25 16:58:18.8430,0.52,0.75,-1.77,-0.29,0.11,0.07
2024-03-25 16:58:18.8530,0.42,0.84,-1.42,-0.28,0.05,0.11
2024-03-25 16:58:18.8630,0.35,1.0,-0.96,-0.26,-0.03,0.14
2024-03-25 16:58:18.8730,0.47,1.21,-0.62,-0.26,-0.1,0.17
2024-03-25 16:58:18.8830,0.67,1.38,-0.44,-0.28,-0.15,0.19
2024-03-25 16:58:18.8930,0.93,1.56,-0.22,-0.29,-0.15,0.19
2024-03-25 16:58:18.9030,1.21,1.61,0.19,-0.29,-0.1,0.16
2024-03-25 16:58:18.9130,1.45,1.54,0.81,-0.24,0.0,0.13
2024-03-25 16:58:18.9230,1.61,1.44,1.69,-0.17,0.13,0.07
2024-03-25 16:58:18.9330,1.61,1.27,2.52,-0.1,0.22,0.03
2024-03-25 16:58:18.9430,1.46,1.17,3.4,-0.03,0.25,-0.03
2024-03-25 16:58:18.9530,1.3,1.11,4.02,-0.01,0.19,-0.09
2024-03-25 16:58:18.9630,1.05,1.07,4.3,-0.01,0.1,-0.14
2024-03-25 16:58:18.9730,0.86,1.09,4.67,0.03,0.03,-0.14
2024-03-25 16:58:18.9830,0.69,1.24,5.17,0.08,-0.0,-0.11
2024-03-25 16:58:18.9930,0.52,1.18,5.45,0.16,-0.02,-0.12
2024-03-25 16:58:19.0030,0.75,1.19,5.65,0.25,-0.02,-0.17
2024-03-25 16:58:19.0130,0.93,1.34,5.67,0.3,0.01,-0.19
2024-03-25 16:58:19.0230,0.59,1.42,5.4,0.26,0.1,-0.12
2024-03-25 16:58:19.0330,-0.27,1.12,5.05,0.19,0.18,0.07
2024-03-25 16:58:19.0430,-1.06,0.63,5.32,0.28,0.15,0.24
2024-03-25 16:58:19.0530,-1.01,-0.1,6.4,0.53,-0.04,0.27
2024-03-25 16:58:19.0630,-0.39,-1.27,6.68,0.74,-0.29,0.19
2024-03-25 16:58:19.0730,0.12,-2.37,5.37,0.82,-0.49,0.07
2024-03-25 16:58:19.0830,0.39,-2.96,3.41,0.76,-0.52,-0.03
2024-03-25 16:58:19.0930,0.37,-3.3,1.7,0.67,-0.45,-0.09
2024-03-25 16:58:19.1030,0.11,-3.45,0.77,0.61,-0.29,-0.12
2024-03-25 16:58:19.1130,-0.38,-3.51,0.24,0.56,-0.13,-0.12
2024-03-25 16:58:19.1230,-0.89,-3.52,-0.48,0.47,-0.02,-0.13
2024-03-25 16:58:19.1330,-1.24,-3.38,-1.49,0.3,0.04,-0.15
2024-03-25 16:58:19.1430,-1.51,-3.14,-2.53,0.11,0.07,-0.17
2024-03-25 16:58:19.1530,-1.74,-2.74,-2.97,-0.04,0.06,-0.17
2024-03-25 16:58:19.1630,-2.03,-2.09,-3.09,-0.18,-0.01,-0.12
2024-03-25 16:58:19.1730,-2.26,-1.4,-3.35,-0.32,-0.11,-0.04
2024-03-25 16:58:19.1830,-2.32,-0.79,-3.66,-0.41,-0.2,0.05
2024-03-25 16:58:19.1930,-2.2,-0.28,-3.8,-0.46,-0.25,0.16
2024-03-25 16:58:19.2030,-1.91,0.06,-4.01,-0.48,-0.28,0.25
2024-03-25 16:58:19.2130,-1.51,0.31,-4.33,-0.52,-0.28,0.32
2024-03-25 16:58:19.2230,-1.15,0.38,-4.68,-0.54,-0.25,0.38
2024-03-25 16:58:19.2330,-0.81,0.31,-4.78,-0.49,-0.17,0.41
2024-03-25 16:58:19.2430,-0.42,0.15,-4.39,-0.38,-0.05,0.42
2024-03-25 16:58:19.2530,-0.07,-0.09,-3.86,-0.21,0.05,0.39
2024-03-25 16:58:19.2630,0.34,-0.22,-3.41,-0.07,0.11,0.31
2024-03-25 16:58:19.2730,0.54,-0.35,-3.31,-0.01,0.13,0.24
2024-03-25 16:58:19.2830,0.41,-0.3,-3.41,-0.04,0.11,0.24
2024-03-25 16:58:19.2930,0.01,-0.08,-3.53,-0.14,0.04,0.28
2024-03-25 16:58:19.3030,-0.29,0.11,-3.49,-0.27,-0.05,0.35
2024-03-25 16:58:19.3130,-0.44,0.25,-3.1,-0.35,-0.12,0.43
2024-03-25 16:58:19.3230,-0.36,0.26,-2.24,-0.3,-0.13,0.45
2024-03-25 16:58:19.3330,0.02,0.24,-1.12,-0.16,-0.13,0.4
2024-03-25 16:58:19.3430,0.58,0.13,-0.31,0.04,-0.14,0.24
2024-03-25 16:58:19.3530,1.25,0.09,0.11,0.2,-0.13,0.02
2024-03-25 16:58:19.3630,1.55,0.15,0.01,0.26,-0.09,-0.16
2024-03-25 16:58:19.3730,1.34,0.34,-0.31,0.25,-0.01,-0.25
2024-03-25 16:58:19.3830,0.73,0.54,-0.28,0.23,0.09,-0.26
2024-03-25 16:58:19.3930,0.09,0.75,0.29,0.23,0.13,-0.22
2024-03-25 16:58:19.4030,-0.32,0.92,0.94,0.22,0.1,-0.17
2024-03-25 16:58:19.4130,-0.54,1.03,1.4,0.22,-0.03,-0.18
2024-03-25 16:58:19.4230,-0.51,1.18,1.74,0.2,-0.15,-0.21
2024-03-25 16:58:19.4330,-0.43,1.31,1.91,0.16,-0.22,-0.23
2024-03-25 16:58:19.4430,-0.47,1.42,1.97,0.09,-0.22,-0.23
2024-03-25 16:58:19.4530,-0.59,1.4,1.94,-0.01,-0.17,-0.2
2024-03-25 16:58:19.4630,-0.69,1.27,2.1,-0.09,-0.08,-0.17
2024-03-25 16:58:19.4730,-0.7,1.06,2.6,-0.13,-0.06,-0.19
2024-03-25 16:58:19.4830,-0.59,0.82,3.28,-0.09,-0.14,-0.28
2024-03-25 16:58:19.4930,-0.2,0.8,3.96,-0.02,-0.26,-0.44
2024-03-25 16:58:19.5030,0.24,1.09,4.03,0.02,-0.31,-0.59
2024-03-25 16:58:19.5130,0.29,1.51,3.66,0.01,-0.24,-0.66
2024-03-25 16:58:19.5230,-0.1,1.85,3.24,0.0,-0.06,-0.53
2024-03-25 16:58:19.5330,-1.08,2.01,3.44,0.08,0.12,-0.27
2024-03-25 16:58:19.5430,-1.69,1.64,4.17,0.2,0.17,-0.05
2024-03-25 16:58:19.5530,-1.43,0.51,4.35,0.26,0.15,0.05
2024-03-25 16:58:19.5630,-0.74,-0.82,3.52,0.28,0.06,0.09
2024-03-25 16:58:19.5730,-0.18,-1.79,2.9,0.31,-0.08,0.03
2024-03-25 16:58:19.5830,0.44,-2.48,2.28,0.3,-0.19,-0.07
2024-03-25 16:58:19.5930,0.87,-2.9,1.52,0.29,-0.22,-0.17
2024-03-25 16:58:19.6030,0.97,-2.97,0.83,0.26,-0.16,-0.22
2024-03-25 16:58:19.6130,0.64,-2.86,0.17,0.22,-0.02,-0.19
2024-03-25 16:58:19.6230,0.06,-2.62,-0.34,0.14,0.15,-0.11
2024-03-25 16:58:19.6330,-0.45,-2.4,-0.9,-0.02,0.25,0.01
2024-03-25 16:58:19.6430,-0.97,-2.33,-1.38,-0.21,0.25,0.14
2024-03-25 16:58:19.6530,-1.45,-2.4,-1.44,-0.36,0.18,0.26
2024-03-25 16:58:19.6630,-1.62,-2.58,-1.23,-0.47,0.08,0.3
2024-03-25 16:58:19.6730,-1.25,-2.77,-0.99,-0.49,0.01,0.21
2024-03-25 16:58:19.6830,-0.57,-2.7,-0.78,-0.45,-0.02,0.08
2024-03-25 16:58:19.6930,-0.18,-2.22,-0.71,-0.36,0.0,-0.05
2024-03-25 16:58:19.7030,-0.1,-1.59,-0.84,-0.28,0.09,-0.14
2024-03-25 16:58:19.7130,-0.14,-1.0,-1.33,-0.19,0.21,-0.19
2024-03-25 16:58:19.7230,-0.27,-0.5,-1.85,-0.12,0.32,-0.21
2024-03-25 16:58:19.7330,-0.44,-0.1,-2.27,-0.02,0.42,-0.17
2024-03-25 16:58:19.7430,-0.68,0.04,-2.18,0.19,0.48,-0.15
2024-03-25 16:58:19.7530,-0.58,-0.03,-1.32,0.52,0.46,-0.18
2024-03-25 16:58:19.7630,-0.17,-0.26,-0.4,0.84,0.37,-0.27
2024-03-25 16:58:19.7730,0.31,-0.37,-0.33,1.05,0.12,-0.45
2024-03-25 16:58:19.7830,0.61,-0.31,-1.22,1.01,-0.12,-0.61
2024-03-25 16:58:19.7930,0.56,0.17,-2.81,0.78,-0.2,-0.55
2024-03-25 16:58:19.8030,-0.08,0.74,-4.03,0.56,-0.17,-0.38
2024-03-25 16:58:19.8130,-0.53,1.06,-4.01,0.44,-0.09,-0.17
2024-03-25 16:58:19.8230,-0.69,1.04,-3.5,0.4,0.01,0.02
2024-03-25 16:58:19.8330,-0.44,1.03,-3.17,0.34,0.03,0.15
2024-03-25 16:58:19.8430,-0.17,0.83,-3.37,0.19,-0.05,0.22
2024-03-25 16:58:19.8530,0.01,0.85,-3.88,-0.03,-0.19,0.29
2024-03-25 16:58:19.8630,-0.07,0.96,-4.13,-0.25,-0.32,0.39
2024-03-25 16:58:19.8730,-0.11,1.07,-3.83,-0.41,-0.4,0.5
2024-03-25 16:58:19.8830,0.09,1.06,-3.0,-0.49,-0.39,0.58
2024-03-25 16:58:19.8930,0.58,1.01,-2.19,-0.58,-0.33,0.6
2024-03-25 16:58:19.9030,1.16,0.89,-1.86,-0.66,-0.23,0.57
2024-03-25 16:58:19.9130,1.66,0.87,-1.35,-0.67,-0.06,0.49
2024-03-25 16:58:19.9230,2.05,0.92,-0.48,-0.63,0.16,0.38
2024-03-25 16:58:19.9330,2.31,0.94,0.39,-0.56,0.41,0.28
2024-03-25 16:58:19.9430,2.11,0.93,1.44,-0.46,0.63,0.21
2024-03-25 16:58:19.9530,1.65,0.85,2.58,-0.33,0.8,0.15
2024-03-25 16:58:19.9630,1.12,0.8,3.74,-0.19,0.81,0.1
2024-03-25 16:58:19.9730,0.58,0.8,4.6,-0.07,0.63,0.03
2024-03-25 16:58:19.9830,0.23,0.77,4.99,0.01,0.38,-0.03
2024-03-25 16:58:19.9930,-0.02,0.84,5.02,0.09,0.18,-0.07
2024-03-25 16:58:20.0030,-0.2,0.79,5.02,0.23,0.1,-0.1
2024-03-25 16:58:20.0130,-0.08,0.87,5.0,0.4,0.12,-0.14
2024-03-25 16:58:20.0230,0.07,1.05,4.74,0.53,0.18,-0.19
2024-03-25 16:58:20.0330,0.0,1.3,4.12,0.56,0.25,-0.19
2024-03-25 16:58:20.0430,-0.4,1.5,3.41,0.51,0.32,-0.11
2024-03-25 16:58:20.0530,-1.12,1.36,3.18,0.52,0.37,0.08
2024-03-25 16:58:20.0630,-2.04,0.8,3.82,0.68,0.32,0.29
2024-03-25 16:58:20.0730,-2.27,-0.24,4.68,0.85,0.13,0.38
2024-03-25 16:58:20.0830,-1.52,-1.5,4.13,0.94,-0.12,0.38
2024-03-25 16:58:20.0930,-0.91,-2.48,2.92,0.91,-0.32,0.31
2024-03-25 16:58:20.1030,-0.44,-2.97,1.52,0.72,-0.41,0.23
2024-03-25 16:58:20.1130,-0.14,-3.24,0.03,0.43,-0.3,0.19
2024-03-25 16:58:20.1230,-0.09,-3.4,-0.96,0.17,-0.09,0.17
2024-03-25 16:58:20.1330,-0.24,-3.41,-1.05,-0.02,0.12,0.17
2024-03-25 16:58:20.1430,-0.51,-3.38,-0.88,-0.2,0.28,0.2
2024-03-25 16:58:20.1530,-0.93,-3.26,-0.69,-0.35,0.35,0.22
2024-03-25 16:58:20.1630,-1.15,-2.91,-0.35,-0.42,0.33,0.2
2024-03-25 16:58:20.1730,-1.11,-2.43,0.0,-0.43,0.26,0.15
2024-03-25 16:58:20.1830,-1.0,-1.92,0.03,-0.41,0.17,0.14
2024-03-25 16:58:20.1930,-1.01,-1.37,-0.45,-0.38,0.1,0.12
2024-03-25 16:58:20.2030,-0.86,-0.96,-1.18,-0.35,0.04,0.09
2024-03-25 16:58:20.2130,-0.54,-0.4,-2.03,-0.37,0.02,0.09
2024-03-25 16:58:20.2230,-0.39,0.05,-3.08,-0.36,0.05,0.1
2024-03-25 16:58:20.2330,-0.26,0.28,-3.96,-0.38,0.13,0.12
2024-03-25 16:58:20.2430,-0.2,0.33,-4.84,-0.4,0.22,0.2
2024-03-25 16:58:20.2530,-0.38,0.42,-5.32,-0.45,0.22,0.28
2024-03-25 16:58:20.2630,-0.55,0.39,-5.49,-0.51,0.12,0.35
2024-03-25 16:58:20.2730,-0.59,0.14,-5.34,-0.51,0.01,0.38
2024-03-25 16:58:20.2830,-0.19,-0.13,-4.59,-0.4,-0.01,0.33
2024-03-25 16:58:20.2930,0.53,-0.39,-3.68,-0.26,-0.02,0.24
2024-03-25 16:58:20.3030,0.89,-0.5,-3.37,-0.21,-0.07,0.14
2024-03-25 16:58:20.3130,0.92,-0.48,-3.52,-0.25,-0.13,0.08
2024-03-25 16:58:20.3230,0.72,-0.22,-3.57,-0.33,-0.2,0.07
2024-03-25 16:58:20.3330,0.46,0.05,-3.21,-0.4,-0.27,0.08
2024-03-25 16:58:20.3430,0.38,0.33,-2.55,-0.42,-0.33,0.14
2024-03-25 16:58:20.3530,0.24,0.6,-1.93,-0.45,-0.34,0.2
2024-03-25 16:58:20.3630,0.24,0.77,-1.53,-0.47,-0.27,0.26
2024-03-25 16:58:20.3730,0.37,0.79,-1.01,-0.44,-0.17,0.3
2024-03-25 16:58:20.3830,0.52,0.7,-0.12,-0.33,-0.06,0.29
2024-03-25 16:58:20.3930,0.91,0.51,0.84,-0.17,0.05,0.21
2024-03-25 16:58:20.4030,1.22,0.4,1.49,-0.07,0.11,0.11
2024-03-25 16:58:20.4130,1.32,0.42,1.57,-0.08,0.09,-0.01
2024-03-25 16:58:20.4230,1.17,0.54,1.35,-0.18,0.05,-0.08
2024-03-25 16:58:20.4330,0.65,0.73,1.44,-0.28,0.02,-0.08
2024-03-25 16:58:20.4420,0.1,0.85,2.05,-0.32,0.0,-0.05
2024-03-25 16:58:20.4520,-0.3,0.9,2.94,-0.31,-0.02,-0.04
2024-03-25 16:58:20.4620,-0.44,0.77,3.67,-0.25,-0.06,-0.07
2024-03-25 16:58:20.4720,-0.41,0.74,4.23,-0.14,-0.09,-0.15
2024-03-25 16:58:20.4820,-0.23,0.75,4.63,-0.02,-0.11,-0.27
2024-03-25 16:58:20.4930,-0.16,0.9,4.81,0.11,-0.13,-0.42
2024-03-25 16:58:20.5020,-0.07,1.23,4.85,0.22,-0.15,-0.59
2024-03-25 16:58:20.5120,0.26,1.95,4.54,0.26,-0.1,-0.71
2024-03-25 16:58:20.5230,0.17,2.76,3.99,0.21,0.07,-0.69
2024-03-25 16:58:20.5320,-0.61,3.07,3.73,0.19,0.25,-0.45
2024-03-25 16:58:20.5420,-1.79,2.88,4.41,0.29,0.3,-0.12
2024-03-25 16:58:20.5530,-2.2,1.88,5.48,0.48,0.18,0.02
2024-03-25 16:58:20.5620,-1.04,0.74,5.6,0.61,0.0,0.0
2024-03-25 16:58:20.5720,0.36,-0.12,4.65,0.65,-0.16,-0.1
2024-03-25 16:58:20.5820,1.43,-0.67,3.5,0.62,-0.2,-0.19
2024-03-25 16:58:20.5920,1.84,-0.99,2.73,0.62,-0.1,-0.2
2024-03-25 16:58:20.6020,1.83,-1.04,2.67,0.68,0.07,-0.11
2024-03-25 16:58:20.6120,1.5,-0.98,2.76,0.77,0.18,-0.01
2024-03-25 16:58:20.6220,1.28,-1.1,2.47,0.78,0.23,0.08
2024-03-25 16:58:20.6320,1.22,-1.29,1.68,0.74,0.26,0.17
2024-03-25 16:58:20.6420,1.12,-1.46,0.93,0.65,0.31,0.24
2024-03-25 16:58:20.6520,0.92,-1.75,0.17,0.53,0.41,0.36
2024-03-25 16:58:20.6620,0.32,-1.96,-0.41,0.39,0.48,0.5
2024-03-25 16:58:20.6720,-0.12,-2.14,-0.89,0.21,0.42,0.59
2024-03-25 16:58:20.6830,-0.16,-2.57,-1.53,0.04,0.26,0.58
2024-03-25 16:58:20.6920,0.16,-2.97,-2.13,-0.11,0.1,0.47
2024-03-25 16:58:20.7020,0.62,-3.29,-2.65,-0.17,0.0,0.31
2024-03-25 16:58:20.7120,0.93,-3.45,-3.04,-0.15,0.05,0.14
2024-03-25 16:58:20.7230,1.06,-3.35,-3.43,-0.09,0.17,0.01
2024-03-25 16:58:20.7320,0.88,-3.19,-3.88,-0.01,0.3,-0.09
2024-03-25 16:58:20.7420,0.63,-2.91,-4.31,0.04,0.37,-0.17
2024-03-25 16:58:20.7520,0.35,-2.61,-4.86,0.02,0.37,-0.24
2024-03-25 16:58:20.7620,0.19,-2.31,-5.35,-0.03,0.37,-0.31
2024-03-25 16:58:20.7720,0.12,-1.96,-5.71,-0.11,0.34,-0.35
2024-03-25 16:58:20.7820,0.04,-1.54,-5.8,-0.19,0.3,-0.37
2024-03-25 16:58:20.7920,-0.06,-1.11,-5.75,-0.31,0.23,-0.36
2024-03-25 16:58:20.8020,-0.21,-0.81,-5.68,-0.43,0.16,-0.31
2024-03-25 16:58:20.8120,-0.36,-0.61,-5.27,-0.48,0.15,-0.24
2024-03-25 16:58:20.8220,-0.28,-0.62,-4.36,-0.43,0.18,-0.22
2024-03-25 16:58:20.8320,0.15,-0.49,-3.14,-0.32,0.21,-0.23
2024-03-25 16:58:20.8420,0.47,-0.18,-2.1,-0.22,0.18,-0.23
2024-03-25 16:58:20.8520,0.63,0.32,-1.61,-0.22,0.13,-0.21
2024-03-25 16:58:20.8620,0.47,0.69,-1.53,-0.27,0.08,-0.13
2024-03-25 16:58:20.8720,0.0,0.98,-1.19,-0.3,0.02,-0.0
2024-03-25 16:58:20.8820,-0.35,1.13,-0.44,-0.25,-0.06,0.1
2024-03-25 16:58:20.8920,-0.22,1.16,0.38,-0.18,-0.17,0.11
2024-03-25 16:58:20.9020,0.32,1.17,0.64,-0.17,-0.27,0.06
2024-03-25 16:58:20.9120,0.85,1.2,0.23,-0.2,-0.3,-0.01
2024-03-25 16:58:20.9220,1.03,1.24,0.07,-0.2,-0.23,-0.06
2024-03-25 16:58:20.9320,1.12,1.32,0.6,-0.16,-0.06,-0.09
2024-03-25 16:58:20.9420,1.14,1.41,1.2,-0.08,0.15,-0.09
2024-03-25 16:58:20.9520,0.9,1.41,2.02,0.04,0.33,-0.07
2024-03-25 16:58:20.9620,0.64,1.35,2.96,0.17,0.42,-0.07
2024-03-25 16:58:20.9720,0.54,1.32,3.58,0.26,0.37,-0.12
2024-03-25 16:58:20.9820,0.54,1.39,3.83,0.31,0.24,-0.15
2024-03-25 16:58:20.9920,0.25,1.43,3.99,0.34,0.13,-0.15
2024-03-25 16:58:21.0020,0.05,1.52,4.1,0.38,0.07,-0.15
2024-03-25 16:58:21.0120,0.06,1.59,4.22,0.47,0.07,-0.15
2024-03-25 16:58:21.0220,0.1,1.75,4.31,0.55,0.13,-0.15
2024-03-25 16:58:21.0320,0.14,1.91,4.17,0.58,0.21,-0.14
2024-03-25 16:58:21.0420,-0.09,1.91,3.71,0.48,0.28,-0.06
2024-03-25 16:58:21.0520,-0.73,1.67,3.24,0.38,0.29,0.07
2024-03-25 16:58:21.0620,-1.12,1.41,3.62,0.42,0.22,0.19
2024-03-25 16:58:21.0720,-1.11,0.74,4.68,0.65,0.11,0.25
2024-03-25 16:58:21.0820,-0.75,-0.34,5.51,0.93,-0.01,0.23
2024-03-25 16:58:21.0920,-0.23,-1.52,5.24,1.14,-0.14,0.17
2024-03-25 16:58:21.1020,0.06,-2.3,3.96,1.17,-0.21,0.1
2024-03-25 16:58:21.1120,0.12,-2.92,2.34,1.06,-0.23,0.03
2024-03-25 16:58:21.1220,0.17,-2.86,0.88,0.8,-0.16,0.02
2024-03-25 16:58:21.1320,-0.22,-2.71,-0.33,0.52,-0.06,0.09
2024-03-25 16:58:21.1420,-0.87,-2.6,-0.71,0.29,0.04,0.2
2024-03-25 16:58:21.1520,-1.25,-2.75,-0.63,0.1,0.12,0.29
2024-03-25 16:58:21.1620,-1.36,-3.04,-0.46,-0.03,0.12,0.32
2024-03-25 16:58:21.1720,-1.32,-3.26,-0.25,-0.14,0.04,0.26
2024-03-25 16:58:21.1820,-1.02,-3.32,-0.19,-0.21,-0.1,0.12
2024-03-25 16:58:21.1920,-0.63,-2.95,-0.36,-0.27,-0.21,-0.01
2024-03-25 16:58:21.2020,-0.54,-2.18,-0.77,-0.31,-0.22,-0.03
2024-03-25 16:58:21.2120,-0.85,-1.31,-1.33,-0.34,-0.19,0.03
2024-03-25 16:58:21.2220,-0.93,-0.66,-1.93,-0.37,-0.13,0.1
2024-03-25 16:58:21.2320,-0.75,-0.25,-2.5,-0.39,-0.06,0.16
2024-03-25 16:58:21.2420,-0.51,0.08,-2.94,-0.41,-0.02,0.21
2024-03-25 16:58:21.2520,-0.28,0.19,-3.39,-0.43,-0.01,0.22
2024-03-25 16:58:21.2620,-0.05,0.18,-3.76,-0.46,-0.01,0.22
2024-03-25 16:58:21.2720,0.14,0.06,-4.11,-0.46,-0.01,0.22
2024-03-25 16:58:21.2820,0.26,-0.13,-4.16,-0.4,-0.02,0.21
2024-03-25 16:58:21.2920,0.26,-0.34,-3.92,-0.29,-0.03,0.2
2024-03-25 16:58:21.3020,0.33,-0.59,-3.8,-0.2,-0.07,0.18
2024-03-25 16:58:21.3120,0.44,-0.75,-4.0,-0.19,-0.14,0.13
2024-03-25 16:58:21.3220,0.62,-0.81,-4.52,-0.28,-0.2,0.08
2024-03-25 16:58:21.3320,0.71,-0.8,-5.02,-0.41,-0.23,0.06
2024-03-25 16:58:21.3420,0.59,-0.79,-4.98,-0.51,-0.18,0.07
2024-03-25 16:58:21.3520,0.49,-0.69,-4.45,-0.57,-0.05,0.07
2024-03-25 16:58:21.3620,0.38,-0.59,-3.74,-0.55,0.08,0.06
2024-03-25 16:58:21.3720,0.3,-0.41,-2.57,-0.45,0.12,0.02
2024-03-25 16:58:21.3820,0.25,-0.27,-1.1,-0.27,0.07,-0.04
2024-03-25 16:58:21.3920,0.22,0.05,0.13,-0.14,-0.03,-0.07
2024-03-25 16:58:21.4020,0.03,0.34,0.46,-0.1,-0.17,-0.07
2024-03-25 16:58:21.4120,-0.16,0.69,0.34,-0.12,-0.28,-0.06
2024-03-25 16:58:21.4220,-0.29,0.96,0.26,-0.15,-0.34,-0.01
2024-03-25 16:58:21.4320,-0.51,1.2,0.38,-0.2,-0.35,0.07
2024-03-25 16:58:21.4420,-0.74,1.4,0.51,-0.29,-0.34,0.15
2024-03-25 16:58:21.4520,-0.75,1.46,0.51,-0.39,-0.32,0.2
2024-03-25 16:58:21.4620,-0.59,1.36,0.76,-0.47,-0.3,0.22
2024-03-25 16:58:21.4720,-0.42,1.2,1.42,-0.49,-0.3,0.21
2024-03-25 16:58:21.4820,-0.25,1.03,2.23,-0.45,-0.3,0.18
2024-03-25 16:58:21.4920,-0.06,0.81,2.87,-0.39,-0.29,0.1
2024-03-25 16:58:21.5020,0.33,0.53,3.27,-0.33,-0.28,-0.04
2024-03-25 16:58:21.5120,0.68,0.37,3.44,-0.26,-0.27,-0.2
2024-03-25 16:58:21.5220,0.77,0.38,3.54,-0.16,-0.28,-0.36
2024-03-25 16:58:21.5320,0.67,0.66,3.66,-0.05,-0.28,-0.5
2024-03-25 16:58:21.5420,0.56,1.14,3.31,-0.02,-0.23,-0.58
2024-03-25 16:58:21.5520,0.45,1.63,2.56,-0.09,-0.11,-0.6
2024-03-25 16:58:21.5620,0.18,1.79,1.93,-0.16,0.03,-0.53
2024-03-25 16:58:21.5720,-0.25,1.64,2.12,-0.15,0.12,-0.4
2024-03-25 16:58:21.5820,-0.47,1.14,2.96,-0.02,0.14,-0.3
2024-03-25 16:58:21.5920,-0.25,0.3,3.69,0.13,0.13,-0.28
2024-03-25 16:58:21.6020,0.32,-0.56,3.61,0.23,0.09,-0.34
2024-03-25 16:58:21.6120,0.85,-1.04,3.19,0.3,0.05,-0.38
2024-03-25 16:58:21.6220,0.85,-1.32,2.84,0.34,0.01,-0.37
2024-03-25 16:58:21.6320,0.52,-1.42,2.53,0.36,-0.07,-0.31
2024-03-25 16:58:21.6420,0.28,-1.42,2.13,0.35,-0.16,-0.25
2024-03-25 16:58:21.6520,0.27,-1.4,1.51,0.31,-0.21,-0.21
2024-03-25 16:58:21.6620,0.43,-1.36,0.8,0.24,-0.2,-0.17
2024-03-25 16:58:21.6720,0.46,-1.25,0.12,0.13,-0.13,-0.11
2024-03-25 16:58:21.6820,0.24,-1.17,-0.49,-0.02,-0.03,0.01
2024-03-25 16:58:21.6920,-0.22,-1.18,-0.99,-0.2,0.03,0.16
2024-03-25 16:58:21.7020,-0.62,-1.35,-1.28,-0.37,0.01,0.3
2024-03-25 16:58:21.7120,-0.61,-1.68,-1.26,-0.47,-0.03,0.33
2024-03-25 16:58:21.7220,-0.03,-2.05,-1.06,-0.49,-0.08,0.27
2024-03-25 16:58:21.7320,0.54,-2.29,-0.97,-0.42,-0.16,0.12
2024-03-25 16:58:21.7430,0.99,-2.19,-0.88,-0.35,-0.19,-0.05
2024-03-25 16:58:21.7520,1.24,-1.95,-1.36,-0.3,-0.14,-0.19
2024-03-25 16:58:21.7620,1.11,-1.55,-2.01,-0.25,-0.06,-0.28
2024-03-25 16:58:21.7720,0.85,-1.11,-2.52,-0.2,0.03,-0.32
2024-03-25 16:58:21.7820,0.63,-0.67,-2.97,-0.17,0.12,-0.33
2024-03-25 16:58:21.7920,0.43,-0.24,-3.45,-0.16,0.19,-0.31
2024-03-25 16:58:21.8020,0.32,0.19,-3.87,-0.16,0.24,-0.29
2024-03-25 16:58:21.8120,0.26,0.43,-4.23,-0.18,0.24,-0.26
2024-03-25 16:58:21.8220,0.15,0.57,-4.28,-0.19,0.21,-0.22
2024-03-25 16:58:21.8320,-0.01,0.64,-4.04,-0.18,0.16,-0.18
2024-03-25 16:58:21.8420,-0.04,0.67,-3.74,-0.2,0.11,-0.13
2024-03-25 16:58:21.8520,0.09,0.74,-3.52,-0.23,0.1,-0.06
2024-03-25 16:58:21.8620,0.09,0.86,-3.14,-0.26,0.11,0.06
2024-03-25 16:58:21.8720,-0.02,0.89,-2.46,-0.26,0.12,0.17
2024-03-25 16:58:21.8820,0.0,0.75,-1.65,-0.24,0.1,0.25
2024-03-25 16:58:21.8920,0.12,0.56,-1.04,-0.22,0.05,0.3
2024-03-25 16:58:21.9020,0.3,0.38,-0.71,-0.2,-0.02,0.32
2024-03-25 16:58:21.9120,0.52,0.17,-0.38,-0.16,-0.06,0.31
2024-03-25 16:58:21.9220,0.62,-0.01,0.1,-0.13,-0.05,0.3
2024-03-25 16:58:21.9320,0.68,-0.25,0.61,-0.1,0.01,0.28
2024-03-25 16:58:21.9420,0.66,-0.47,1.15,-0.07,0.05,0.25
2024-03-25 16:58:21.9520,0.63,-0.54,1.71,-0.06,0.05,0.22
2024-03-25 16:58:21.9620,0.6,-0.42,2.0,-0.08,0.02,0.16
2024-03-25 16:58:21.9720,0.61,-0.32,2.14,-0.08,0.02,0.09
2024-03-25 16:58:21.9820,0.62,-0.13,2.5,-0.03,0.06,0.03
2024-03-25 16:58:21.9920,0.52,-0.02,2.93,0.08,0.1,-0.02
2024-03-25 16:58:22.0020,0.46,0.07,3.49,0.21,0.1,-0.1
2024-03-25 16:58:22.0120,0.6,0.2,3.74,0.35,0.07,-0.21
2024-03-25 16:58:22.0220,0.8,0.36,3.62,0.45,0.06,-0.33
2024-03-25 16:58:22.0320,0.76,0.4,3.22,0.55,0.11,-0.44
2024-03-25 16:58:22.0420,0.42,0.39,2.91,0.65,0.13,-0.51
2024-03-25 16:58:22.0520,0.02,0.74,2.65,0.7,0.13,-0.51
2024-03-25 16:58:22.0620,-0.5,1.29,2.14,0.66,0.11,-0.42
2024-03-25 16:58:22.0720,-1.13,1.66,1.42,0.45,0.09,-0.25
2024-03-25 16:58:22.0820,-1.8,1.61,0.51,0.09,0.1,0.05
2024-03-25 16:58:22.0920,-2.4,1.23,0.11,-0.19,0.1,0.38
2024-03-25 16:58:22.1020,-2.21,0.53,1.04,-0.24,0.08,0.58
2024-03-25 16:58:22.1120,-1.21,-0.84,2.34,-0.11,0.02,0.59
2024-03-25 16:58:22.1220,-0.14,-2.13,3.01,0.02,-0.05,0.44
2024-03-25 16:58:22.1320,0.81,-2.96,2.54,0.01,-0.09,0.24
2024-03-25 16:58:22.1420,1.03,-3.47,1.45,-0.12,-0.07,0.06
2024-03-25 16:58:22.1520,0.71,-3.44,0.71,-0.26,0.01,-0.06
2024-03-25 16:58:22.1620,0.07,-3.2,0.64,-0.34,0.11,-0.08
2024-03-25 16:58:22.1720,-0.87,-2.73,0.99,-0.37,0.21,-0.03
2024-03-25 16:58:22.1820,-1.7,-2.19,1.18,-0.39,0.26,0.01
2024-03-25 16:58:22.1920,-2.01,-1.52,1.14,-0.43,0.25,0.04
2024-03-25 16:58:22.2020,-2.12,-0.84,0.81,-0.47,0.16,0.1
2024-03-25 16:58:22.2120,-2.44,-0.28,0.51,-0.49,0.05,0.18
2024-03-25 16:58:22.2220,-2.6,0.18,0.32,-0.49,-0.03,0.28
2024-03-25 16:58:22.2320,-2.53,0.39,-0.04,-0.44,-0.07,0.38
2024-03-25 16:58:22.2420,-2.23,0.45,-0.43,-0.37,-0.07,0.44
2024-03-25 16:58:22.2520,-1.88,0.4,-0.92,-0.31,-0.09,0.5
2024-03-25 16:58:22.2620,-1.6,0.23,-1.52,-0.24,-0.13,0.52
2024-03-25 16:58:22.2720,-1.25,0.07,-2.11,-0.17,-0.16,0.52
2024-03-25 16:58:22.2820,-0.93,-0.07,-2.6,-0.08,-0.18,0.51
2024-03-25 16:58:22.2920,-0.66,-0.16,-2.97,-0.0,-0.18,0.49
2024-03-25 16:58:22.3020,-0.4,-0.22,-3.48,0.06,-0.17,0.46
2024-03-25 16:58:22.3120,-0.13,-0.17,-4.05,0.08,-0.15,0.44
2024-03-25 16:58:22.3220,0.01,-0.15,-4.59,0.07,-0.12,0.44
2024-03-25 16:58:22.3320,0.1,-0.04,-4.9,0.04,-0.07,0.45
2024-03-25 16:58:22.3420,0.14,0.12,-5.04,-0.02,0.02,0.51
2024-03-25 16:58:22.3520,-0.03,0.18,-4.96,-0.06,0.1,0.55
2024-03-25 16:58:22.3620,0.08,0.28,-4.54,-0.12,0.14,0.55
2024-03-25 16:58:22.3720,0.23,0.35,-4.29,-0.23,0.13,0.55
2024-03-25 16:58:22.3820,0.31,0.41,-3.98,-0.35,0.07,0.51
2024-03-25 16:58:22.3920,0.45,0.47,-3.32,-0.43,0.03,0.47
2024-03-25 16:58:22.4020,0.46,0.47,-2.6,-0.47,0.05,0.42
2024-03-25 16:58:22.4120,0.38,0.52,-1.75,-0.4,0.11,0.37
2024-03-25 16:58:22.4220,0.31,0.62,-0.62,-0.24,0.14,0.31
2024-03-25 16:58:22.4320,0.08,0.85,0.41,-0.09,0.11,0.28
2024-03-25 16:58:22.4420,-0.16,1.18,0.81,-0.02,0.0,0.25
2024-03-25 16:58:22.4520,-0.29,1.5,0.77,-0.05,-0.14,0.21
2024-03-25 16:58:22.4620,-0.39,1.78,0.59,-0.11,-0.27,0.17
2024-03-25 16:58:22.4720,-0.48,2.04,0.73,-0.14,-0.34,0.15
2024-03-25 16:58:22.4820,-0.64,2.26,1.17,-0.13,-0.35,0.14
2024-03-25 16:58:22.4920,-0.82,2.47,1.52,-0.11,-0.33,0.14
2024-03-25 16:58:22.5020,-1.01,2.61,1.59,-0.12,-0.32,0.17
2024-03-25 16:58:22.5110,-1.29,2.66,1.63,-0.12,-0.33,0.23
2024-03-25 16:58:22.5220,-1.55,2.54,1.88,-0.11,-0.33,0.32
2024-03-25 16:58:22.5320,-1.51,2.11,2.36,-0.09,-0.31,0.37
2024-03-25 16:58:22.5420,-1.08,1.42,2.83,-0.13,-0.31,0.38
2024-03-25 16:58:22.5520,-0.54,0.75,3.01,-0.19,-0.34,0.31
2024-03-25 16:58:22.5620,0.18,0.25,3.37,-0.19,-0.38,0.18
2024-03-25 16:58:22.5720,1.11,0.07,4.09,-0.1,-0.36,0.02
2024-03-25 16:58:22.5820,1.79,0.18,4.66,0.02,-0.23,-0.11
2024-03-25 16:58:22.5920,2.07,0.21,4.76,0.11,-0.01,-0.15
2024-03-25 16:58:22.6020,1.92,-0.01,4.72,0.21,0.17,-0.1
2024-03-25 16:58:22.6120,1.76,-0.42,4.86,0.31,0.26,-0.06
2024-03-25 16:58:22.6220,1.83,-1.13,4.84,0.39,0.22,-0.05
2024-03-25 16:58:22.6320,1.82,-2.19,4.51,0.47,0.08,-0.1
2024-03-25 16:58:22.6420,2.09,-3.07,3.89,0.51,-0.07,-0.24
2024-03-25 16:58:22.6520,2.56,-3.64,2.78,0.49,-0.22,-0.41
2024-03-25 16:58:22.6620,2.79,-3.67,1.79,0.46,-0.29,-0.55
2024-03-25 16:58:22.6720,2.53,-3.42,1.05,0.44,-0.23,-0.58
2024-03-25 16:58:22.6820,1.97,-3.1,0.41,0.44,-0.07,-0.56
2024-03-25 16:58:22.6910,1.48,-2.7,-0.11,0.38,0.15,-0.49
2024-03-25 16:58:22.7020,1.02,-2.35,-0.71,0.26,0.36,-0.4
2024-03-25 16:58:22.7120,0.55,-2.06,-1.06,0.11,0.47,-0.32
2024-03-25 16:58:22.7220,0.03,-1.95,-1.13,-0.07,0.47,-0.25
2024-03-25 16:58:22.7310,-0.53,-1.95,-0.97,-0.22,0.36,-0.19
2024-03-25 16:58:22.7420,-1.01,-2.05,-0.55,-0.27,0.17,-0.18
2024-03-25 16:58:22.7520,-1.13,-2.2,-0.06,-0.26,-0.01,-0.2
2024-03-25 16:58:22.7620,-0.95,-2.21,0.1,-0.19,-0.14,-0.29
2024-03-25 16:58:22.7720,-0.55,-2.02,0.08,-0.08,-0.17,-0.4
2024-03-25 16:58:22.7820,-0.17,-1.52,-0.43,-0.01,-0.11,-0.45
2024-03-25 16:58:22.7910,-0.26,-0.89,-1.2,0.04,-0.01,-0.44
2024-03-25 16:58:22.8010,-0.56,-0.37,-1.82,0.07,0.11,-0.36
2024-03-25 16:58:22.8110,-0.79,-0.02,-2.34,0.07,0.19,-0.27
2024-03-25 16:58:22.8210,-0.76,0.24,-2.85,0.03,0.22,-0.19
2024-03-25 16:58:22.8310,-0.53,0.31,-3.21,-0.01,0.17,-0.14
2024-03-25 16:58:22.8410,-0.34,0.25,-3.38,-0.05,0.09,-0.13
2024-03-25 16:58:22.8520,-0.15,0.0,-3.27,-0.06,0.02,-0.14
2024-03-25 16:58:22.8610,0.14,-0.24,-3.09,-0.05,-0.01,-0.16
2024-03-25 16:58:22.8710,0.34,-0.42,-2.98,-0.06,0.01,-0.17
2024-03-25 16:58:22.8810,0.36,-0.52,-2.95,-0.07,0.05,-0.16
2024-03-25 16:58:22.8910,0.23,-0.52,-2.76,-0.06,0.09,-0.14
2024-03-25 16:58:22.9010,0.09,-0.48,-2.44,-0.03,0.1,-0.13
2024-03-25 16:58:22.9120,0.13,-0.41,-2.22,-0.01,0.1,-0.14
2024-03-25 16:58:22.9210,0.12,-0.28,-2.12,0.01,0.04,-0.14
2024-03-25 16:58:22.9310,-0.1,0.01,-1.99,-0.0,-0.04,-0.11
2024-03-25 16:58:22.9420,-0.27,0.36,-2.03,-0.06,-0.12,-0.06
2024-03-25 16:58:22.9520,-0.36,0.7,-2.1,-0.11,-0.17,-0.01
2024-03-25 16:58:22.9620,-0.31,1.02,-1.94,-0.16,-0.19,0.07
2024-03-25 16:58:22.9710,-0.3,1.23,-1.7,-0.19,-0.15,0.15
2024-03-25 16:58:22.9820,-0.19,1.32,-1.29,-0.19,-0.06,0.2
2024-03-25 16:58:22.9910,0.11,1.31,-0.81,-0.18,0.05,0.22
2024-03-25 16:58:23.0010,0.36,1.21,-0.21,-0.15,0.12,0.21
2024-03-25 16:58:23.0110,0.49,1.15,0.52,-0.12,0.15,0.17
2024-03-25 16:58:23.0210,0.58,1.17,1.17,-0.1,0.16,0.12
2024-03-25 16:58:23.0320,0.63,1.1,1.83,-0.04,0.15,0.05
2024-03-25 16:58:23.0420,0.65,1.12,2.58,0.07,0.17,-0.03
2024-03-25 16:58:23.0510,0.61,1.08,3.33,0.21,0.23,-0.07
2024-03-25 16:58:23.0620,0.43,1.07,3.84,0.35,0.32,-0.08
2024-03-25 16:58:23.0710,0.14,1.03,4.06,0.45,0.38,-0.06
2024-03-25 16:58:23.0810,-0.11,1.01,4.09,0.53,0.38,-0.03
2024-03-25 16:58:23.0910,-0.26,0.87,4.21,0.64,0.32,-0.01
2024-03-25 16:58:23.1010,-0.24,0.6,4.65,0.84,0.18,-0.06
2024-03-25 16:58:23.1110,0.18,0.42,5.1,1.04,0.0,-0.18
2024-03-25 16:58:23.1210,0.67,0.35,4.92,1.12,-0.09,-0.3
2024-03-25 16:58:23.1310,0.47,0.07,3.9,1.04,-0.08,-0.3
2024-03-25 16:58:23.1410,-0.53,-0.31,3.0,0.94,-0.04,-0.13
2024-03-25 16:58:23.1510,-1.7,-0.71,3.09,0.97,-0.0,0.09
2024-03-25 16:58:23.1610,-1.97,-1.38,3.69,1.11,-0.04,0.21
2024-03-25 16:58:23.1710,-1.53,-2.38,3.68,1.19,-0.14,0.2
2024-03-25 16:58:23.1810,-1.05,-3.35,2.52,1.14,-0.28,0.17
2024-03-25 16:58:23.1910,-1.15,-3.75,1.11,0.96,-0.42,0.15
2024-03-25 16:58:23.2010,-1.27,-3.76,-0.25,0.68,-0.51,0.15
2024-03-25 16:58:23.2110,-1.49,-3.6,-1.38,0.35,-0.49,0.22
2024-03-25 16:58:23.2210,-1.65,-3.25,-2.19,-0.01,-0.33,0.29
2024-03-25 16:58:23.2310,-1.67,-2.96,-2.75,-0.41,-0.08,0.37
2024-03-25 16:58:23.2410,-1.78,-2.72,-2.98,-0.74,0.14,0.44
2024-03-25 16:58:23.2510,-1.9,-2.26,-2.27,-0.95,0.25,0.46
2024-03-25 16:58:23.2610,-1.9,-1.65,-1.4,-1.09,0.29,0.48
2024-03-25 16:58:23.2710,-1.98,-1.29,-0.88,-1.09,0.23,0.51
2024-03-25 16:58:23.2810,-2.01,-0.81,-0.15,-1.01,0.14,0.53
2024-03-25 16:58:23.2910,-1.85,-0.4,0.03,-0.9,0.04,0.54
2024-03-25 16:58:23.3010,-1.53,-0.04,-0.28,-0.78,-0.05,0.53
2024-03-25 16:58:23.3110,-1.06,0.21,-0.81,-0.66,-0.12,0.47
2024-03-25 16:58:23.3210,-0.58,0.37,-1.35,-0.52,-0.14,0.39
2024-03-25 16:58:23.3310,-0.15,0.46,-1.86,-0.38,-0.15,0.29
2024-03-25 16:58:23.3410,0.16,0.5,-2.38,-0.24,-0.17,0.2
2024-03-25 16:58:23.3510,0.27,0.49,-2.88,-0.09,-0.21,0.13
2024-03-25 16:58:23.3610,0.22,0.4,-3.21,0.04,-0.22,0.1
2024-03-25 16:58:23.3710,0.13,0.38,-3.58,0.18,-0.24,0.12
2024-03-25 16:58:23.3810,-0.08,0.29,-3.86,0.31,-0.25,0.17
2024-03-25 16:58:23.3910,-0.18,0.23,-4.22,0.35,-0.21,0.24
2024-03-25 16:58:23.4010,-0.16,0.16,-4.75,0.31,-0.18,0.28
2024-03-25 16:58:23.4110,0.16,0.19,-5.28,0.21,-0.14,0.3
2024-03-25 16:58:23.4210,0.36,0.33,-5.47,0.07,-0.06,0.32
2024-03-25 16:58:23.4310,0.49,0.33,-5.42,-0.09,0.12,0.38
2024-03-25 16:58:23.4410,0.62,0.26,-4.89,-0.19,0.29,0.4
2024-03-25 16:58:23.4510,0.67,0.15,-3.75,-0.28,0.48,0.43
2024-03-25 16:58:23.4610,0.6,-0.02,-2.63,-0.35,0.59,0.45
2024-03-25 16:58:23.4710,0.44,-0.11,-1.31,-0.38,0.59,0.47
2024-03-25 16:58:23.4810,0.33,-0.15,0.12,-0.34,0.45,0.43
2024-03-25 16:58:23.4910,0.47,-0.19,1.56,-0.24,0.16,0.3
2024-03-25 16:58:23.5010,0.76,-0.21,2.56,-0.16,-0.12,0.13
2024-03-25 16:58:23.5110,0.95,-0.13,2.96,-0.17,-0.3,-0.01
2024-03-25 16:58:23.5210,0.82,0.07,2.79,-0.21,-0.35,-0.09
2024-03-25 16:58:23.5310,0.54,0.37,2.83,-0.24,-0.3,-0.12
2024-03-25 16:58:23.5410,0.21,0.72,3.16,-0.22,-0.19,-0.12
2024-03-25 16:58:23.5510,-0.01,1.05,3.58,-0.18,-0.08,-0.12
2024-03-25 16:58:23.5610,-0.07,1.35,3.95,-0.13,-0.04,-0.16
2024-03-25 16:58:23.5710,0.0,1.57,4.07,-0.11,-0.04,-0.23
2024-03-25 16:58:23.5810,-0.01,1.72,3.98,-0.04,-0.11,-0.31
2024-03-25 16:58:23.5910,-0.11,2.0,4.38,0.07,-0.2,-0.4
2024-03-25 16:58:23.6010,-0.05,2.43,4.62,0.14,-0.23,-0.47
2024-03-25 16:58:23.6110,0.06,2.89,4.44,0.15,-0.18,-0.49
2024-03-25 16:58:23.6210,-0.01,3.25,4.04,0.1,-0.02,-0.42
2024-03-25 16:58:23.6310,-0.63,3.22,3.89,0.02,0.17,-0.2
2024-03-25 16:58:23.6410,-1.27,2.85,4.33,0.05,0.25,-0.03
2024-03-25 16:58:23.6510,-1.15,1.93,5.32,0.19,0.2,0.03
2024-03-25 16:58:23.6610,-0.56,0.79,5.73,0.42,0.0,-0.03
2024-03-25 16:58:23.6710,0.07,-0.24,5.65,0.66,-0.22,-0.19
2024-03-25 16:58:23.6810,0.8,-0.98,4.84,0.83,-0.35,-0.35
2024-03-25 16:58:23.6910,1.12,-1.39,3.41,0.93,-0.36,-0.44
2024-03-25 16:58:23.7010,1.0,-1.53,2.05,0.99,-0.25,-0.46
2024-03-25 16:58:23.7110,0.79,-1.56,0.94,1.02,-0.09,-0.44
2024-03-25 16:58:23.7210,0.64,-1.56,-0.11,0.99,0.08,-0.38
2024-03-25 16:58:23.7310,0.47,-1.47,-1.11,0.89,0.19,-0.3
2024-03-25 16:58:23.7420,0.28,-1.34,-1.91,0.74,0.22,-0.2
2024-03-25 16:58:23.7510,0.09,-1.3,-2.52,0.55,0.19,-0.1
2024-03-25 16:58:23.7610,-0.03,-1.36,-2.92,0.33,0.14,-0.01
2024-03-25 16:58:23.7710,-0.1,-1.6,-3.13,0.1,0.08,0.09
2024-03-25 16:58:23.7810,-0.21,-1.92,-3.13,-0.1,0.0,0.18
2024-03-25 16:58:23.7910,-0.19,-2.32,-2.83,-0.22,-0.06,0.22
2024-03-25 16:58:23.8010,0.01,-2.72,-2.4,-0.27,-0.11,0.22
2024-03-25 16:58:23.8110,0.33,-3.07,-2.3,-0.27,-0.14,0.17
2024-03-25 16:58:23.8210,0.72,-3.22,-2.45,-0.24,-0.15,0.06
2024-03-25 16:58:23.8310,1.09,-3.21,-2.8,-0.22,-0.14,-0.06
2024-03-25 16:58:23.8410,1.31,-2.99,-3.29,-0.2,-0.09,-0.19
2024-03-25 16:58:23.8510,1.34,-2.59,-3.83,-0.21,-0.02,-0.28
2024-03-25 16:58:23.8610,1.09,-2.1,-4.32,-0.25,0.03,-0.3
2024-03-25 16:58:23.8710,0.65,-1.64,-4.66,-0.32,0.05,-0.3
2024-03-25 16:58:23.8810,0.29,-1.22,-4.84,-0.4,0.05,-0.24
2024-03-25 16:58:23.8910,-0.1,-0.87,-4.72,-0.44,0.04,-0.16
2024-03-25 16:58:23.9010,-0.19,-0.62,-4.26,-0.44,-0.01,-0.13
2024-03-25 16:58:23.9110,0.08,-0.56,-3.79,-0.47,-0.06,-0.13
2024-03-25 16:58:23.9210,0.41,-0.53,-3.73,-0.53,-0.08,-0.16
2024-03-25 16:58:23.9310,0.52,-0.5,-3.56,-0.57,-0.1,-0.19
2024-03-25 16:58:23.9410,0.46,-0.41,-3.02,-0.6,-0.1,-0.19
2024-03-25 16:58:23.9510,0.26,-0.22,-2.36,-0.59,-0.08,-0.15
2024-03-25 16:58:23.9610,0.14,0.08,-1.74,-0.57,-0.07,-0.11
2024-03-25 16:58:23.9710,0.19,0.46,-1.27,-0.54,-0.07,-0.07
2024-03-25 16:58:23.9810,0.26,0.72,-0.93,-0.53,-0.09,-0.05
2024-03-25 16:58:23.9910,0.41,0.99,-0.73,-0.54,-0.09,-0.04
2024-03-25 16:58:24.0010,0.47,1.18,-0.51,-0.55,-0.1,-0.03
2024-03-25 16:58:24.0110,0.4,1.31,-0.05,-0.54,-0.11,-0.01
2024-03-25 16:58:24.0210,0.33,1.39,0.54,-0.5,-0.07,-0.01
2024-03-25 16:58:24.0310,0.59,1.49,1.22,-0.43,-0.0,-0.02
2024-03-25 16:58:24.0410,0.8,1.55,1.71,-0.36,0.1,-0.04
2024-03-25 16:58:24.0510,0.96,1.6,2.22,-0.29,0.18,-0.08
2024-03-25 16:58:24.0610,1.05,1.59,2.72,-0.21,0.25,-0.14
2024-03-25 16:58:24.0710,1.05,1.57,3.15,-0.12,0.29,-0.18
2024-03-25 16:58:24.0810,0.86,1.56,3.59,-0.01,0.29,-0.21
2024-03-25 16:58:24.0910,0.64,1.59,4.03,0.11,0.24,-0.24
2024-03-25 16:58:24.1010,0.49,1.65,4.14,0.18,0.24,-0.24
2024-03-25 16:58:24.1110,0.4,1.65,4.04,0.24,0.24,-0.23
2024-03-25 16:58:24.1210,0.28,1.56,4.22,0.32,0.26,-0.22
2024-03-25 16:58:24.1310,0.29,1.54,4.55,0.4,0.29,-0.22
2024-03-25 16:58:24.1410,0.37,1.57,4.66,0.44,0.32,-0.2
2024-03-25 16:58:24.1510,0.0,1.55,4.58,0.42,0.35,-0.14
2024-03-25 16:58:24.1610,-0.45,1.38,4.62,0.39,0.38,-0.03
2024-03-25 16:58:24.1710,-0.98,1.05,4.81,0.4,0.35,0.12
2024-03-25 16:58:24.1810,-1.36,0.42,5.2,0.51,0.25,0.25
2024-03-25 16:58:24.1910,-1.33,-0.61,5.59,0.73,0.11,0.28
2024-03-25 16:58:24.2010,-0.77,-1.7,5.46,0.96,-0.0,0.18
2024-03-25 16:58:24.2110,-0.08,-2.57,4.38,1.09,-0.08,0.04
2024-03-25 16:58:24.2210,-0.04,-2.89,2.66,1.04,-0.1,-0.02
2024-03-25 16:58:24.2310,-0.68,-2.86,0.87,0.85,-0.09,0.03
2024-03-25 16:58:24.2410,-1.59,-2.67,-0.38,0.59,-0.07,0.19
2024-03-25 16:58:24.2510,-2.43,-2.65,-0.97,0.35,-0.06,0.39
2024-03-25 16:58:24.2610,-2.87,-2.88,-1.02,0.16,-0.07,0.53
2024-03-25 16:58:24.2710,-2.79,-3.28,-0.97,-0.0,-0.11,0.57
2024-03-25 16:58:24.2810,-2.38,-3.67,-1.21,-0.16,-0.17,0.51
2024-03-25 16:58:24.2910,-1.93,-3.92,-1.61,-0.25,-0.19,0.37
2024-03-25 16:58:24.3010,-1.4,-3.75,-1.82,-0.27,-0.15,0.23
2024-03-25 16:58:24.3110,-1.19,-3.14,-1.99,-0.23,-0.07,0.18
2024-03-25 16:58:24.3210,-1.34,-2.33,-2.36,-0.21,0.0,0.18
2024-03-25 16:58:24.3310,-1.29,-1.71,-3.09,-0.24,0.08,0.19
2024-03-25 16:58:24.3410,-1.08,-1.15,-3.96,-0.3,0.14,0.22
2024-03-25 16:58:24.3510,-0.92,-0.69,-4.58,-0.36,0.17,0.25
2024-03-25 16:58:24.3610,-0.84,-0.3,-4.9,-0.45,0.2,0.32
2024-03-25 16:58:24.3710,-0.91,-0.04,-5.14,-0.51,0.23,0.42
2024-03-25 16:58:24.3810,-0.89,0.18,-5.03,-0.54,0.24,0.51
2024-03-25 16:58:24.3910,-0.67,0.23,-4.72,-0.52,0.25,0.58
2024-03-25 16:58:24.4010,-0.4,0.19,-4.21,-0.43,0.27,0.62
2024-03-25 16:58:24.4110,-0.03,0.2,-3.72,-0.34,0.28,0.64
2024-03-25 16:58:24.4210,0.33,0.18,-3.56,-0.32,0.29,0.63
2024-03-25 16:58:24.4310,0.65,0.23,-3.78,-0.37,0.27,0.61
2024-03-25 16:58:24.4410,0.88,0.4,-3.99,-0.46,0.24,0.62
2024-03-25 16:58:24.4510,0.94,0.68,-3.9,-0.57,0.2,0.62
2024-03-25 16:58:24.4610,1.09,0.9,-3.56,-0.66,0.17,0.63
2024-03-25 16:58:24.4710,1.27,0.96,-2.98,-0.69,0.19,0.62
2024-03-25 16:58:24.4810,1.44,0.9,-2.1,-0.64,0.23,0.61
2024-03-25 16:58:24.4910,1.56,0.68,-0.9,-0.51,0.27,0.56
2024-03-25 16:58:24.5010,1.71,0.39,0.23,-0.38,0.27,0.47
2024-03-25 16:58:24.5110,1.98,0.13,1.02,-0.26,0.22,0.32
2024-03-25 16:58:24.5210,2.21,0.06,1.53,-0.19,0.13,0.17
2024-03-25 16:58:24.5310,2.12,0.12,1.76,-0.15,-0.01,0.03
2024-03-25 16:58:24.5410,1.85,0.27,1.98,-0.11,-0.14,-0.06
2024-03-25 16:58:24.5510,1.58,0.52,2.19,-0.09,-0.19,-0.11
2024-03-25 16:58:24.5610,1.3,0.67,2.11,-0.1,-0.18,-0.13
2024-03-25 16:58:24.5710,1.02,0.77,2.1,-0.1,-0.13,-0.13
2024-03-25 16:58:24.5810,0.83,0.89,2.27,-0.12,-0.02,-0.12
2024-03-25 16:58:24.5910,0.5,0.9,2.63,-0.11,0.07,-0.1
2024-03-25 16:58:24.6010,0.27,0.9,3.22,-0.1,0.11,-0.15
2024-03-25 16:58:24.6110,0.22,0.86,3.83,-0.06,0.09,-0.23
2024-03-25 16:58:24.6210,0.16,0.82,4.48,0.06,0.02,-0.37
2024-03-25 16:58:24.6310,0.19,0.84,5.25,0.25,-0.12,-0.53
2024-03-25 16:58:24.6410,0.19,0.96,5.66,0.45,-0.29,-0.72
2024-03-25 16:58:24.6510,0.18,1.17,5.32,0.61,-0.48,-0.9
2024-03-25 16:58:24.6610,0.15,1.62,4.5,0.72,-0.65,-1.06
2024-03-25 16:58:24.6710,0.07,2.37,3.55,0.79,-0.77,-1.13
2024-03-25 16:58:24.6810,-0.01,3.34,2.69,0.84,-0.73,-1.04
2024-03-25 16:58:24.6910,-0.33,4.07,2.09,0.86,-0.62,-0.81
2024-03-25 16:58:24.7010,-0.48,4.18,1.5,0.8,-0.49,-0.5
2024-03-25 16:58:24.7110,-0.34,3.38,1.0,0.7,-0.33,-0.23
2024-03-25 16:58:24.7210,0.03,1.92,0.75,0.57,-0.19,-0.03
2024-03-25 16:58:24.7310,0.45,0.31,0.78,0.48,-0.12,0.11
2024-03-25 16:58:24.7410,0.63,-1.21,1.19,0.42,-0.12,0.16
2024-03-25 16:58:24.7510,0.91,-2.31,1.61,0.36,-0.17,0.14
2024-03-25 16:58:24.7610,1.2,-3.06,1.71,0.31,-0.21,0.09
2024-03-25 16:58:24.7710,1.16,-3.57,1.77,0.28,-0.21,0.06
2024-03-25 16:58:24.7810,0.9,-4.0,1.77,0.25,-0.12,0.03
2024-03-25 16:58:24.7910,0.63,-4.31,1.55,0.2,-0.02,0.04
2024-03-25 16:58:24.8010,0.3,-4.42,1.12,0.12,0.04,0.07
2024-03-25 16:58:24.8110,0.01,-4.52,0.55,0.02,0.05,0.09
2024-03-25 16:58:24.8210,-0.05,-4.57,-0.14,-0.08,0.05,0.05
2024-03-25 16:58:24.8310,0.28,-4.6,-0.84,-0.14,0.06,-0.1
2024-03-25 16:58:24.8410,0.82,-4.47,-1.44,-0.16,0.09,-0.32
2024-03-25 16:58:24.8510,1.24,-3.99,-1.96,-0.17,0.12,-0.57
2024-03-25 16:58:24.8610,1.29,-3.14,-2.59,-0.17,0.2,-0.73
2024-03-25 16:58:24.8710,0.88,-2.14,-3.06,-0.16,0.32,-0.82
2024-03-25 16:58:24.8810,0.52,-1.36,-3.46,-0.11,0.49,-0.87
2024-03-25 16:58:24.8910,0.2,-0.81,-3.69,-0.02,0.65,-0.85
2024-03-25 16:58:24.9010,-0.36,-0.15,-3.69,0.08,0.75,-0.74
2024-03-25 16:58:24.9110,-0.95,0.49,-3.76,0.13,0.77,-0.6
2024-03-25 16:58:24.9210,-1.33,0.94,-4.01,0.1,0.69,-0.46
2024-03-25 16:58:24.9310,-1.17,1.34,-4.45,-0.01,0.53,-0.37
2024-03-25 16:58:24.9410,-1.02,1.39,-4.87,-0.19,0.37,-0.27
2024-03-25 16:58:24.9510,-0.94,1.19,-4.78,-0.3,0.21,-0.2
2024-03-25 16:58:24.9610,-0.68,0.84,-4.01,-0.31,0.12,-0.16
2024-03-25 16:58:24.9710,-0.42,0.35,-3.13,-0.26,0.15,-0.11
2024-03-25 16:58:24.9810,-0.26,-0.14,-2.2,-0.14,0.21,-0.09
2024-03-25 16:58:24.9910,-0.14,-0.4,-1.3,-0.06,0.23,-0.06
2024-03-25 16:58:25.0010,-0.28,-0.47,-0.92,-0.07,0.18,-0.02
2024-03-25 16:58:25.0110,-0.57,-0.38,-0.8,-0.12,0.02,0.04
2024-03-25 16:58:25.0210,-0.82,-0.2,-0.45,-0.16,-0.21,0.1
2024-03-25 16:58:25.0310,-0.81,-0.08,-0.16,-0.19,-0.42,0.12
2024-03-25 16:58:25.0410,-0.46,-0.07,-0.16,-0.2,-0.56,0.11
2024-03-25 16:58:25.0500,-0.02,-0.11,-0.3,-0.2,-0.58,0.08
2024-03-25 16:58:25.0610,0.32,-0.05,-0.37,-0.16,-0.48,0.06
2024-03-25 16:58:25.0710,0.59,0.16,-0.27,-0.14,-0.29,0.03
2024-03-25 16:58:25.0810,0.73,0.54,-0.25,-0.2,-0.07,0.05
2024-03-25 16:58:25.0910,0.64,0.89,-0.32,-0.3,0.14,0.11
2024-03-25 16:58:25.1010,0.25,1.11,0.09,-0.38,0.28,0.17
2024-03-25 16:58:25.1110,-0.01,1.18,1.17,-0.37,0.32,0.2
2024-03-25 16:58:25.1210,-0.01,1.11,2.44,-0.31,0.29,0.16
2024-03-25 16:58:25.1300,0.19,1.12,3.33,-0.25,0.21,0.12
2024-03-25 16:58:25.1410,0.17,1.19,3.81,-0.2,0.1,0.08
2024-03-25 16:58:25.1500,0.06,1.34,4.29,-0.14,0.03,0.07
2024-03-25 16:58:25.1610,-0.15,1.36,4.86,-0.04,0.01,0.08
2024-03-25 16:58:25.1710,-0.28,1.35,5.48,0.14,0.01,0.08
2024-03-25 16:58:25.1810,-0.22,1.37,5.99,0.37,0.01,0.05
2024-03-25 16:58:25.1900,-0.1,1.47,6.09,0.54,0.02,0.01
2024-03-25 16:58:25.2000,-0.14,1.56,5.4,0.59,0.06,-0.01
2024-03-25 16:58:25.2110,-0.37,1.71,4.45,0.54,0.11,0.05
2024-03-25 16:58:25.2200,-0.95,1.6,3.75,0.44,0.09,0.21
2024-03-25 16:58:25.2300,-1.74,1.12,3.63,0.44,-0.02,0.43
2024-03-25 16:58:25.2410,-2.1,0.29,4.26,0.53,-0.21,0.57
2024-03-25 16:58:25.2500,-1.73,-1.09,4.35,0.62,-0.41,0.58
2024-03-25 16:58:25.2600,-1.05,-2.46,3.46,0.68,-0.6,0.45
2024-03-25 16:58:25.2710,-0.32,-3.27,2.35,0.66,-0.65,0.26
2024-03-25 16:58:25.2810,0.02,-3.63,1.11,0.61,-0.54,0.14
2024-03-25 16:58:25.2900,-0.22,-3.58,0.06,0.51,-0.32,0.13
2024-03-25 16:58:25.3000,-0.84,-3.42,-0.86,0.41,-0.05,0.2
2024-03-25 16:58:25.3100,-1.2,-3.16,-1.45,0.34,0.19,0.25
2024-03-25 16:58:25.3200,-1.35,-2.93,-1.83,0.27,0.33,0.29
2024-03-25 16:58:25.3300,-1.4,-2.57,-2.29,0.17,0.34,0.3
2024-03-25 16:58:25.3400,-1.42,-2.05,-2.86,0.04,0.28,0.34
2024-03-25 16:58:25.3500,-1.49,-1.48,-3.32,-0.09,0.17,0.4
2024-03-25 16:58:25.3610,-1.52,-1.04,-3.72,-0.24,0.04,0.46
2024-03-25 16:58:25.3700,-1.33,-0.81,-4.15,-0.39,-0.07,0.52
2024-03-25 16:58:25.3800,-1.04,-0.75,-4.48,-0.46,-0.11,0.58
2024-03-25 16:58:25.3900,-0.74,-0.75,-4.42,-0.48,-0.09,0.62
2024-03-25 16:58:25.4010,-0.43,-0.8,-4.4,-0.46,-0.02,0.64
2024-03-25 16:58:25.4100,-0.09,-0.86,-4.37,-0.4,0.04,0.61
2024-03-25 16:58:25.4200,0.26,-0.97,-4.24,-0.32,0.11,0.55
2024-03-25 16:58:25.4300,0.57,-1.01,-4.16,-0.24,0.17,0.46
2024-03-25 16:58:25.4410,0.75,-0.9,-4.2,-0.21,0.19,0.37
2024-03-25 16:58:25.4500,0.74,-0.7,-4.38,-0.25,0.19,0.32
2024-03-25 16:58:25.4600,0.51,-0.47,-4.62,-0.35,0.18,0.31
2024-03-25 16:58:25.4710,0.31,-0.25,-4.67,-0.46,0.19,0.31
2024-03-25 16:58:25.4800,0.27,-0.08,-4.37,-0.55,0.2,0.31
2024-03-25 16:58:25.4900,0.32,0.11,-3.85,-0.61,0.26,0.31
2024-03-25 16:58:25.5000,0.28,0.22,-3.05,-0.62,0.29,0.29
2024-03-25 16:58:25.5100,0.34,0.33,-2.12,-0.63,0.32,0.25
2024-03-25 16:58:25.5200,0.29,0.36,-1.43,-0.61,0.31,0.23
2024-03-25 16:58:25.5300,0.15,0.34,-0.46,-0.54,0.26,0.18
2024-03-25 16:58:25.5400,0.16,0.33,0.65,-0.38,0.2,0.13
2024-03-25 16:58:25.5500,0.28,0.38,1.63,-0.2,0.07,0.05
2024-03-25 16:58:25.5600,0.39,0.52,2.02,-0.05,-0.03,-0.03
2024-03-25 16:58:25.5700,0.41,0.82,1.94,0.0,-0.09,-0.08
2024-03-25 16:58:25.5800,0.31,1.1,1.36,-0.02,-0.11,-0.09
2024-03-25 16:58:25.5900,0.1,1.49,0.98,-0.08,-0.07,-0.04
2024-03-25 16:58:25.6000,-0.15,1.81,1.05,-0.14,0.02,0.04
2024-03-25 16:58:25.6100,-0.18,1.92,1.38,-0.16,0.09,0.09
2024-03-25 16:58:25.6200,0.0,1.77,2.02,-0.17,0.12,0.1
2024-03-25 16:58:25.6300,0.24,1.57,2.74,-0.15,0.08,0.05
2024-03-25 16:58:25.6400,0.36,1.21,3.6,-0.08,0.01,-0.05
2024-03-25 16:58:25.6500,0.56,0.92,4.44,0.04,-0.08,-0.19
2024-03-25 16:58:25.6600,0.78,0.69,5.09,0.19,-0.19,-0.37
2024-03-25 16:58:25.6700,0.94,0.71,5.42,0.35,-0.3,-0.54
2024-03-25 16:58:25.6800,0.95,0.91,5.24,0.48,-0.39,-0.73
2024-03-25 16:58:25.6900,1.14,1.36,4.54,0.57,-0.46,-0.89
2024-03-25 16:58:25.7000,1.24,2.0,3.77,0.61,-0.42,-0.98
2024-03-25 16:58:25.7100,0.97,2.63,2.92,0.55,-0.23,-0.92
2024-03-25 16:58:25.7200,0.41,3.07,2.19,0.48,0.01,-0.72
2024-03-25 16:58:25.7300,-0.07,3.11,2.21,0.47,0.19,-0.47
2024-03-25 16:58:25.7410,-0.31,2.35,2.79,0.5,0.24,-0.29
2024-03-25 16:58:25.7500,-0.23,0.89,3.31,0.55,0.19,-0.21
2024-03-25 16:58:25.7600,0.11,-0.64,3.35,0.58,0.06,-0.22
2024-03-25 16:58:25.7700,0.46,-1.92,3.19,0.66,-0.11,-0.34
2024-03-25 16:58:25.7800,0.84,-2.82,3.03,0.72,-0.25,-0.49
2024-03-25 16:58:25.7900,0.98,-3.21,2.34,0.75,-0.29,-0.59
2024-03-25 16:58:25.8000,0.74,-3.15,1.42,0.75,-0.26,-0.6
2024-03-25 16:58:25.8100,0.24,-2.89,0.6,0.73,-0.21,-0.55
2024-03-25 16:58:25.8200,-0.1,-2.62,-0.18,0.65,-0.13,-0.47
2024-03-25 16:58:25.8300,-0.3,-2.38,-1.13,0.47,-0.06,-0.37
2024-03-25 16:58:25.8400,-0.44,-2.16,-2.04,0.25,-0.01,-0.24
2024-03-25 16:58:25.8500,-0.61,-2.07,-2.6,0.03,0.01,-0.11
2024-03-25 16:58:25.8600,-0.68,-2.12,-2.68,-0.15,-0.02,-0.01
2024-03-25 16:58:25.8700,-0.59,-2.32,-2.47,-0.28,-0.09,0.04
2024-03-25 16:58:25.8800,-0.31,-2.58,-2.3,-0.37,-0.16,0.03
2024-03-25 16:58:25.8900,0.02,-2.76,-2.21,-0.39,-0.21,-0.02
2024-03-25 16:58:25.9000,0.29,-2.74,-2.17,-0.39,-0.22,-0.1
2024-03-25 16:58:25.9100,0.51,-2.53,-2.37,-0.39,-0.16,-0.17
2024-03-25 16:58:25.9200,0.51,-2.18,-2.78,-0.4,-0.07,-0.22
2024-03-25 16:58:25.9300,0.36,-1.78,-3.15,-0.41,0.01,-0.25
2024-03-25 16:58:25.9400,0.25,-1.34,-3.3,-0.42,0.04,-0.29
2024-03-25 16:58:25.9500,0.24,-0.9,-3.33,-0.41,0.04,-0.31
2024-03-25 16:58:25.9600,0.08,-0.42,-3.27,-0.39,0.04,-0.31
2024-03-25 16:58:25.9700,-0.09,-0.04,-3.11,-0.36,0.05,-0.3
2024-03-25 16:58:25.9800,-0.11,0.21,-2.92,-0.35,0.08,-0.26
2024-03-25 16:58:25.9900,-0.16,0.39,-2.81,-0.34,0.09,-0.2
2024-03-25 16:58:26.0000,-0.27,0.5,-2.56,-0.32,0.09,-0.14
2024-03-25 16:58:26.0100,-0.34,0.54,-2.24,-0.31,0.05,-0.07
2024-03-25 16:58:26.0200,-0.38,0.52,-1.99,-0.31,-0.01,-0.01
2024-03-25 16:58:26.0300,-0.33,0.42,-1.86,-0.32,-0.05,0.04
2024-03-25 16:58:26.0400,-0.2,0.32,-1.68,-0.3,-0.09,0.08
2024-03-25 16:58:26.0500,-0.09,0.22,-1.28,-0.23,-0.1,0.11
2024-03-25 16:58:26.0600,-0.01,0.14,-0.86,-0.15,-0.11,0.12
2024-03-25 16:58:26.0700,0.21,0.09,-0.75,-0.12,-0.1,0.1
2024-03-25 16:58:26.0800,0.38,0.08,-0.95,-0.14,-0.1,0.08
2024-03-25 16:58:26.0900,0.41,0.18,-1.19,-0.17,-0.09,0.08
2024-03-25 16:58:26.1000,0.29,0.32,-1.16,-0.2,-0.06,0.11
2024-03-25 16:58:26.1100,0.27,0.51,-0.91,-0.23,0.01,0.12
2024-03-25 16:58:26.1200,0.44,0.66,-0.64,-0.25,0.13,0.14
2024-03-25 16:58:26.1300,0.57,0.77,-0.21,-0.23,0.28,0.14
2024-03-25 16:58:26.1400,0.74,0.78,0.8,-0.13,0.4,0.1
2024-03-25 16:58:26.1500,0.88,0.78,1.92,-0.02,0.48,0.05
2024-03-25 16:58:26.1600,0.86,0.9,2.64,0.02,0.48,-0.03
2024-03-25 16:58:26.1700,0.79,1.03,2.77,0.0,0.44,-0.08
2024-03-25 16:58:26.1800,0.48,1.2,3.0,0.03,0.39,-0.09
2024-03-25 16:58:26.1900,0.07,1.43,3.62,0.11,0.37,-0.06
2024-03-25 16:58:26.2000,-0.25,1.57,4.25,0.23,0.31,-0.02
2024-03-25 16:58:26.2100,-0.28,1.62,4.6,0.33,0.24,-0.03
2024-03-25 16:58:26.2200,0.08,1.83,4.5,0.36,0.18,-0.05
2024-03-25 16:58:26.2300,0.22,2.08,4.02,0.28,0.14,-0.03
2024-03-25 16:58:26.2400,-0.02,2.1,3.58,0.13,0.18,0.09
2024-03-25 16:58:26.2500,-0.72,1.54,3.64,0.01,0.26,0.31
2024-03-25 16:58:26.2600,-1.3,0.57,4.65,0.11,0.25,0.46
2024-03-25 16:58:26.2700,-0.89,-0.67,6.23,0.38,0.16,0.42
2024-03-25 16:58:26.2800,-0.07,-2.05,6.83,0.67,-0.06,0.24
2024-03-25 16:58:26.2900,0.36,-3.06,6.04,0.77,-0.24,0.05
2024-03-25 16:58:26.3000,0.28,-3.57,4.09,0.71,-0.32,-0.06
2024-03-25 16:58:26.3100,-0.12,-3.63,2.46,0.65,-0.33,-0.11
2024-03-25 16:58:26.3200,-0.52,-3.59,1.74,0.63,-0.29,-0.12
2024-03-25 16:58:26.3300,-0.87,-3.57,1.18,0.59,-0.21,-0.13
2024-03-25 16:58:26.3400,-1.08,-3.54,0.32,0.51,-0.11,-0.14
2024-03-25 16:58:26.3500,-1.14,-3.38,-0.67,0.38,-0.0,-0.16
2024-03-25 16:58:26.3600,-1.31,-3.17,-1.59,0.22,0.08,-0.15
2024-03-25 16:58:26.3700,-1.66,-2.83,-2.11,0.08,0.11,-0.12
2024-03-25 16:58:26.3800,-2.01,-2.39,-2.35,-0.05,0.08,-0.08
2024-03-25 16:58:26.3900,-2.12,-1.92,-2.66,-0.17,-0.0,-0.04
2024-03-25 16:58:26.4000,-2.12,-1.43,-3.01,-0.28,-0.11,0.02
2024-03-25 16:58:26.4100,-2.1,-0.93,-3.25,-0.35,-0.2,0.1
2024-03-25 16:58:26.4200,-1.94,-0.51,-3.51,-0.41,-0.23,0.17
2024-03-25 16:58:26.4300,-1.66,-0.15,-3.79,-0.44,-0.21,0.24
2024-03-25 16:58:26.4400,-1.4,0.09,-3.96,-0.43,-0.19,0.29
2024-03-25 16:58:26.4500,-1.14,0.2,-4.0,-0.41,-0.15,0.32
2024-03-25 16:58:26.4600,-0.92,0.26,-3.95,-0.36,-0.12,0.34
2024-03-25 16:58:26.4700,-0.69,0.22,-3.86,-0.29,-0.12,0.31
2024-03-25 16:58:26.4800,-0.44,0.15,-3.78,-0.22,-0.14,0.29
2024-03-25 16:58:26.4900,-0.37,0.2,-3.76,-0.18,-0.2,0.27
2024-03-25 16:58:26.5000,-0.31,0.28,-3.91,-0.17,-0.25,0.24
2024-03-25 16:58:26.5100,-0.19,0.41,-4.11,-0.2,-0.29,0.23
2024-03-25 16:58:26.5200,-0.15,0.62,-4.28,-0.26,-0.3,0.25
2024-03-25 16:58:26.5300,-0.13,0.78,-4.28,-0.32,-0.27,0.28
2024-03-25 16:58:26.5400,-0.01,0.84,-4.04,-0.37,-0.18,0.31
2024-03-25 16:58:26.5500,0.16,0.77,-3.61,-0.37,-0.08,0.32
2024-03-25 16:58:26.5600,0.21,0.61,-2.87,-0.32,0.03,0.33
2024-03-25 16:58:26.5700,0.16,0.47,-1.97,-0.27,0.11,0.33
2024-03-25 16:58:26.5800,0.19,0.26,-1.23,-0.23,0.13,0.27
2024-03-25 16:58:26.5900,0.35,0.19,-0.59,-0.2,0.08,0.2
2024-03-25 16:58:26.6000,0.31,0.25,0.03,-0.17,0.02,0.14
2024-03-25 16:58:26.6100,0.2,0.32,0.55,-0.16,-0.05,0.08
2024-03-25 16:58:26.6200,0.07,0.43,0.96,-0.15,-0.11,0.05
2024-03-25 16:58:26.6300,-0.11,0.65,1.4,-0.14,-0.16,0.03
2024-03-25 16:58:26.6400,-0.31,0.87,1.74,-0.13,-0.18,0.02
2024-03-25 16:58:26.6500,-0.43,1.11,1.98,-0.12,-0.18,0.02
2024-03-25 16:58:26.6600,-0.47,1.37,2.2,-0.1,-0.17,0.02
2024-03-25 16:58:26.6700,-0.49,1.56,2.46,-0.07,-0.16,0.01
2024-03-25 16:58:26.6800,-0.52,1.68,2.67,-0.06,-0.15,0.03
2024-03-25 16:58:26.6900,-0.46,1.62,2.79,-0.07,-0.15,0.04
2024-03-25 16:58:26.7000,-0.28,1.48,2.9,-0.11,-0.17,0.04
2024-03-25 16:58:26.7100,-0.08,1.18,3.01,-0.13,-0.23,-0.03
2024-03-25 16:58:26.7200,0.44,0.96,3.38,-0.1,-0.31,-0.18
2024-03-25 16:58:26.7300,1.2,1.06,3.68,-0.11,-0.33,-0.34
2024-03-25 16:58:26.7400,1.57,1.27,3.51,-0.19,-0.18,-0.38
2024-03-25 16:58:26.7500,1.13,1.14,3.45,-0.23,0.08,-0.29
2024-03-25 16:58:26.7600,0.58,0.66,4.31,-0.13,0.3,-0.16
2024-03-25 16:58:26.7700,0.43,-0.15,5.64,0.09,0.35,-0.13
2024-03-25 16:58:26.7800,0.88,-1.07,6.25,0.3,0.18,-0.25
2024-03-25 16:58:26.7900,1.47,-1.8,5.76,0.41,-0.11,-0.43
2024-03-25 16:58:26.8000,1.66,-2.24,4.42,0.41,-0.32,-0.57
2024-03-25 16:58:26.8100,1.56,-2.33,3.05,0.44,-0.39,-0.64
2024-03-25 16:58:26.8200,1.22,-2.28,2.22,0.51,-0.36,-0.65
2024-03-25 16:58:26.8300,0.97,-2.21,1.48,0.57,-0.3,-0.65
2024-03-25 16:58:26.8400,0.84,-2.12,0.42,0.56,-0.22,-0.65
2024-03-25 16:58:26.8500,0.61,-1.88,-0.73,0.45,-0.12,-0.62
2024-03-25 16:58:26.8600,0.27,-1.51,-1.7,0.27,-0.03,-0.53
2024-03-25 16:58:26.8700,-0.21,-1.22,-2.32,0.04,0.07,-0.4
2024-03-25 16:58:26.8800,-0.71,-1.06,-2.61,-0.19,0.16,-0.22
2024-03-25 16:58:26.8900,-1.26,-1.1,-2.44,-0.35,0.21,-0.02
2024-03-25 16:58:26.9000,-1.54,-1.26,-1.84,-0.46,0.18,0.1
2024-03-25 16:58:26.9100,-1.24,-1.48,-1.32,-0.49,0.1,0.1
2024-03-25 16:58:26.9200,-0.63,-1.53,-1.0,-0.44,-0.0,0.05
2024-03-25 16:58:26.9300,-0.15,-1.4,-0.74,-0.34,-0.07,-0.03
2024-03-25 16:58:26.9400,0.17,-1.19,-0.77,-0.23,-0.07,-0.11
2024-03-25 16:58:26.9500,0.29,-0.88,-1.23,-0.14,-0.03,-0.15
2024-03-25 16:58:26.9600,0.19,-0.52,-1.88,-0.1,0.01,-0.15
2024-03-25 16:58:26.9700,0.01,-0.21,-2.49,-0.09,0.03,-0.13
2024-03-25 16:58:26.9800,-0.04,0.02,-2.98,-0.06,0.06,-0.11
2024-03-25 16:58:26.9900,0.03,0.14,-3.26,-0.02,0.06,-0.1
2024-03-25 16:58:27.0000,0.17,0.22,-3.54,-0.0,0.06,-0.1
2024-03-25 16:58:27.0100,0.32,0.2,-3.92,0.0,0.07,-0.1
2024-03-25 16:58:27.0200,0.49,0.14,-4.25,-0.01,0.1,-0.1
2024-03-25 16:58:27.0300,0.54,0.11,-4.48,-0.05,0.15,-0.07
2024-03-25 16:58:27.0400,0.46,0.15,-4.59,-0.11,0.22,-0.01
2024-03-25 16:58:27.0500,0.37,0.22,-4.58,-0.22,0.31,0.07
2024-03-25 16:58:27.0600,0.37,0.32,-4.49,-0.35,0.38,0.16
2024-03-25 16:58:27.0700,0.33,0.34,-3.98,-0.43,0.44,0.24
2024-03-25 16:58:27.0800,0.25,0.15,-2.9,-0.43,0.47,0.29
2024-03-25 16:58:27.0900,0.29,-0.03,-1.6,-0.39,0.42,0.3
2024-03-25 16:58:27.1000,0.46,-0.19,-0.59,-0.36,0.29,0.27
2024-03-25 16:58:27.1100,0.74,-0.1,0.02,-0.38,0.11,0.2
2024-03-25 16:58:27.1200,1.12,0.25,0.29,-0.46,-0.03,0.16
2024-03-25 16:58:27.1300,1.26,0.64,0.49,-0.55,-0.07,0.17
2024-03-25 16:58:27.1400,1.16,0.91,1.06,-0.55,0.01,0.23
2024-03-25 16:58:27.1500,1.11,1.03,2.11,-0.45,0.15,0.29
2024-03-25 16:58:27.1600,1.2,1.04,3.17,-0.29,0.28,0.31
2024-03-25 16:58:27.1700,1.49,0.99,3.95,-0.11,0.31,0.24
2024-03-25 16:58:27.1800,1.91,0.86,4.44,0.06,0.23,0.07
2024-03-25 16:58:27.1900,2.24,0.82,4.61,0.18,0.12,-0.13
2024-03-25 16:58:27.2000,2.31,0.87,4.51,0.26,0.05,-0.3
2024-03-25 16:58:27.2100,2.0,1.01,4.39,0.36,0.05,-0.39
2024-03-25 16:58:27.2200,1.49,1.23,4.44,0.47,0.11,-0.4
2024-03-25 16:58:27.2300,0.95,1.45,4.43,0.57,0.15,-0.37
2024-03-25 16:58:27.2400,0.71,1.57,4.35,0.68,0.18,-0.37
2024-03-25 16:58:27.2500,0.7,1.57,4.11,0.79,0.19,-0.4
2024-03-25 16:58:27.2600,0.67,1.47,3.79,0.86,0.18,-0.45
2024-03-25 16:58:27.2700,0.52,1.47,3.34,0.86,0.18,-0.48
2024-03-25 16:58:27.2800,-0.02,1.43,2.67,0.76,0.21,-0.41
2024-03-25 16:58:27.2900,-0.82,1.22,2.1,0.64,0.27,-0.24
2024-03-25 16:58:27.3000,-1.62,0.71,2.17,0.59,0.33,-0.03
2024-03-25 16:58:27.3100,-2.0,-0.12,2.79,0.67,0.3,0.09
2024-03-25 16:58:27.3190,-1.62,-1.09,3.42,0.81,0.19,0.08
2024-03-25 16:58:27.3300,-0.93,-2.1,3.28,0.92,0.07,-0.02
2024-03-25 16:58:27.3400,-0.56,-2.84,2.57,0.96,0.01,-0.12
2024-03-25 16:58:27.3500,-0.63,-3.14,1.56,0.89,0.05,-0.13
2024-03-25 16:58:27.3600,-1.08,-3.16,0.47,0.75,0.14,-0.06
2024-03-25 16:58:27.3700,-1.66,-2.98,-0.21,0.59,0.22,0.08
2024-03-25 16:58:27.3800,-2.19,-2.99,-0.53,0.42,0.25,0.21
2024-03-25 16:58:27.3890,-2.36,-3.12,-0.7,0.24,0.23,0.28
2024-03-25 16:58:27.4000,-2.25,-3.32,-0.91,0.05,0.17,0.3
2024-03-25 16:58:27.4100,-2.11,-3.44,-1.11,-0.1,0.08,0.27
2024-03-25 16:58:27.4190,-1.89,-3.25,-1.12,-0.19,0.01,0.21
2024-03-25 16:58:27.4300,-1.6,-2.65,-1.03,-0.24,-0.05,0.18
2024-03-25 16:58:27.4390,-1.35,-1.91,-1.24,-0.26,-0.05,0.2
2024-03-25 16:58:27.4490,-1.21,-1.35,-1.55,-0.24,-0.01,0.23
2024-03-25 16:58:27.4590,-0.96,-0.87,-1.84,-0.18,0.07,0.27
2024-03-25 16:58:27.4700,-0.7,-0.58,-2.18,-0.09,0.15,0.29
2024-03-25 16:58:27.4790,-0.34,-0.32,-2.58,0.0,0.21,0.3
2024-03-25 16:58:27.4890,-0.07,-0.18,-3.07,0.06,0.23,0.29
2024-03-25 16:58:27.5000,0.11,-0.23,-3.78,0.08,0.21,0.27
2024-03-25 16:58:27.5090,0.3,-0.19,-4.47,0.05,0.14,0.25
2024-03-25 16:58:27.5190,0.25,-0.3,-5.01,0.01,0.02,0.25
2024-03-25 16:58:27.5290,0.24,-0.36,-5.26,-0.05,-0.09,0.26
2024-03-25 16:58:27.5390,0.24,-0.38,-5.56,-0.1,-0.16,0.28
2024-03-25 16:58:27.5490,0.4,-0.3,-5.71,-0.17,-0.17,0.3
2024-03-25 16:58:27.5590,0.62,-0.29,-5.89,-0.24,-0.11,0.32
2024-03-25 16:58:27.5690,0.72,-0.33,-5.85,-0.3,0.01,0.33
2024-03-25 16:58:27.5790,0.79,-0.39,-5.54,-0.34,0.14,0.3
2024-03-25 16:58:27.5890,0.99,-0.3,-4.99,-0.38,0.2,0.26
2024-03-25 16:58:27.5990,0.88,-0.16,-4.42,-0.46,0.19,0.23
2024-03-25 16:58:27.6090,0.56,0.07,-3.86,-0.57,0.12,0.23
2024-03-25 16:58:27.6190,0.29,0.26,-3.16,-0.69,0.02,0.24
2024-03-25 16:58:27.6290,0.04,0.4,-2.29,-0.77,-0.06,0.28
2024-03-25 16:58:27.6390,-0.13,0.57,-1.17,-0.79,-0.1,0.32
2024-03-25 16:58:27.6490,-0.1,0.6,-0.02,-0.76,-0.11,0.32
2024-03-25 16:58:27.6590,0.04,0.49,1.08,-0.71,-0.11,0.28
2024-03-25 16:58:27.6690,0.24,0.35,2.05,-0.64,-0.13,0.19
2024-03-25 16:58:27.6800,0.41,0.26,2.87,-0.56,-0.17,0.07
2024-03-25 16:58:27.6890,0.49,0.25,3.51,-0.46,-0.24,-0.05
2024-03-25 16:58:27.7000,0.42,0.41,4.13,-0.35,-0.29,-0.14
2024-03-25 16:58:27.7090,0.15,0.58,4.5,-0.26,-0.31,-0.18
2024-03-25 16:58:27.7190,-0.15,0.85,4.58,-0.2,-0.29,-0.19
2024-03-25 16:58:27.7300,-0.34,1.08,4.45,-0.16,-0.26,-0.19
2024-03-25 16:58:27.7390,-0.38,1.21,4.53,-0.09,-0.25,-0.23
2024-03-25 16:58:27.7490,-0.22,1.28,4.75,0.01,-0.3,-0.34
2024-03-25 16:58:27.7590,-0.01,1.32,4.89,0.16,-0.38,-0.51
2024-03-25 16:58:27.7690,0.3,1.46,4.84,0.32,-0.48,-0.69
2024-03-25 16:58:27.7790,0.35,1.73,4.72,0.49,-0.56,-0.87
2024-03-25 16:58:27.7890,0.33,2.3,4.4,0.58,-0.58,-0.94
2024-03-25 16:58:27.7990,-0.03,2.84,3.69,0.59,-0.52,-0.85
2024-03-25 16:58:27.8090,-0.63,3.16,3.18,0.53,-0.46,-0.61
2024-03-25 16:58:27.8190,-1.04,3.01,3.01,0.48,-0.38,-0.34
2024-03-25 16:58:27.8290,-1.0,2.28,3.26,0.5,-0.33,-0.1
2024-03-25 16:58:27.8390,-0.59,1.14,3.74,0.58,-0.3,0.04
2024-03-25 16:58:27.8490,0.08,-0.27,3.94,0.71,-0.26,0.08
2024-03-25 16:58:27.8590,0.73,-1.51,3.84,0.86,-0.23,0.03
2024-03-25 16:58:27.8690,1.32,-2.3,3.44,0.95,-0.2,-0.07
2024-03-25 16:58:27.8790,1.46,-2.69,2.57,0.96,-0.2,-0.15
2024-03-25 16:58:27.8890,1.22,-2.76,1.5,0.89,-0.19,-0.16
2024-03-25 16:58:27.8990,0.67,-2.67,0.59,0.79,-0.12,-0.1
2024-03-25 16:58:27.9090,0.0,-2.57,-0.17,0.65,0.03,0.03
2024-03-25 16:58:27.9190,-0.57,-2.54,-0.97,0.43,0.2,0.2
2024-03-25 16:58:27.9290,-1.06,-2.73,-1.8,0.12,0.28,0.36
2024-03-25 16:58:27.9390,-1.22,-3.13,-2.3,-0.17,0.24,0.42
2024-03-25 16:58:27.9490,-0.95,-3.65,-2.19,-0.36,0.11,0.36
2024-03-25 16:58:27.9590,-0.29,-4.08,-1.67,-0.4,-0.02,0.16
2024-03-25 16:58:27.9690,0.67,-4.08,-1.18,-0.34,-0.07,-0.11
2024-03-25 16:58:27.9790,1.29,-3.67,-1.07,-0.22,-0.03,-0.35
2024-03-25 16:58:27.9890,1.18,-2.93,-1.4,-0.13,0.06,-0.49
2024-03-25 16:58:27.9990,0.77,-2.11,-2.03,-0.06,0.16,-0.56
2024-03-25 16:58:28.0090,0.38,-1.43,-2.66,0.0,0.26,-0.57
2024-03-25 16:58:28.0190,0.0,-0.81,-3.1,0.04,0.33,-0.54
2024-03-25 16:58:28.0290,-0.19,-0.33,-3.57,0.05,0.35,-0.5
2024-03-25 16:58:28.0390,-0.32,-0.02,-4.0,0.02,0.31,-0.45
2024-03-25 16:58:28.0490,-0.41,0.26,-4.36,-0.02,0.23,-0.39
2024-03-25 16:58:28.0590,-0.51,0.44,-4.58,-0.08,0.13,-0.31
2024-03-25 16:58:28.0690,-0.59,0.62,-4.71,-0.12,0.04,-0.19
2024-03-25 16:58:28.0790,-0.62,0.77,-4.64,-0.14,-0.02,-0.06
2024-03-25 16:58:28.0890,-0.46,0.85,-4.47,-0.16,-0.05,0.06
2024-03-25 16:58:28.0990,-0.19,0.88,-4.43,-0.19,-0.05,0.16
2024-03-25 16:58:28.1090,0.12,0.84,-4.45,-0.22,-0.02,0.23
2024-03-25 16:58:28.1190,0.46,0.78,-4.3,-0.26,0.02,0.28
2024-03-25 16:58:28.1290,0.66,0.72,-4.24,-0.35,0.09,0.35
2024-03-25 16:58:28.1390,0.69,0.79,-4.18,-0.5,0.12,0.46
2024-03-25 16:58:28.1490,0.61,0.87,-3.84,-0.64,0.09,0.55
2024-03-25 16:58:28.1590,0.7,0.83,-3.17,-0.74,-0.02,0.63
2024-03-25 16:58:28.1690,0.83,0.78,-2.29,-0.8,-0.12,0.67
2024-03-25 16:58:28.1790,1.22,0.71,-1.37,-0.8,-0.18,0.63
2024-03-25 16:58:28.1890,1.91,0.64,-0.58,-0.8,-0.17,0.52
2024-03-25 16:58:28.1990,2.56,0.6,0.05,-0.81,-0.04,0.37
2024-03-25 16:58:28.2090,2.79,0.59,0.66,-0.85,0.19,0.25
2024-03-25 16:58:28.2190,2.65,0.56,1.54,-0.85,0.45,0.16
2024-03-25 16:58:28.2290,2.41,0.59,2.96,-0.74,0.67,0.08
2024-03-25 16:58:28.2390,2.08,0.63,4.59,-0.58,0.75,-0.01
2024-03-25 16:58:28.2490,1.76,0.69,5.89,-0.38,0.65,-0.14
2024-03-25 16:58:28.2590,1.52,0.82,6.71,-0.17,0.43,-0.3
2024-03-25 16:58:28.2690,1.28,0.99,7.17,-0.01,0.26,-0.43
2024-03-25 16:58:28.2790,0.98,1.26,7.17,0.13,0.18,-0.52
2024-03-25 16:58:28.2890,0.7,1.53,6.89,0.24,0.16,-0.58
2024-03-25 16:58:28.2990,0.49,1.85,6.64,0.37,0.18,-0.58
2024-03-25 16:58:28.3090,0.17,2.19,6.38,0.46,0.22,-0.54
2024-03-25 16:58:28.3190,-0.23,2.3,5.94,0.51,0.25,-0.44
2024-03-25 16:58:28.3290,-0.7,2.25,5.47,0.54,0.29,-0.27
2024-03-25 16:58:28.3390,-1.29,1.79,5.16,0.63,0.29,-0.08
2024-03-25 16:58:28.3490,-1.6,0.69,5.28,0.85,0.21,0.03
2024-03-25 16:58:28.3590,-1.04,-0.73,5.19,1.06,0.05,-0.02
2024-03-25 16:58:28.3690,-0.41,-2.01,3.95,1.16,-0.14,-0.11
2024-03-25 16:58:28.3790,-0.23,-2.81,2.1,1.12,-0.28,-0.2
2024-03-25 16:58:28.3890,-0.32,-3.34,0.28,0.97,-0.31,-0.25
2024-03-25 16:58:28.3990,-0.6,-3.46,-1.03,0.79,-0.27,-0.22
2024-03-25 16:58:28.4090,-1.05,-3.47,-1.83,0.61,-0.15,-0.14
2024-03-25 16:58:28.4190,-1.45,-3.49,-2.34,0.44,-0.03,-0.07
2024-03-25 16:58:28.4290,-1.56,-3.51,-2.79,0.26,0.1,-0.03
2024-03-25 16:58:28.4390,-1.65,-3.52,-3.18,0.06,0.2,-0.01
2024-03-25 16:58:28.4490,-1.72,-3.37,-3.47,-0.13,0.25,-0.01
2024-03-25 16:58:28.4590,-1.84,-2.96,-3.49,-0.31,0.22,-0.0
2024-03-25 16:58:28.4690,-1.95,-2.24,-3.37,-0.47,0.15,0.04
2024-03-25 16:58:28.4790,-2.06,-1.46,-3.33,-0.62,0.08,0.12
2024-03-25 16:58:28.4890,-2.06,-0.85,-3.39,-0.73,0.03,0.25
2024-03-25 16:58:28.4990,-1.93,-0.32,-3.33,-0.83,0.01,0.38
2024-03-25 16:58:28.5090,-1.61,0.08,-3.29,-0.89,0.03,0.48
2024-03-25 16:58:28.5190,-1.18,0.34,-3.24,-0.94,0.08,0.55
2024-03-25 16:58:28.5290,-0.76,0.49,-3.13,-0.96,0.19,0.6
2024-03-25 16:58:28.5390,-0.46,0.47,-2.91,-0.94,0.3,0.61
2024-03-25 16:58:28.5490,-0.2,0.36,-2.45,-0.84,0.4,0.59
2024-03-25 16:58:28.5590,0.08,0.15,-1.83,-0.68,0.47,0.54
2024-03-25 16:58:28.5690,0.16,-0.04,-1.19,-0.48,0.45,0.51
2024-03-25 16:58:28.5790,0.03,-0.11,-0.8,-0.3,0.3,0.49
2024-03-25 16:58:28.5890,-0.12,-0.11,-0.77,-0.2,0.1,0.47
2024-03-25 16:58:28.5990,-0.03,-0.13,-1.24,-0.18,-0.07,0.43
2024-03-25 16:58:28.6090,0.25,-0.19,-1.83,-0.18,-0.13,0.35
2024-03-25 16:58:28.6190,0.5,-0.25,-2.18,-0.17,-0.09,0.29
2024-03-25 16:58:28.6290,0.62,-0.19,-2.16,-0.1,-0.01,0.21
2024-03-25 16:58:28.6390,0.73,-0.17,-1.91,0.02,0.06,0.14
2024-03-25 16:58:28.6490,0.82,-0.03,-1.62,0.12,0.1,0.07
2024-03-25 16:58:28.6590,0.77,0.16,-1.68,0.17,0.09,0.03
2024-03-25 16:58:28.6690,0.53,0.44,-1.82,0.16,0.03,0.02
2024-03-25 16:58:28.6790,0.16,0.74,-1.83,0.13,-0.03,0.05
2024-03-25 16:58:28.6890,-0.16,1.03,-1.65,0.09,-0.09,0.1
2024-03-25 16:58:28.6990,-0.47,1.19,-1.37,0.02,-0.14,0.18
2024-03-25 16:58:28.7090,-0.61,1.23,-1.15,-0.08,-0.17,0.25
2024-03-25 16:58:28.7190,-0.63,1.15,-0.86,-0.2,-0.19,0.29
2024-03-25 16:58:28.7290,-0.53,1.13,-0.41,-0.34,-0.2,0.31
2024-03-25 16:58:28.7400,-0.44,1.04,0.25,-0.43,-0.21,0.32
2024-03-25 16:58:28.7490,-0.37,0.94,1.23,-0.42,-0.2,0.3
2024-03-25 16:58:28.7590,-0.15,0.73,2.64,-0.31,-0.14,0.22
2024-03-25 16:58:28.7690,0.21,0.46,3.79,-0.16,-0.06,0.1
2024-03-25 16:58:28.7790,0.48,0.24,4.52,-0.0,-0.05,-0.06
2024-03-25 16:58:28.7890,0.6,0.17,4.85,0.12,-0.11,-0.24
2024-03-25 16:58:28.7990,0.6,0.31,4.8,0.2,-0.22,-0.41
2024-03-25 16:58:28.8090,0.54,0.75,4.57,0.25,-0.28,-0.55
2024-03-25 16:58:28.8190,0.57,1.44,4.21,0.25,-0.23,-0.61
2024-03-25 16:58:28.8290,0.42,1.85,3.72,0.16,-0.04,-0.55
2024-03-25 16:58:28.8390,-0.17,1.86,3.49,0.04,0.17,-0.35
2024-03-25 16:58:28.8490,-0.81,1.48,3.83,0.04,0.24,-0.13
2024-03-25 16:58:28.8590,-0.84,0.63,4.85,0.15,0.19,-0.03
2024-03-25 16:58:28.8690,-0.24,-0.59,5.4,0.33,0.05,-0.07
2024-03-25 16:58:28.8790,0.53,-1.69,5.34,0.52,-0.14,-0.22
2024-03-25 16:58:28.8890,1.22,-2.36,4.67,0.63,-0.29,-0.37
2024-03-25 16:58:28.8990,1.41,-2.63,3.42,0.64,-0.35,-0.46
2024-03-25 16:58:28.9090,1.21,-2.62,2.12,0.64,-0.37,-0.47
2024-03-25 16:58:28.9190,0.87,-2.5,1.34,0.63,-0.33,-0.45
2024-03-25 16:58:28.9290,0.69,-2.41,0.65,0.58,-0.24,-0.41
2024-03-25 16:58:28.9390,0.53,-2.25,-0.28,0.46,-0.13,-0.33
2024-03-25 16:58:28.9490,0.3,-2.03,-1.18,0.26,-0.03,-0.25
2024-03-25 16:58:28.9590,0.05,-1.91,-1.94,0.02,0.05,-0.13
2024-03-25 16:58:28.9690,-0.27,-1.97,-2.36,-0.19,0.13,-0.01
2024-03-25 16:58:28.9790,-0.45,-2.17,-2.17,-0.3,0.15,0.05
2024-03-25 16:58:28.9890,-0.28,-2.33,-1.67,-0.33,0.13,0.01
2024-03-25 16:58:28.9990,0.19,-2.37,-1.37,-0.32,0.06,-0.1
2024-03-25 16:58:29.0090,0.57,-2.11,-1.41,-0.27,-0.01,-0.23
2024-03-25 16:58:29.0190,0.67,-1.69,-1.57,-0.21,-0.04,-0.33
2024-03-25 16:58:29.0290,0.56,-1.21,-1.95,-0.16,-0.01,-0.39
2024-03-25 16:58:29.0390,0.42,-0.78,-2.46,-0.1,0.05,-0.42
2024-03-25 16:58:29.0490,0.26,-0.36,-2.91,-0.05,0.11,-0.4
2024-03-25 16:58:29.0590,-0.03,0.02,-3.36,-0.02,0.16,-0.35
2024-03-25 16:58:29.0690,-0.24,0.34,-3.79,-0.01,0.17,-0.29
2024-03-25 16:58:29.0790,-0.25,0.54,-4.19,-0.01,0.16,-0.24
2024-03-25 16:58:29.0890,-0.19,0.66,-4.47,-0.03,0.12,-0.21
2024-03-25 16:58:29.0990,-0.15,0.73,-4.77,-0.07,0.07,-0.15
2024-03-25 16:58:29.1090,-0.23,0.72,-4.94,-0.14,0.04,-0.07
2024-03-25 16:58:29.1190,-0.2,0.73,-4.93,-0.23,0.05,0.03
2024-03-25 16:58:29.1290,-0.19,0.78,-4.78,-0.35,0.08,0.16
2024-03-25 16:58:29.1390,-0.2,0.84,-4.54,-0.48,0.12,0.3
2024-03-25 16:58:29.1490,-0.14,0.81,-4.03,-0.55,0.19,0.44
2024-03-25 16:58:29.1590,0.07,0.82,-3.11,-0.55,0.27,0.55
2024-03-25 16:58:29.1690,0.47,0.77,-1.96,-0.49,0.32,0.6
2024-03-25 16:58:29.1790,1.1,0.79,-0.8,-0.41,0.31,0.6
2024-03-25 16:58:29.1890,1.55,0.79,0.09,-0.34,0.24,0.53
2024-03-25 16:58:29.1990,1.96,0.75,0.7,-0.31,0.17,0.44
2024-03-25 16:58:29.2090,2.36,0.71,1.14,-0.3,0.06,0.19
2024-03-25 16:58:29.2190,2.61,0.52,1.62,-0.24,-0.04,-0.04
2024-03-25 16:58:29.2290,2.48,0.66,2.38,-0.16,-0.05,-0.15
2024-03-25 16:58:29.2390,1.88,0.8,3.1,-0.03,-0.02,-0.21
2024-03-25 16:58:29.2490,1.33,0.92,3.74,0.1,0.04,-0.21
2024-03-25 16:58:29.2590,0.83,1.03,4.01,0.18,0.11,-0.18
2024-03-25 16:58:29.2690,0.58,1.03,4.03,0.24,0.12,-0.21
2024-03-25 16:58:29.2790,0.69,1.04,4.15,0.31,0.1,-0.28
2024-03-25 16:58:29.2890,0.77,1.06,4.29,0.41,0.06,-0.36
2024-03-25 16:58:29.2990,0.66,1.07,4.29,0.51,0.08,-0.44
2024-03-25 16:58:29.3090,0.42,1.07,4.06,0.58,0.12,-0.47
2024-03-25 16:58:29.3190,0.09,1.03,3.8,0.67,0.11,-0.47
2024-03-25 16:58:29.3290,-0.34,1.17,3.73,0.76,0.06,-0.42
2024-03-25 16:58:29.3390,-0.75,1.24,3.54,0.82,-0.02,-0.36
2024-03-25 16:58:29.3490,-0.84,1.43,3.12,0.78,-0.1,-0.29
2024-03-25 16:58:29.3590,-1.07,1.41,2.34,0.58,-0.12,-0.14
2024-03-25 16:58:29.3690,-1.76,0.86,1.51,0.3,-0.1,0.11
2024-03-25 16:58:29.3790,-2.53,-0.2,1.36,0.19,-0.09,0.36
2024-03-25 16:58:29.3890,-2.32,-1.36,2.49,0.34,-0.1,0.42
2024-03-25 16:58:29.3990,-1.15,-2.5,3.4,0.53,-0.13,0.34
2024-03-25 16:58:29.4090,-0.47,-3.53,2.85,0.62,-0.13,0.22
2024-03-25 16:58:29.4190,-0.28,-3.88,1.59,0.52,-0.12,0.16
2024-03-25 16:58:29.4290,-0.86,-3.98,-0.04,0.31,-0.09,0.21
2024-03-25 16:58:29.4390,-1.54,-3.76,-0.87,0.12,-0.07,0.27
2024-03-25 16:58:29.4490,-1.78,-3.67,-1.03,-0.04,-0.04,0.31
2024-03-25 16:58:29.4590,-1.73,-3.67,-1.11,-0.17,-0.02,0.27
2024-03-25 16:58:29.4690,-1.5,-3.56,-1.24,-0.3,-0.01,0.18
2024-03-25 16:58:29.4790,-1.31,-3.21,-1.44,-0.42,-0.01,0.09
2024-03-25 16:58:29.4890,-1.33,-2.64,-1.5,-0.51,-0.04,0.06
2024-03-25 16:58:29.4990,-1.6,-1.94,-1.52,-0.61,-0.09,0.08
2024-03-25 16:58:29.5090,-1.69,-1.32,-1.72,-0.71,-0.14,0.11
2024-03-25 16:58:29.5180,-1.52,-0.91,-1.9,-0.74,-0.18,0.16
2024-03-25 16:58:29.5290,-1.3,-0.48,-1.71,-0.7,-0.19,0.22
2024-03-25 16:58:29.5390,-0.96,-0.16,-1.56,-0.6,-0.17,0.25
2024-03-25 16:58:29.5480,-0.55,0.04,-1.56,-0.47,-0.15,0.26
2024-03-25 16:58:29.5590,-0.19,0.14,-1.57,-0.3,-0.15,0.24
2024-03-25 16:58:29.5690,0.14,0.22,-1.62,-0.14,-0.15,0.18
2024-03-25 16:58:29.5780,0.46,0.26,-2.01,-0.04,-0.17,0.11
2024-03-25 16:58:29.5890,0.68,0.41,-2.52,0.04,-0.21,0.05
2024-03-25 16:58:29.5990,0.73,0.67,-2.92,0.07,-0.23,0.06
2024-03-25 16:58:29.6090,0.63,1.01,-3.38,0.06,-0.24,0.13
2024-03-25 16:58:29.6190,0.38,1.19,-3.79,0.01,-0.21,0.25
2024-03-25 16:58:29.6290,0.22,1.23,-3.98,-0.03,-0.13,0.36
2024-03-25 16:58:29.6390,0.33,1.07,-3.89,-0.04,-0.02,0.42
2024-03-25 16:58:29.6480,0.54,0.82,-3.45,-0.03,0.05,0.43
2024-03-25 16:58:29.6590,0.78,0.5,-2.93,-0.01,0.04,0.38
2024-03-25 16:58:29.6690,0.89,0.23,-2.45,0.01,-0.02,0.32
2024-03-25 16:58:29.6790,0.79,0.04,-2.08,-0.05,-0.09,0.26
2024-03-25 16:58:29.6890,0.64,-0.13,-2.04,-0.15,-0.12,0.22
2024-03-25 16:58:29.6990,0.44,-0.23,-1.91,-0.22,-0.08,0.22
2024-03-25 16:58:29.7090,0.2,-0.26,-1.36,-0.25,0.02,0.23
2024-03-25 16:58:29.7190,0.14,-0.29,-0.64,-0.24,0.13,0.22
2024-03-25 16:58:29.7290,0.23,-0.24,-0.04,-0.22,0.18,0.17
2024-03-25 16:58:29.7390,0.28,-0.11,0.44,-0.17,0.14,0.1
2024-03-25 16:58:29.7480,0.21,0.03,0.97,-0.12,0.04,-0.01
2024-03-25 16:58:29.7590,0.16,0.12,1.38,-0.09,-0.05,-0.12
2024-03-25 16:58:29.7690,-0.06,0.32,1.5,-0.07,-0.1,-0.18
2024-03-25 16:58:29.7780,-0.47,0.65,1.63,-0.06,-0.13,-0.19
2024-03-25 16:58:29.7880,-0.83,1.04,1.89,-0.04,-0.15,-0.15
2024-03-25 16:58:29.7990,-0.97,1.45,2.02,-0.05,-0.17,-0.11
2024-03-25 16:58:29.8080,-0.9,1.69,1.94,-0.1,-0.18,-0.08
2024-03-25 16:58:29.8190,-0.63,1.74,1.88,-0.14,-0.17,-0.07
2024-03-25 16:58:29.8280,-0.33,1.62,2.11,-0.12,-0.16,-0.11
2024-03-25 16:58:29.8390,0.06,1.4,2.82,0.01,-0.17,-0.22
2024-03-25 16:58:29.8480,0.53,1.25,3.5,0.18,-0.18,-0.37
2024-03-25 16:58:29.8590,0.85,1.27,3.74,0.35,-0.19,-0.54
2024-03-25 16:58:29.8680,0.97,1.57,3.62,0.47,-0.22,-0.66
2024-03-25 16:58:29.8780,0.99,2.19,3.21,0.5,-0.21,-0.7
2024-03-25 16:58:29.8880,0.88,2.81,2.74,0.44,-0.16,-0.6
2024-03-25 16:58:29.8980,0.37,3.0,2.46,0.34,-0.08,-0.37
2024-03-25 16:58:29.9080,-0.24,2.58,2.59,0.28,-0.0,-0.09
2024-03-25 16:58:29.9180,-0.45,1.34,3.19,0.31,0.09,0.11
2024-03-25 16:58:29.9280,-0.15,-0.32,3.91,0.42,0.12,0.22
2024-03-25 16:58:29.9380,0.27,-1.85,4.44,0.58,0.03,0.15
2024-03-25 16:58:29.9480,0.99,-3.11,4.55,0.71,-0.16,-0.04
2024-03-25 16:58:29.9580,1.5,-3.86,4.04,0.76,-0.33,-0.25
2024-03-25 16:58:29.9680,1.47,-4.0,3.16,0.74,-0.41,-0.38
2024-03-25 16:58:29.9780,0.88,-3.79,2.25,0.72,-0.42,-0.39
2024-03-25 16:58:29.9890,0.12,-3.46,1.54,0.65,-0.35,-0.33
2024-03-25 16:58:29.9980,-0.46,-3.21,0.65,0.5,-0.22,-0.2
2024-03-25 16:58:30.0080,-1.0,-3.06,-0.45,0.27,-0.08,-0.03
2024-03-25 16:58:30.0180,-1.37,-3.06,-1.31,0.04,0.02,0.09
2024-03-25 16:58:30.0280,-1.18,-3.26,-1.64,-0.08,0.07,0.08
2024-03-25 16:58:30.0380,-0.55,-3.42,-1.41,-0.09,0.07,-0.05
2024-03-25 16:58:30.0480,0.2,-3.18,-1.33,-0.11,0.04,-0.23
2024-03-25 16:58:30.0590,0.6,-2.6,-1.78,-0.13,-0.01,-0.38
2024-03-25 16:58:30.0680,0.55,-1.87,-2.36,-0.17,-0.02,-0.47
2024-03-25 16:58:30.0780,0.42,-1.19,-2.79,-0.2,0.0,-0.54
2024-03-25 16:58:30.0880,0.38,-0.69,-3.1,-0.23,0.05,-0.56
2024-03-25 16:58:30.0980,0.23,-0.24,-3.3,-0.23,0.12,-0.54
2024-03-25 16:58:30.1080,0.08,0.1,-3.34,-0.19,0.18,-0.5
2024-03-25 16:58:30.1180,0.01,0.34,-3.37,-0.16,0.21,-0.45
2024-03-25 16:58:30.1290,-0.05,0.51,-3.44,-0.13,0.21,-0.39
2024-03-25 16:58:30.1380,-0.09,0.64,-3.51,-0.13,0.21,-0.3
2024-03-25 16:58:30.1480,-0.26,0.66,-3.49,-0.12,0.18,-0.18
2024-03-25 16:58:30.1580,-0.52,0.62,-3.29,-0.15,0.15,-0.05
2024-03-25 16:58:30.1680,-0.6,0.44,-3.19,-0.18,0.11,0.05
2024-03-25 16:58:30.1780,-0.46,0.18,-2.89,-0.16,0.06,0.1
2024-03-25 16:58:30.1880,-0.23,-0.13,-2.35,-0.11,0.01,0.1
2024-03-25 16:58:30.1980,0.02,-0.27,-2.02,-0.07,-0.05,0.09
2024-03-25 16:58:30.2080,0.13,-0.29,-2.01,-0.06,-0.09,0.07
2024-03-25 16:58:30.2180,0.22,-0.09,-1.99,-0.08,-0.08,0.1
2024-03-25 16:58:30.2280,0.06,0.13,-2.05,-0.12,-0.04,0.19
2024-03-25 16:58:30.2390,-0.17,0.35,-1.91,-0.15,0.0,0.3
2024-03-25 16:58:30.2480,-0.16,0.51,-1.62,-0.2,-0.0,0.35
2024-03-25 16:58:30.2580,0.13,0.55,-1.53,-0.29,-0.01,0.35
2024-03-25 16:58:30.2680,0.41,0.5,-1.37,-0.34,0.01,0.34
2024-03-25 16:58:30.2780,0.52,0.51,-0.67,-0.29,0.08,0.29
2024-03-25 16:58:30.2880,0.73,0.52,0.41,-0.21,0.17,0.2
2024-03-25 16:58:30.2980,0.99,0.58,1.23,-0.14,0.27,0.08
2024-03-25 16:58:30.3080,1.24,0.7,1.71,-0.1,0.34,-0.04
2024-03-25 16:58:30.3180,1.14,0.91,2.15,-0.04,0.41,-0.1
2024-03-25 16:58:30.3280,0.67,1.23,2.83,0.07,0.46,-0.12
2024-03-25 16:58:30.3380,0.33,1.61,3.48,0.18,0.47,-0.11
2024-03-25 16:58:30.3480,0.1,1.85,3.68,0.27,0.42,-0.1
2024-03-25 16:58:30.3580,-0.08,1.94,3.73,0.37,0.33,-0.09
2024-03-25 16:58:30.3680,-0.23,1.94,3.82,0.46,0.25,-0.07
2024-03-25 16:58:30.3780,-0.27,1.78,3.77,0.55,0.2,-0.06
2024-03-25 16:58:30.3880,-0.2,1.46,3.6,0.67,0.2,-0.07
2024-03-25 16:58:30.3980,-0.05,1.04,3.71,0.85,0.21,-0.11
2024-03-25 16:58:30.4080,0.22,0.68,3.94,1.02,0.19,-0.2
2024-03-25 16:58:30.4180,0.54,0.57,3.68,1.08,0.08,-0.3
2024-03-25 16:58:30.4280,0.63,0.62,3.06,0.98,-0.14,-0.35
2024-03-25 16:58:30.4380,0.47,0.96,2.28,0.71,-0.4,-0.27
2024-03-25 16:58:30.4480,-0.36,0.99,1.69,0.4,-0.53,-0.04
2024-03-25 16:58:30.4580,-1.17,0.31,1.8,0.24,-0.53,0.28
2024-03-25 16:58:30.4680,-1.29,-0.81,2.77,0.32,-0.52,0.45
2024-03-25 16:58:30.4780,-0.27,-2.26,3.74,0.54,-0.55,0.36
2024-03-25 16:58:30.4880,1.12,-3.66,3.57,0.73,-0.6,0.1
2024-03-25 16:58:30.4980,1.88,-4.41,2.42,0.77,-0.66,-0.19
2024-03-25 16:58:30.5080,1.7,-4.27,0.56,0.6,-0.67,-0.32
2024-03-25 16:58:30.5180,0.63,-3.67,-1.21,0.29,-0.51,-0.27
2024-03-25 16:58:30.5280,-0.51,-3.0,-2.42,-0.04,-0.28,-0.12
2024-03-25 16:58:30.5380,-1.38,-2.56,-2.91,-0.36,-0.08,0.04
2024-03-25 16:58:30.5480,-1.86,-2.47,-2.75,-0.62,0.06,0.1
2024-03-25 16:58:30.5580,-1.7,-2.36,-2.17,-0.77,0.12,0.06
2024-03-25 16:58:30.5680,-1.55,-2.01,-1.35,-0.78,0.09,0.01
2024-03-25 16:58:30.5780,-1.64,-1.48,-0.31,-0.61,0.02,-0.05
2024-03-25 16:58:30.5880,-1.67,-0.96,0.66,-0.39,-0.04,-0.08
2024-03-25 16:58:30.5980,-1.61,-0.4,0.57,-0.22,-0.02,-0.07
2024-03-25 16:58:30.6080,-1.48,0.13,-0.4,-0.13,0.07,-0.02
2024-03-25 16:58:30.6180,-1.4,0.5,-1.39,-0.07,0.21,0.07
2024-03-25 16:58:30.6280,-1.2,0.63,-2.07,-0.02,0.32,0.14
2024-03-25 16:58:30.6380,-0.85,0.51,-2.52,0.04,0.39,0.18
2024-03-25 16:58:30.6480,-0.49,0.18,-2.72,0.11,0.39,0.17
2024-03-25 16:58:30.6580,-0.09,-0.19,-2.96,0.15,0.3,0.13
2024-03-25 16:58:30.6680,0.21,-0.41,-3.37,0.1,0.14,0.08
2024-03-25 16:58:30.6780,0.28,-0.54,-3.9,-0.0,-0.06,0.05
2024-03-25 16:58:30.6880,0.28,-0.61,-4.31,-0.12,-0.2,0.05
2024-03-25 16:58:30.6980,0.21,-0.69,-4.27,-0.17,-0.21,0.05
2024-03-25 16:58:30.7080,0.23,-0.67,-3.94,-0.17,-0.12,0.05
2024-03-25 16:58:30.7180,0.24,-0.5,-3.58,-0.15,-0.01,0.05
2024-03-25 16:58:30.7280,0.24,-0.16,-3.44,-0.15,0.04,0.02
2024-03-25 16:58:30.7380,0.24,0.2,-3.34,-0.19,0.05,-0.01
2024-03-25 16:58:30.7480,0.14,0.49,-3.21,-0.24,0.0,-0.04
2024-03-25 16:58:30.7580,-0.17,0.68,-2.8,-0.27,-0.03,-0.02
2024-03-25 16:58:30.7680,-0.53,0.87,-2.1,-0.27,-0.05,0.02
2024-03-25 16:58:30.7780,-0.81,0.99,-1.45,-0.26,-0.06,0.06
2024-03-25 16:58:30.7880,-0.89,1.11,-1.0,-0.27,-0.07,0.09
2024-03-25 16:58:30.7980,-0.76,1.15,-0.51,-0.26,-0.09,0.07
2024-03-25 16:58:30.8080,-0.65,1.19,0.12,-0.24,-0.1,0.05
2024-03-25 16:58:30.8180,-0.65,1.2,0.72,-0.2,-0.08,0.03
2024-03-25 16:58:30.8280,-0.73,1.19,1.26,-0.17,-0.02,0.03
2024-03-25 16:58:30.8380,-1.01,1.18,1.71,-0.16,0.02,0.07
2024-03-25 16:58:30.8480,-1.28,1.15,2.08,-0.18,0.0,0.09
2024-03-25 16:58:30.8580,-1.26,1.19,2.37,-0.23,-0.04,0.11
2024-03-25 16:58:30.8680,-1.13,1.15,2.62,-0.24,-0.11,0.09
2024-03-25 16:58:30.8780,-0.85,1.0,3.21,-0.15,-0.21,0.02
2024-03-25 16:58:30.8880,-0.52,0.86,3.86,-0.02,-0.29,-0.1
2024-03-25 16:58:30.8980,-0.24,0.77,4.12,0.13,-0.35,-0.26
2024-03-25 16:58:30.9080,0.03,0.96,3.84,0.23,-0.38,-0.42
2024-03-25 16:58:30.9180,0.21,1.45,3.14,0.27,-0.35,-0.53
2024-03-25 16:58:30.9280,0.19,2.01,2.44,0.24,-0.24,-0.55
2024-03-25 16:58:30.9380,-0.11,2.52,1.84,0.1,-0.04,-0.4
2024-03-25 16:58:30.9480,-0.68,2.56,1.39,-0.05,0.14,-0.15
2024-03-25 16:58:30.9580,-1.05,2.04,1.96,-0.07,0.23,0.1
2024-03-25 16:58:30.9680,-0.75,1.12,3.25,-0.01,0.2,0.21
2024-03-25 16:58:30.9780,0.04,-0.23,3.81,0.06,0.1,0.21
2024-03-25 16:58:30.9880,0.9,-1.37,3.83,0.13,-0.0,0.1
2024-03-25 16:58:30.9980,1.5,-2.27,3.54,0.13,-0.06,-0.02
2024-03-25 16:58:31.0080,1.64,-2.85,2.99,0.14,-0.05,-0.11
2024-03-25 16:58:31.0180,1.42,-3.17,2.75,0.22,-0.04,-0.16
2024-03-25 16:58:31.0280,1.07,-3.29,2.64,0.29,-0.06,-0.2
2024-03-25 16:58:31.0380,0.86,-3.22,1.94,0.3,-0.11,-0.22
2024-03-25 16:58:31.0480,0.77,-2.92,0.71,0.22,-0.15,-0.24
2024-03-25 16:58:31.0580,0.72,-2.52,-0.5,0.07,-0.16,-0.23
2024-03-25 16:58:31.0680,0.51,-2.17,-1.49,-0.11,-0.1,-0.16
2024-03-25 16:58:31.0780,0.2,-1.89,-2.18,-0.3,-0.01,-0.07
2024-03-25 16:58:31.0880,0.07,-1.66,-2.4,-0.43,0.06,0.01
2024-03-25 16:58:31.0980,0.15,-1.45,-2.2,-0.49,0.08,0.03
2024-03-25 16:58:31.1080,0.4,-1.33,-1.87,-0.5,0.06,-0.01
2024-03-25 16:58:31.1180,0.68,-1.22,-1.78,-0.48,0.04,-0.09
2024-03-25 16:58:31.1280,0.85,-1.08,-1.96,-0.45,0.03,-0.17
2024-03-25 16:58:31.1380,0.84,-0.84,-2.19,-0.41,0.06,-0.23
2024-03-25 16:58:31.1480,0.69,-0.57,-2.46,-0.36,0.11,-0.26
2024-03-25 16:58:31.1580,0.49,-0.27,-2.73,-0.35,0.15,-0.24
2024-03-25 16:58:31.1680,0.12,0.01,-3.13,-0.36,0.17,-0.18
2024-03-25 16:58:31.1780,-0.19,0.23,-3.36,-0.37,0.15,-0.11
2024-03-25 16:58:31.1880,-0.23,0.36,-3.41,-0.37,0.12,-0.07
2024-03-25 16:58:31.1980,-0.11,0.36,-3.44,-0.33,0.1,-0.05
2024-03-25 16:58:31.2080,0.12,0.28,-3.22,-0.26,0.11,-0.05
2024-03-25 16:58:31.2180,0.21,0.23,-3.02,-0.2,0.14,-0.02
2024-03-25 16:58:31.2280,0.15,0.23,-2.93,-0.18,0.16,0.03
2024-03-25 16:58:31.2380,-0.01,0.23,-2.88,-0.19,0.15,0.1
2024-03-25 16:58:31.2480,-0.11,0.23,-2.65,-0.21,0.1,0.17
2024-03-25 16:58:31.2580,-0.03,0.35,-2.33,-0.24,0.02,0.24
2024-03-25 16:58:31.2680,0.14,0.44,-1.91,-0.25,-0.08,0.28
2024-03-25 16:58:31.2780,0.46,0.55,-1.48,-0.26,-0.13,0.33
2024-03-25 16:58:31.2880,0.69,0.5,-1.16,-0.28,-0.14,0.36
2024-03-25 16:58:31.2980,0.95,0.4,-0.76,-0.27,-0.13,0.34
2024-03-25 16:58:31.3080,1.32,0.31,-0.29,-0.24,-0.16,0.26
2024-03-25 16:58:31.3180,1.7,0.25,0.14,-0.21,-0.22,0.11
2024-03-25 16:58:31.3280,2.02,0.29,0.32,-0.2,-0.27,-0.03
2024-03-25 16:58:31.3380,1.96,0.47,0.46,-0.17,-0.27,-0.11
2024-03-25 16:58:31.3480,1.6,0.81,0.88,-0.14,-0.21,-0.12
2024-03-25 16:58:31.3580,1.25,1.13,1.27,-0.15,-0.06,-0.09
2024-03-25 16:58:31.3680,1.02,1.39,1.49,-0.17,0.16,-0.03
2024-03-25 16:58:31.3780,0.9,1.55,2.12,-0.13,0.33,0.0
2024-03-25 16:58:31.3880,0.97,1.61,3.16,-0.04,0.45,-0.06
2024-03-25 16:58:31.3980,1.17,1.47,3.91,0.07,0.5,-0.18
2024-03-25 16:58:31.4080,1.08,1.25,4.42,0.21,0.45,-0.29
2024-03-25 16:58:31.4180,0.56,1.08,5.09,0.38,0.34,-0.37
2024-03-25 16:58:31.4280,-0.07,1.14,5.55,0.49,0.22,-0.39
2024-03-25 16:58:31.4380,-0.64,1.27,5.26,0.52,0.09,-0.36
2024-03-25 16:58:31.4480,-0.93,1.5,4.79,0.54,0.0,-0.33
2024-03-25 16:58:31.4580,-0.99,1.8,4.66,0.54,0.02,-0.25
2024-03-25 16:58:31.4680,-1.3,1.81,4.48,0.48,0.13,-0.08
2024-03-25 16:58:31.4780,-1.94,1.39,4.14,0.44,0.26,0.17
2024-03-25 16:58:31.4880,-2.41,0.52,4.3,0.55,0.27,0.36
2024-03-25 16:58:31.4980,-1.91,-0.71,4.78,0.72,0.13,0.35
2024-03-25 16:58:31.5080,-0.88,-2.14,4.39,0.91,-0.06,0.22
2024-03-25 16:58:31.5180,-0.17,-3.09,3.32,0.99,-0.2,0.04
2024-03-25 16:58:31.5280,0.09,-3.56,1.69,0.92,-0.25,-0.06
2024-03-25 16:58:31.5380,-0.13,-3.57,0.22,0.8,-0.21,-0.1
2024-03-25 16:58:31.5480,-0.43,-3.34,-0.73,0.64,-0.08,-0.08
2024-03-25 16:58:31.5580,-0.85,-3.18,-1.43,0.46,0.06,-0.03
2024-03-25 16:58:31.5680,-1.15,-3.05,-1.91,0.25,0.18,0.02
2024-03-25 16:58:31.5780,-1.34,-2.9,-2.34,0.01,0.23,0.05
2024-03-25 16:58:31.5880,-1.47,-2.6,-2.58,-0.2,0.2,0.08
2024-03-25 16:58:31.5980,-1.52,-2.1,-2.29,-0.35,0.14,0.11
2024-03-25 16:58:31.6080,-1.58,-1.76,-1.96,-0.43,0.07,0.13
2024-03-25 16:58:31.6180,-1.47,-1.37,-1.7,-0.47,0.01,0.17
2024-03-25 16:58:31.6280,-1.38,-1.15,-1.71,-0.47,-0.02,0.2
2024-03-25 16:58:31.6380,-1.2,-0.82,-1.85,-0.46,-0.03,0.24
2024-03-25 16:58:31.6480,-0.99,-0.57,-2.15,-0.45,-0.03,0.28
2024-03-25 16:58:31.6580,-0.82,-0.32,-2.47,-0.43,-0.02,0.31
2024-03-25 16:58:31.6680,-0.69,-0.14,-2.73,-0.4,-0.01,0.34
2024-03-25 16:58:31.6780,-0.56,0.01,-2.94,-0.34,0.03,0.39
2024-03-25 16:58:31.6880,-0.53,0.06,-3.0,-0.24,0.04,0.42
2024-03-25 16:58:31.6980,-0.47,0.14,-2.92,-0.17,0.05,0.44
2024-03-25 16:58:31.7080,-0.31,0.17,-3.27,-0.16,0.04,0.45
2024-03-25 16:58:31.7180,-0.14,0.23,-3.66,-0.17,-0.0,0.44
2024-03-25 16:58:31.7280,-0.06,0.36,-3.75,-0.19,-0.06,0.44
2024-03-25 16:58:31.7380,0.02,0.47,-3.86,-0.24,-0.09,0.44
2024-03-25 16:58:31.7480,0.17,0.5,-3.99,-0.3,-0.08,0.45
2024-03-25 16:58:31.7580,0.36,0.5,-3.95,-0.35,-0.02,0.45
2024-03-25 16:58:31.7680,0.5,0.49,-3.7,-0.4,0.07,0.45
2024-03-25 16:58:31.7780,0.56,0.42,-3.19,-0.39,0.13,0.44
2024-03-25 16:58:31.7880,0.6,0.34,-2.36,-0.37,0.17,0.39
2024-03-25 16:58:31.7980,0.73,0.32,-1.78,-0.34,0.16,0.32
2024-03-25 16:58:31.8080,0.8,0.28,-1.17,-0.25,0.11,0.23
2024-03-25 16:58:31.8180,0.94,0.29,-0.35,-0.13,0.07,0.11
2024-03-25 16:58:31.8280,1.01,0.23,0.11,-0.04,0.03,0.01
2024-03-25 16:58:31.8380,0.81,0.32,0.29,-0.01,-0.0,-0.02
2024-03-25 16:58:31.8480,0.35,0.55,0.37,-0.04,-0.01,-0.01
2024-03-25 16:58:31.8580,-0.02,0.9,0.53,-0.1,0.01,0.06
2024-03-25 16:58:31.8680,-0.33,1.21,0.93,-0.15,0.03,0.13
2024-03-25 16:58:31.8780,-0.39,1.42,1.52,-0.18,0.04,0.17
2024-03-25 16:58:31.8880,-0.22,1.42,2.29,-0.14,0.04,0.13
2024-03-25 16:58:31.8980,0.11,1.23,3.06,-0.07,0.02,0.04
2024-03-25 16:58:31.9080,0.33,0.98,3.65,0.02,-0.02,-0.07
2024-03-25 16:58:31.9180,0.36,0.77,4.11,0.11,-0.09,-0.18
2024-03-25 16:58:31.9270,0.29,0.53,4.55,0.23,-0.16,-0.32
2024-03-25 16:58:31.9380,0.34,0.48,4.81,0.35,-0.23,-0.47
2024-03-25 16:58:31.9480,0.48,0.72,4.83,0.45,-0.26,-0.61
2024-03-25 16:58:31.9580,0.66,1.31,4.48,0.46,-0.17,-0.66
2024-03-25 16:58:31.9680,0.31,1.72,3.75,0.36,0.01,-0.56
2024-03-25 16:58:31.9780,-0.52,1.59,3.39,0.28,0.16,-0.32
2024-03-25 16:58:31.9880,-1.26,0.97,3.96,0.35,0.17,-0.13
2024-03-25 16:58:31.9970,-1.2,-0.13,4.95,0.53,0.05,-0.07
2024-03-25 16:58:32.0070,-0.54,-1.38,5.04,0.65,-0.13,-0.14
2024-03-25 16:58:32.0180,0.27,-2.3,3.99,0.69,-0.31,-0.29
2024-03-25 16:58:32.0280,0.8,-2.66,2.69,0.65,-0.39,-0.4
2024-03-25 16:58:32.0380,0.73,-2.64,1.49,0.61,-0.4,-0.4
2024-03-25 16:58:32.0470,0.27,-2.41,0.78,0.58,-0.38,-0.33
2024-03-25 16:58:32.0580,0.04,-2.18,0.01,0.48,-0.32,-0.25
2024-03-25 16:58:32.0670,0.06,-2.0,-1.1,0.3,-0.22,-0.16
2024-03-25 16:58:32.0780,0.13,-1.8,-2.08,0.05,-0.09,-0.05
2024-03-25 16:58:32.0880,0.05,-1.67,-2.7,-0.22,0.03,0.07
2024-03-25 16:58:32.0980,-0.1,-1.69,-2.95,-0.48,0.15,0.17
2024-03-25 16:58:32.1080,-0.13,-1.83,-2.75,-0.68,0.2,0.21
2024-03-25 16:58:32.1170,0.02,-1.9,-2.24,-0.81,0.22,0.18
2024-03-25 16:58:32.1270,0.38,-1.86,-1.6,-0.81,0.21,0.08
2024-03-25 16:58:32.1370,0.74,-1.66,-0.86,-0.71,0.21,-0.06
2024-03-25 16:58:32.1470,0.95,-1.37,-0.41,-0.56,0.23,-0.2
2024-03-25 16:58:32.1570,0.91,-0.97,-0.44,-0.43,0.25,-0.31
2024-03-25 16:58:32.1670,0.67,-0.51,-0.91,-0.33,0.24,-0.37
2024-03-25 16:58:32.1770,0.34,-0.09,-1.52,-0.25,0.22,-0.37
2024-03-25 16:58:32.1880,-0.17,0.32,-2.0,-0.17,0.2,-0.28
2024-03-25 16:58:32.1970,-0.66,0.7,-2.37,-0.11,0.16,-0.16
2024-03-25 16:58:32.2070,-0.74,0.89,-2.9,-0.11,0.09,-0.07
2024-03-25 16:58:32.2170,-0.54,0.87,-3.56,-0.15,0.01,-0.01
2024-03-25 16:58:32.2270,-0.23,0.75,-4.04,-0.2,-0.03,0.05
2024-03-25 16:58:32.2370,-0.15,0.54,-4.15,-0.19,-0.04,0.11
2024-03-25 16:58:32.2470,0.06,0.43,-3.86,-0.16,-0.0,0.14
2024-03-25 16:58:32.2580,0.26,0.31,-3.69,-0.13,0.06,0.19
2024-03-25 16:58:32.2680,0.34,0.27,-3.58,-0.14,0.09,0.24
2024-03-25 16:58:32.2780,0.32,0.28,-3.51,-0.21,0.09,0.31
2024-03-25 16:58:32.2870,0.16,0.25,-3.5,-0.31,0.07,0.39
2024-03-25 16:58:32.2970,0.04,0.24,-3.2,-0.41,0.03,0.45
2024-03-25 16:58:32.3070,0.02,0.17,-2.69,-0.47,0.0,0.5
2024-03-25 16:58:32.3170,0.08,0.04,-1.99,-0.48,-0.03,0.5
2024-03-25 16:58:32.3270,0.31,-0.09,-1.12,-0.43,-0.06,0.45
2024-03-25 16:58:32.3370,0.67,-0.12,-0.47,-0.39,-0.08,0.35
2024-03-25 16:58:32.3480,1.05,0.04,-0.08,-0.38,-0.06,0.24
2024-03-25 16:58:32.3570,1.28,0.3,0.13,-0.4,0.0,0.15
2024-03-25 16:58:32.3670,1.35,0.66,0.45,-0.42,0.13,0.08
2024-03-25 16:58:32.3770,1.25,0.95,1.02,-0.4,0.33,0.07
2024-03-25 16:58:32.3870,0.93,1.16,1.95,-0.34,0.54,0.09
2024-03-25 16:58:32.3970,0.5,1.33,2.99,-0.23,0.7,0.12
2024-03-25 16:58:32.4070,0.18,1.33,4.06,-0.08,0.75,0.13
2024-03-25 16:58:32.4170,-0.02,1.21,5.06,0.11,0.64,0.09
2024-03-25 16:58:32.4270,0.07,1.04,5.77,0.32,0.43,-0.01
2024-03-25 16:58:32.4370,0.24,0.9,6.19,0.55,0.22,-0.13
2024-03-25 16:58:32.4470,0.39,0.88,6.12,0.74,0.1,-0.23
2024-03-25 16:58:32.4570,0.4,0.98,5.57,0.87,0.03,-0.29
2024-03-25 16:58:32.4670,0.33,1.34,4.85,0.89,0.02,-0.29
2024-03-25 16:58:32.4770,-0.05,1.66,3.85,0.71,0.08,-0.15
2024-03-25 16:58:32.4870,-1.17,1.51,2.71,0.44,0.24,0.18
2024-03-25 16:58:32.4970,-2.36,0.8,2.68,0.41,0.33,0.52
2024-03-25 16:58:32.5070,-2.25,-0.2,4.31,0.62,0.27,0.61
2024-03-25 16:58:32.5170,-0.9,-1.58,4.96,0.79,0.12,0.53
2024-03-25 16:58:32.5270,0.03,-2.83,3.97,0.87,-0.02,0.36
2024-03-25 16:58:32.5370,0.39,-3.36,2.47,0.76,0.01,0.29
2024-03-25 16:58:32.5470,-0.26,-3.53,0.93,0.61,0.2,0.4
2024-03-25 16:58:32.5570,-1.28,-3.21,0.19,0.48,0.49,0.63
2024-03-25 16:58:32.5670,-2.01,-2.89,-0.47,0.29,0.77,0.84
2024-03-25 16:58:32.5770,-2.0,-2.81,-1.41,0.05,0.94,0.92
2024-03-25 16:58:32.5870,-1.51,-2.93,-2.1,-0.23,0.93,0.85
2024-03-25 16:58:32.5970,-1.05,-3.03,-2.52,-0.52,0.8,0.7
2024-03-25 16:58:32.6070,-0.97,-2.95,-2.53,-0.73,0.53,0.54
2024-03-25 16:58:32.6170,-1.15,-2.69,-1.82,-0.82,0.24,0.4
2024-03-25 16:58:32.6270,-1.25,-2.29,-0.91,-0.83,0.0,0.31
2024-03-25 16:58:32.6370,-1.24,-1.94,-0.41,-0.76,-0.16,0.24
2024-03-25 16:58:32.6470,-0.97,-1.57,-0.19,-0.62,-0.22,0.18
2024-03-25 16:58:32.6570,-0.58,-1.27,-0.21,-0.48,-0.2,0.12
2024-03-25 16:58:32.6670,-0.25,-0.93,-0.58,-0.34,-0.18,0.06
2024-03-25 16:58:32.6770,0.0,-0.56,-1.18,-0.23,-0.19,-0.02
2024-03-25 16:58:32.6870,0.16,-0.29,-1.82,-0.14,-0.28,-0.09
2024-03-25 16:58:32.6970,0.18,-0.06,-2.29,-0.07,-0.45,-0.17
2024-03-25 16:58:32.7070,0.19,0.12,-2.8,-0.06,-0.77,-0.27
2024-03-25 16:58:32.7180,0.13,0.25,-3.49,-0.1,-1.15,-0.34
2024-03-25 16:58:32.7270,-0.09,0.36,-4.1,-0.14,-1.53,-0.36
2024-03-25 16:58:32.7370,-0.65,0.59,-4.29,-0.14,-1.78,-0.2
2024-03-25 16:58:32.7470,-1.67,0.98,-4.05,-0.07,-1.86,0.07
2024-03-25 16:58:32.7570,-1.97,1.42,-3.83,0.05,-1.79,0.32
2024-03-25 16:58:32.7670,-1.6,1.5,-3.61,0.16,-1.71,0.46
2024-03-25 16:58:32.7770,-0.68,1.56,-3.52,0.22,-1.61,0.46
2024-03-25 16:58:32.7870,0.24,1.32,-3.64,0.15,-1.47,0.37
2024-03-25 16:58:32.7970,0.89,1.09,-4.04,-0.05,-1.27,0.29
2024-03-25 16:58:32.8070,1.07,0.83,-4.2,-0.26,-1.03,0.23
2024-03-25 16:58:32.8170,0.93,0.63,-3.43,-0.38,-0.77,0.22
2024-03-25 16:58:32.8270,0.65,0.45,-2.15,-0.4,-0.54,0.22
2024-03-25 16:58:32.8370,0.47,0.31,-0.84,-0.36,-0.33,0.21
2024-03-25 16:58:32.8470,0.49,0.14,0.11,-0.3,-0.18,0.16
2024-03-25 16:58:32.8570,0.77,0.01,0.84,-0.23,-0.06,0.03
2024-03-25 16:58:32.8670,1.09,-0.11,1.52,-0.14,0.06,-0.13
2024-03-25 16:58:32.8770,1.23,-0.12,2.18,-0.03,0.17,-0.29
2024-03-25 16:58:32.8870,1.14,0.05,2.69,0.03,0.26,-0.44
2024-03-25 16:58:32.8970,0.96,0.3,2.82,0.06,0.34,-0.53
2024-03-25 16:58:32.9070,0.51,0.69,3.08,0.08,0.36,-0.56
2024-03-25 16:58:32.9170,-0.14,1.11,3.39,0.1,0.34,-0.54
2024-03-25 16:58:32.9270,-0.56,1.39,3.73,0.17,0.29,-0.53
2024-03-25 16:58:32.9370,-0.55,1.53,4.15,0.3,0.21,-0.56
2024-03-25 16:58:32.9470,-0.35,1.58,4.44,0.43,0.15,-0.63
2024-03-25 16:58:32.9570,-0.06,1.62,4.28,0.58,0.07,-0.76
2024-03-25 16:58:32.9670,0.27,1.77,3.97,0.72,-0.03,-0.92
2024-03-25 16:58:32.9770,0.56,2.18,3.5,0.78,-0.09,-1.02
2024-03-25 16:58:32.9870,0.44,2.88,2.65,0.75,-0.06,-0.97
2024-03-25 16:58:32.9970,-0.15,3.08,1.85,0.63,0.06,-0.75
2024-03-25 16:58:33.0070,-0.74,2.78,1.44,0.53,0.16,-0.44
2024-03-25 16:58:33.0170,-0.91,2.11,1.81,0.54,0.22,-0.2
2024-03-25 16:58:33.0270,-0.46,0.94,2.47,0.57,0.22,-0.07
2024-03-25 16:58:33.0370,0.17,-0.4,2.43,0.57,0.18,-0.01
2024-03-25 16:58:33.0470,0.5,-1.73,2.19,0.61,0.12,-0.04
2024-03-25 16:58:33.0570,0.92,-2.64,2.22,0.65,0.07,-0.12
2024-03-25 16:58:33.0670,1.2,-3.24,1.89,0.65,0.06,-0.2
2024-03-25 16:58:33.0770,1.06,-3.36,1.29,0.6,0.07,-0.22
2024-03-25 16:58:33.0870,0.57,-3.29,0.54,0.5,0.09,-0.16
2024-03-25 16:58:33.0970,-0.01,-3.09,-0.12,0.36,0.13,-0.05
2024-03-25 16:58:33.1070,-0.48,-2.96,-0.66,0.17,0.18,0.09
2024-03-25 16:58:33.1170,-0.9,-2.93,-1.17,-0.05,0.2,0.24
2024-03-25 16:58:33.1270,-1.04,-3.1,-1.58,-0.27,0.18,0.32
2024-03-25 16:58:33.1370,-0.92,-3.41,-1.7,-0.44,0.09,0.33
2024-03-25 16:58:33.1470,-0.59,-3.68,-1.6,-0.54,-0.01,0.23
2024-03-25 16:58:33.1570,-0.02,-3.62,-1.51,-0.57,-0.09,0.06
2024-03-25 16:58:33.1670,0.42,-3.16,-1.53,-0.53,-0.13,-0.09
2024-03-25 16:58:33.1770,0.47,-2.48,-1.69,-0.46,-0.08,-0.2
2024-03-25 16:58:33.1870,0.45,-1.76,-2.1,-0.4,0.0,-0.26
2024-03-25 16:58:33.1970,0.37,-0.96,-2.75,-0.37,0.06,-0.25
2024-03-25 16:58:33.2070,0.03,-0.01,-3.26,-0.4,0.11,-0.16
2024-03-25 16:58:33.2170,-0.09,0.93,-3.63,-0.43,0.13,-0.07
2024-03-25 16:58:33.2270,0.14,1.39,-3.55,-0.38,0.17,-0.03
2024-03-25 16:58:33.2370,0.65,1.55,-2.96,-0.25,0.26,-0.04
2024-03-25 16:58:33.2470,1.02,1.37,-2.2,-0.1,0.31,-0.08
2024-03-25 16:58:33.2570,1.12,1.04,-1.66,-0.02,0.25,-0.1
2024-03-25 16:58:33.2670,0.94,0.7,-1.52,-0.01,0.14,-0.11
2024-03-25 16:58:33.2770,0.75,0.37,-1.5,-0.04,0.02,-0.09
2024-03-25 16:58:33.2870,0.48,0.08,-1.26,-0.0,-0.06,-0.07
2024-03-25 16:58:33.2970,0.41,-0.05,-0.8,0.08,-0.13,-0.06
2024-03-25 16:58:33.3070,0.46,-0.27,-0.57,0.22,-0.18,-0.09
2024-03-25 16:58:33.3170,0.65,-0.48,-0.43,0.37,-0.19,-0.17
2024-03-25 16:58:33.3270,0.92,-0.6,-0.71,0.46,-0.16,-0.27
2024-03-25 16:58:33.3370,0.95,-0.54,-1.36,0.47,-0.13,-0.34
2024-03-25 16:58:33.3480,0.75,-0.31,-2.01,0.38,-0.1,-0.36
2024-03-25 16:58:33.3570,0.34,0.16,-2.67,0.2,-0.05,-0.3
2024-03-25 16:58:33.3670,-0.22,0.7,-3.13,-0.0,0.05,-0.18
2024-03-25 16:58:33.3770,-0.48,1.18,-3.0,-0.15,0.2,-0.07
2024-03-25 16:58:33.3870,-0.35,1.46,-2.22,-0.2,0.34,-0.02
2024-03-25 16:58:33.3970,-0.04,1.61,-1.09,-0.2,0.44,-0.02
2024-03-25 16:58:33.4070,0.22,1.6,-0.05,-0.18,0.51,-0.09
2024-03-25 16:58:33.4170,0.48,1.68,0.83,-0.16,0.55,-0.16
2024-03-25 16:58:33.4270,0.46,1.77,1.4,-0.16,0.58,-0.21
2024-03-25 16:58:33.4370,0.07,1.98,2.08,-0.18,0.62,-0.18
2024-03-25 16:58:33.4470,-0.48,2.21,2.6,-0.25,0.68,-0.11
2024-03-25 16:58:33.4570,-0.98,2.42,2.9,-0.29,0.63,-0.01
2024-03-25 16:58:33.4670,-1.41,2.55,3.34,-0.27,0.58,0.07
2024-03-25 16:58:33.4770,-1.54,2.43,4.26,-0.13,0.55,0.12
2024-03-25 16:58:33.4870,-1.49,2.1,5.19,0.12,0.54,0.12
2024-03-25 16:58:33.4970,-1.28,1.75,6.12,0.44,0.49,0.09
2024-03-25 16:58:33.5070,-1.16,1.55,6.49,0.66,0.38,0.14
2024-03-25 16:58:33.5170,-1.46,1.35,5.66,0.67,0.25,0.29
2024-03-25 16:58:33.5270,-1.87,1.05,4.52,0.51,0.1,0.52
2024-03-25 16:58:33.5370,-1.91,0.37,3.56,0.39,0.05,0.73
2024-03-25 16:58:33.5470,-1.14,-0.94,3.55,0.54,0.11,0.81
2024-03-25 16:58:33.5570,0.04,-2.4,4.37,0.81,0.18,0.71
2024-03-25 16:58:33.5670,1.21,-3.6,4.08,0.97,0.19,0.5
2024-03-25 16:58:33.5770,1.8,-4.31,2.61,0.89,0.08,0.25
2024-03-25 16:58:33.5870,1.76,-4.31,0.76,0.59,-0.05,0.08
2024-03-25 16:58:33.5970,1.25,-4.01,-0.64,0.26,-0.11,0.01
2024-03-25 16:58:33.6070,0.66,-3.56,-0.94,0.01,-0.13,0.01
2024-03-25 16:58:33.6170,0.18,-3.19,-0.67,-0.18,-0.11,0.01
2024-03-25 16:58:33.6270,0.12,-2.85,-0.54,-0.33,-0.04,-0.02
2024-03-25 16:58:33.6370,0.15,-2.28,-0.57,-0.46,0.02,-0.03
2024-03-25 16:58:33.6470,-0.01,-1.76,-0.7,-0.54,0.05,-0.06
2024-03-25 16:58:33.6570,-0.01,-1.31,-0.74,-0.57,0.1,-0.11
2024-03-25 16:58:33.6670,-0.03,-0.9,-0.87,-0.56,0.14,-0.15
2024-03-25 16:58:33.6770,-0.05,-0.45,-1.08,-0.53,0.15,-0.2
2024-03-25 16:58:33.6870,-0.13,0.12,-1.33,-0.5,0.13,-0.22
2024-03-25 16:58:33.6970,-0.32,0.67,-1.57,-0.44,0.11,-0.2
2024-03-25 16:58:33.7070,-0.5,1.13,-1.58,-0.33,0.1,-0.17
2024-03-25 16:58:33.7170,-0.58,1.43,-1.49,-0.18,0.12,-0.12
2024-03-25 16:58:33.7270,-0.64,1.58,-1.36,-0.0,0.16,-0.06
2024-03-25 16:58:33.7370,-0.49,1.6,-1.32,0.19,0.18,-0.04
2024-03-25 16:58:33.7470,-0.17,1.49,-1.36,0.37,0.2,-0.02
2024-03-25 16:58:33.7570,0.11,1.28,-1.66,0.47,0.16,0.03
2024-03-25 16:58:33.7670,0.3,0.92,-2.3,0.52,0.15,0.08
2024-03-25 16:58:33.7770,0.54,0.44,-2.77,0.53,0.12,0.13
2024-03-25 16:58:33.7870,0.71,-0.11,-3.23,0.56,0.09,0.15
2024-03-25 16:58:33.7970,0.9,-0.63,-3.39,0.59,0.09,0.15
2024-03-25 16:58:33.8070,0.92,-1.08,-3.51,0.62,0.13,0.14
2024-03-25 16:58:33.8170,0.8,-1.36,-3.75,0.62,0.2,0.17
2024-03-25 16:58:33.8270,0.51,-1.54,-3.89,0.57,0.27,0.21
2024-03-25 16:58:33.8370,0.36,-1.62,-4.05,0.45,0.33,0.26
2024-03-25 16:58:33.8470,0.05,-1.7,-4.2,0.27,0.34,0.34
2024-03-25 16:58:33.8570,-0.22,-1.8,-3.99,0.09,0.24,0.38
2024-03-25 16:58:33.8670,-0.24,-1.89,-3.32,-0.05,0.08,0.35
2024-03-25 16:58:33.8770,0.12,-1.85,-2.72,-0.19,-0.05,0.25
2024-03-25 16:58:33.8870,0.58,-1.62,-2.36,-0.32,-0.11,0.12
2024-03-25 16:58:33.8970,0.8,-1.22,-1.96,-0.41,-0.07,0.0
2024-03-25 16:58:33.9070,0.65,-0.65,-1.31,-0.45,0.05,-0.08
2024-03-25 16:58:33.9170,0.37,0.06,-0.58,-0.49,0.22,-0.13
2024-03-25 16:58:33.9270,0.25,0.7,-0.19,-0.56,0.36,-0.19
2024-03-25 16:58:33.9370,0.05,1.23,0.17,-0.62,0.49,-0.24
2024-03-25 16:58:33.9470,-0.28,1.79,0.8,-0.65,0.63,-0.25
2024-03-25 16:58:33.9570,-0.87,2.22,1.73,-0.62,0.72,-0.2
2024-03-25 16:58:33.9670,-1.39,2.4,3.08,-0.5,0.68,-0.16
2024-03-25 16:58:33.9770,-1.42,2.41,4.5,-0.3,0.52,-0.19
2024-03-25 16:58:33.9870,-1.07,2.36,5.35,-0.11,0.23,-0.3
2024-03-25 16:58:33.9970,-0.63,2.39,5.47,0.06,-0.15,-0.45
2024-03-25 16:58:34.0070,-0.33,2.61,5.2,0.21,-0.43,-0.58
2024-03-25 16:58:34.0170,0.01,3.15,4.53,0.28,-0.47,-0.59
2024-03-25 16:58:34.0270,0.15,3.72,3.47,0.27,-0.24,-0.4
2024-03-25 16:58:34.0370,-0.03,3.72,2.74,0.22,0.15,-0.09
2024-03-25 16:58:34.0470,0.0,3.14,2.71,0.23,0.44,0.18
2024-03-25 16:58:34.0570,0.32,1.82,3.65,0.33,0.49,0.35
2024-03-25 16:58:34.0670,0.56,0.02,4.34,0.42,0.31,0.4
2024-03-25 16:58:34.0770,0.71,-1.7,4.3,0.52,-0.1,0.33
2024-03-25 16:58:34.0870,1.25,-2.84,3.97,0.58,-0.55,0.19
2024-03-25 16:58:34.0970,1.7,-3.39,3.01,0.57,-0.87,0.08
2024-03-25 16:58:34.1070,1.74,-3.36,1.44,0.45,-0.98,0.06
2024-03-25 16:58:34.1170,1.51,-3.11,-0.29,0.2,-0.89,0.09
2024-03-25 16:58:34.1270,1.44,-2.48,-1.93,-0.23,-0.65,0.2
2024-03-25 16:58:34.1370,1.12,-2.08,-3.26,-0.67,-0.35,0.34
2024-03-25 16:58:34.1470,0.99,-2.03,-3.32,-0.95,0.05,0.42
2024-03-25 16:58:34.1570,1.23,-2.55,-2.03,-1.05,0.44,0.36
2024-03-25 16:58:34.1670,1.81,-3.01,-0.53,-1.01,0.76,0.14
2024-03-25 16:58:34.1770,2.27,-3.29,0.71,-0.79,0.9,-0.24
2024-03-25 16:58:34.1870,2.66,-3.07,1.97,-0.46,0.9,-0.64
2024-03-25 16:58:34.1970,2.38,-2.39,2.41,-0.17,0.84,-0.91
2024-03-25 16:58:34.2070,1.41,-1.4,1.79,-0.01,0.69,-1.02
2024-03-25 16:58:34.2170,0.22,-0.45,0.54,0.02,0.45,-0.97
2024-03-25 16:58:34.2270,-0.92,0.34,-0.63,0.03,0.18,-0.8
2024-03-25 16:58:34.2370,-1.46,0.95,-1.38,0.05,-0.04,-0.62
2024-03-25 16:58:34.2470,-1.3,1.13,-2.19,0.07,-0.18,-0.49
2024-03-25 16:58:34.2560,-0.61,1.08,-3.14,0.09,-0.24,-0.4
2024-03-25 16:58:34.2660,-0.18,0.89,-3.89,0.12,-0.27,-0.33
2024-03-25 16:58:34.2770,0.23,0.75,-4.56,0.09,-0.28,-0.31
2024-03-25 16:58:34.2870,0.59,0.56,-5.27,-0.03,-0.31,-0.29
2024-03-25 16:58:34.2960,0.76,0.41,-5.87,-0.22,-0.27,-0.23
2024-03-25 16:58:34.3060,0.9,0.37,-5.96,-0.4,-0.31,-0.2
2024-03-25 16:58:34.3170,1.13,0.49,-5.56,-0.57,-0.33,-0.14
2024-03-25 16:58:34.3260,1.12,0.45,-4.92,-0.68,-0.32,-0.07
2024-03-25 16:58:34.3360,1.07,0.33,-3.81,-0.69,-0.26,0.01
2024-03-25 16:58:34.3470,0.92,0.1,-2.41,-0.6,-0.16,0.09
2024-03-25 16:58:34.3560,0.98,-0.12,-1.25,-0.5,-0.08,0.1
2024-03-25 16:58:34.3660,1.36,-0.43,-0.46,-0.41,-0.1,0.02
2024-03-25 16:58:34.3770,1.8,-0.64,-0.01,-0.38,-0.22,-0.14
2024-03-25 16:58:34.3860,2.14,-0.65,0.08,-0.4,-0.4,-0.32
2024-03-25 16:58:34.3960,2.22,-0.47,0.19,-0.43,-0.54,-0.46
2024-03-25 16:58:34.4060,1.92,-0.14,0.4,-0.45,-0.55,-0.51
2024-03-25 16:58:34.4170,1.36,0.21,0.72,-0.44,-0.39,-0.46
2024-03-25 16:58:34.4260,0.69,0.47,1.19,-0.38,-0.11,-0.32
2024-03-25 16:58:34.4370,0.18,0.61,2.04,-0.25,0.15,-0.24
2024-03-25 16:58:34.4460,0.28,0.69,2.93,-0.11,0.29,-0.27
2024-03-25 16:58:34.4580,0.61,0.71,3.51,0.01,0.28,-0.39
2024-03-25 16:58:34.4670,0.62,0.81,3.79,0.12,0.19,-0.53
2024-03-25 16:58:34.4770,0.33,1.11,3.96,0.17,0.08,-0.61
2024-03-25 16:58:34.4860,-0.4,1.39,3.93,0.17,-0.02,-0.55
2024-03-25 16:58:34.4970,-1.96,1.52,3.87,0.16,-0.05,-0.28
2024-03-25 16:58:34.5060,-3.79,1.36,4.1,0.26,-0.0,-0.02
2024-03-25 16:58:34.5170,-4.05,1.21,4.65,0.41,0.1,0.07
2024-03-25 16:58:34.5260,-3.22,1.01,4.52,0.53,0.23,0.08
2024-03-25 16:58:34.5360,-3.25,0.56,4.02,0.56,0.36,0.12
2024-03-25 16:58:34.5460,-3.72,-0.1,3.43,0.53,0.43,0.21
2024-03-25 16:58:34.5570,-3.89,-0.52,3.05,0.47,0.4,0.34
2024-03-25 16:58:34.5660,-3.66,-1.0,3.01,0.52,0.27,0.39
2024-03-25 16:58:34.5760,-2.7,-1.51,3.21,0.6,0.09,0.39
2024-03-25 16:58:34.5860,-1.9,-1.93,2.69,0.61,-0.09,0.39
2024-03-25 16:58:34.5960,-1.36,-2.0,1.71,0.51,-0.19,0.44
2024-03-25 16:58:34.6060,-0.86,-1.92,0.54,0.32,-0.21,0.57
2024-03-25 16:58:34.6160,-0.32,-1.74,-0.3,0.09,-0.11,0.7
2024-03-25 16:58:34.6260,0.39,-1.88,-0.69,-0.14,0.01,0.82
2024-03-25 16:58:34.6360,1.05,-2.13,-0.87,-0.35,0.1,0.87
2024-03-25 16:58:34.6460,1.58,-2.52,-0.74,-0.5,0.15,0.87
2024-03-25 16:58:34.6560,2.1,-2.8,-0.31,-0.6,0.13,0.79
2024-03-25 16:58:34.6660,2.59,-3.08,0.12,-0.6,0.04,0.62
2024-03-25 16:58:34.6760,3.1,-3.16,0.55,-0.55,-0.11,0.41
2024-03-25 16:58:34.6860,3.29,-2.9,0.7,-0.47,-0.25,0.21
2024-03-25 16:58:34.6960,3.17,-2.42,0.38,-0.42,-0.34,0.05
2024-03-25 16:58:34.7060,2.96,-1.89,-0.22,-0.34,-0.37,-0.04
2024-03-25 16:58:34.7170,2.54,-1.27,-0.65,-0.23,-0.34,-0.09
2024-03-25 16:58:34.7260,2.21,-0.83,-1.21,-0.1,-0.28,-0.14
2024-03-25 16:58:34.7360,2.02,-0.47,-1.84,0.02,-0.21,-0.19
2024-03-25 16:58:34.7460,1.86,-0.2,-2.59,0.11,-0.19,-0.26
2024-03-25 16:58:34.7560,1.63,0.03,-3.36,0.16,-0.24,-0.3
2024-03-25 16:58:34.7660,1.21,0.26,-3.99,0.22,-0.31,-0.34
2024-03-25 16:58:34.7760,0.76,0.53,-4.38,0.23,-0.41,-0.35
2024-03-25 16:58:34.7860,0.44,0.67,-4.95,0.2,-0.51,-0.33
2024-03-25 16:58:34.7960,0.11,0.73,-5.36,0.11,-0.55,-0.3
2024-03-25 16:58:34.8060,0.02,0.73,-5.67,0.01,-0.48,-0.29
2024-03-25 16:58:34.8170,0.01,0.67,-5.73,-0.07,-0.32,-0.28
2024-03-25 16:58:34.8260,-0.03,0.6,-5.28,-0.16,-0.1,-0.3
2024-03-25 16:58:34.8360,-0.14,0.53,-4.91,-0.24,0.13,-0.28
2024-03-25 16:58:34.8460,-0.49,0.33,-3.95,-0.2,0.27,-0.26
2024-03-25 16:58:34.8560,-0.7,0.22,-2.13,-0.1,0.28,-0.28
2024-03-25 16:58:34.8660,-0.73,0.1,-0.87,-0.05,0.17,-0.34
2024-03-25 16:58:34.8760,-0.73,0.04,-0.32,-0.05,-0.0,-0.42
2024-03-25 16:58:34.8860,-0.65,0.2,0.03,-0.11,-0.13,-0.5
2024-03-25 16:58:34.8960,-0.77,0.41,0.24,-0.16,-0.15,-0.51
2024-03-25 16:58:34.9060,-1.06,0.68,0.73,-0.18,-0.05,-0.47
2024-03-25 16:58:34.9160,-1.39,0.95,1.45,-0.14,0.14,-0.38
2024-03-25 16:58:34.9260,-1.66,1.02,2.32,-0.09,0.32,-0.32
2024-03-25 16:58:34.9360,-1.79,1.07,3.11,-0.04,0.39,-0.28
2024-03-25 16:58:34.9460,-2.08,1.15,3.77,-0.0,0.32,-0.24
2024-03-25 16:58:34.9560,-2.34,1.22,4.38,0.07,0.13,-0.25
2024-03-25 16:58:34.9660,-2.42,1.21,4.97,0.19,-0.05,-0.28
2024-03-25 16:58:34.9760,-2.41,1.3,5.33,0.39,-0.2,-0.29
2024-03-25 16:58:34.9860,-2.39,1.35,5.39,0.58,-0.25,-0.29
2024-03-25 16:58:34.9960,-2.1,1.76,4.72,0.66,-0.31,-0.29
2024-03-25 16:58:35.0060,-1.64,2.29,3.42,0.59,-0.34,-0.31
2024-03-25 16:58:35.0160,-1.17,2.75,2.23,0.44,-0.33,-0.27
2024-03-25 16:58:35.0260,-1.06,3.12,1.7,0.32,-0.18,-0.13
2024-03-25 16:58:35.0360,-1.12,2.91,2.03,0.29,0.04,0.13
2024-03-25 16:58:35.0460,-1.08,2.11,2.73,0.34,0.18,0.31
2024-03-25 16:58:35.0560,-0.37,0.72,3.26,0.41,0.25,0.35
2024-03-25 16:58:35.0660,0.51,-0.82,3.32,0.52,0.21,0.29
2024-03-25 16:58:35.0760,1.06,-2.03,3.4,0.64,0.11,0.15
2024-03-25 16:58:35.0860,1.46,-2.87,3.23,0.67,0.01,-0.0
2024-03-25 16:58:35.0960,1.59,-3.33,2.49,0.62,-0.05,-0.12
2024-03-25 16:58:35.1060,1.4,-3.33,1.64,0.52,-0.07,-0.15
2024-03-25 16:58:35.1160,0.92,-3.11,1.14,0.44,-0.07,-0.11
2024-03-25 16:58:35.1260,0.46,-2.9,0.94,0.34,-0.06,-0.04
2024-03-25 16:58:35.1360,0.18,-2.79,0.43,0.18,-0.07,0.05
2024-03-25 16:58:35.1460,0.06,-2.73,-0.12,0.02,-0.09,0.12
2024-03-25 16:58:35.1560,0.04,-2.74,-0.46,-0.11,-0.08,0.18
2024-03-25 16:58:35.1660,0.04,-2.89,-0.63,-0.19,-0.07,0.21
2024-03-25 16:58:35.1760,0.14,-3.09,-0.73,-0.22,-0.06,0.19
2024-03-25 16:58:35.1860,0.43,-3.25,-0.94,-0.2,-0.05,0.09
2024-03-25 16:58:35.1960,0.83,-3.13,-1.23,-0.15,-0.04,-0.06
2024-03-25 16:58:35.2060,1.1,-2.86,-1.74,-0.09,-0.01,-0.22
2024-03-25 16:58:35.2160,1.15,-2.35,-2.3,-0.02,0.07,-0.33
2024-03-25 16:58:35.2260,0.87,-1.83,-2.91,0.03,0.18,-0.4
2024-03-25 16:58:35.2360,0.48,-1.28,-3.57,0.07,0.29,-0.42
2024-03-25 16:58:35.2460,0.16,-0.77,-4.1,0.08,0.37,-0.41
2024-03-25 16:58:35.2560,-0.19,-0.37,-4.53,0.09,0.4,-0.38
2024-03-25 16:58:35.2660,-0.4,0.1,-4.69,0.1,0.36,-0.33
2024-03-25 16:58:35.2760,-0.62,0.44,-4.94,0.04,0.25,-0.26
2024-03-25 16:58:35.2860,-0.81,0.68,-5.34,-0.11,0.11,-0.16
2024-03-25 16:58:35.2960,-1.11,0.83,-5.75,-0.3,0.04,-0.0
2024-03-25 16:58:35.3060,-1.28,0.97,-5.74,-0.47,0.02,0.19
2024-03-25 16:58:35.3160,-1.22,1.05,-5.21,-0.59,0.04,0.35
2024-03-25 16:58:35.3260,-0.88,1.11,-4.44,-0.68,0.06,0.47
2024-03-25 16:58:35.3360,-0.47,1.06,-3.81,-0.76,0.1,0.57
2024-03-25 16:58:35.3470,-0.18,0.95,-2.97,-0.75,0.15,0.65
2024-03-25 16:58:35.3560,0.0,0.71,-1.66,-0.65,0.17,0.69
2024-03-25 16:58:35.3660,0.23,0.42,-0.19,-0.51,0.13,0.68
2024-03-25 16:58:35.3760,0.57,0.24,0.71,-0.43,0.01,0.62
2024-03-25 16:58:35.3860,0.91,0.29,0.86,-0.45,-0.15,0.54
2024-03-25 16:58:35.3960,1.17,0.46,0.67,-0.51,-0.3,0.44
2024-03-25 16:58:35.4060,1.36,0.64,0.72,-0.54,-0.35,0.36
2024-03-25 16:58:35.4160,1.49,0.82,1.2,-0.48,-0.29,0.28
2024-03-25 16:58:35.4260,1.61,0.99,1.77,-0.37,-0.12,0.21
2024-03-25 16:58:35.4360,1.74,1.11,2.21,-0.21,0.12,0.14
2024-03-25 16:58:35.4460,1.75,1.15,2.7,-0.04,0.34,0.07
2024-03-25 16:58:35.4560,1.6,1.25,3.21,0.09,0.45,0.0
2024-03-25 16:58:35.4660,1.26,1.37,3.52,0.17,0.46,-0.05
2024-03-25 16:58:35.4760,0.89,1.42,3.81,0.21,0.41,-0.11
2024-03-25 16:58:35.4860,0.57,1.41,4.05,0.25,0.33,-0.13
2024-03-25 16:58:35.4960,0.22,1.41,4.42,0.31,0.29,-0.14
2024-03-25 16:58:35.5060,0.01,1.39,4.68,0.46,0.22,-0.14
2024-03-25 16:58:35.5160,-0.14,1.32,4.94,0.63,0.19,-0.11
2024-03-25 16:58:35.5260,-0.26,1.21,4.77,0.78,0.18,-0.11
2024-03-25 16:58:35.5360,-0.14,1.17,4.2,0.87,0.14,-0.13
2024-03-25 16:58:35.5460,-0.04,1.23,3.42,0.85,0.08,-0.15
2024-03-25 16:58:35.5560,-0.2,1.3,2.63,0.74,0.07,-0.1
2024-03-25 16:58:35.5660,-0.82,1.04,2.09,0.61,0.14,0.07
2024-03-25 16:58:35.5760,-1.67,0.37,2.3,0.6,0.19,0.3
2024-03-25 16:58:35.5860,-2.04,-0.53,3.08,0.69,0.12,0.44
2024-03-25 16:58:35.5960,-1.51,-1.63,3.41,0.8,-0.03,0.43
2024-03-25 16:58:35.6060,-0.69,-2.82,2.8,0.88,-0.22,0.33
2024-03-25 16:58:35.6160,-0.22,-3.47,1.88,0.85,-0.34,0.19
2024-03-25 16:58:35.6260,0.1,-3.74,0.43,0.71,-0.39,0.07
2024-03-25 16:58:35.6360,-0.04,-3.64,-0.65,0.52,-0.35,0.03
2024-03-25 16:58:35.6460,-0.38,-3.37,-1.41,0.28,-0.22,0.05
2024-03-25 16:58:35.6560,-0.8,-3.15,-1.95,0.05,-0.06,0.11
2024-03-25 16:58:35.6660,-1.25,-2.92,-2.12,-0.2,0.08,0.19
2024-03-25 16:58:35.6760,-1.58,-2.64,-2.24,-0.45,0.16,0.26
2024-03-25 16:58:35.6860,-1.69,-2.3,-2.02,-0.63,0.16,0.27
2024-03-25 16:58:35.6960,-1.6,-1.92,-1.54,-0.75,0.14,0.27
2024-03-25 16:58:35.7060,-1.54,-1.63,-1.18,-0.79,0.08,0.27
2024-03-25 16:58:35.7160,-1.51,-1.25,-0.79,-0.75,0.02,0.27
2024-03-25 16:58:35.7260,-1.45,-0.85,-0.71,-0.69,-0.03,0.29
2024-03-25 16:58:35.7370,-1.28,-0.45,-1.01,-0.62,-0.08,0.31
2024-03-25 16:58:35.7460,-1.04,-0.1,-1.46,-0.53,-0.1,0.33
2024-03-25 16:58:35.7560,-0.81,0.17,-1.94,-0.45,-0.09,0.36
2024-03-25 16:58:35.7660,-0.64,0.36,-2.53,-0.37,-0.08,0.39
2024-03-25 16:58:35.7760,-0.47,0.44,-3.12,-0.32,-0.07,0.43
2024-03-25 16:58:35.7860,-0.27,0.42,-3.65,-0.26,-0.06,0.47
2024-03-25 16:58:35.7960,-0.12,0.32,-3.99,-0.22,-0.07,0.49
2024-03-25 16:58:35.8060,0.15,0.2,-4.4,-0.23,-0.09,0.48
2024-03-25 16:58:35.8160,0.42,0.07,-4.87,-0.29,-0.07,0.5
2024-03-25 16:58:35.8260,0.38,-0.07,-5.1,-0.32,-0.04,0.51
2024-03-25 16:58:35.8360,0.55,-0.15,-4.69,-0.32,-0.01,0.47
2024-03-25 16:58:35.8460,0.95,-0.28,-4.33,-0.35,0.03,0.39
2024-03-25 16:58:35.8560,1.2,-0.41,-4.06,-0.38,0.06,0.29
2024-03-25 16:58:35.8660,1.3,-0.34,-3.56,-0.43,0.12,0.22
2024-03-25 16:58:35.8760,1.11,-0.21,-3.03,-0.48,0.19,0.21
2024-03-25 16:58:35.8860,0.74,0.02,-2.18,-0.47,0.26,0.22
2024-03-25 16:58:35.8960,0.47,0.26,-0.99,-0.41,0.32,0.23
2024-03-25 16:58:35.9060,0.31,0.43,0.12,-0.29,0.3,0.22
2024-03-25 16:58:35.9160,0.34,0.57,1.06,-0.15,0.17,0.15
2024-03-25 16:58:35.9260,0.42,0.67,1.7,-0.05,0.0,0.06
2024-03-25 16:58:35.9360,0.45,0.72,1.9,0.01,-0.14,-0.05
2024-03-25 16:58:35.9460,0.49,0.82,1.99,0.05,-0.21,-0.15
2024-03-25 16:58:35.9560,0.34,1.03,1.99,0.04,-0.2,-0.17
2024-03-25 16:58:35.9660,-0.15,1.27,2.11,0.05,-0.13,-0.1
2024-03-25 16:58:35.9760,-0.57,1.58,2.58,0.06,-0.06,0.0
2024-03-25 16:58:35.9860,-0.68,1.73,2.96,0.06,-0.04,0.07
2024-03-25 16:58:35.9960,-0.47,1.56,3.23,0.07,-0.07,0.04
2024-03-25 16:58:36.0060,-0.12,1.18,3.68,0.17,-0.14,-0.06
2024-03-25 16:58:36.0160,0.18,0.87,4.4,0.37,-0.26,-0.23
2024-03-25 16:58:36.0260,0.46,0.73,4.91,0.57,-0.39,-0.44
2024-03-25 16:58:36.0360,0.6,0.94,4.72,0.68,-0.47,-0.61
2024-03-25 16:58:36.0460,0.5,1.53,3.8,0.66,-0.46,-0.69
2024-03-25 16:58:36.0560,0.22,2.22,3.02,0.56,-0.3,-0.64
2024-03-25 16:58:36.0660,-0.35,2.52,2.72,0.44,-0.08,-0.39
2024-03-25 16:58:36.0760,-1.18,2.24,3.1,0.5,0.08,-0.1
2024-03-25 16:58:36.0860,-1.18,1.26,4.38,0.61,0.1,0.05
2024-03-25 16:58:36.0960,-0.38,-0.11,4.61,0.66,-0.02,0.09
2024-03-25 16:58:36.1060,0.29,-1.31,3.96,0.67,-0.22,0.03
2024-03-25 16:58:36.1160,0.98,-2.22,3.33,0.66,-0.37,-0.1
2024-03-25 16:58:36.1260,1.53,-2.85,2.82,0.67,-0.4,-0.25
2024-03-25 16:58:36.1360,1.78,-3.1,2.38,0.7,-0.31,-0.36
2024-03-25 16:58:36.1460,1.6,-3.13,1.73,0.67,-0.18,-0.4
2024-03-25 16:58:36.1560,1.15,-2.94,0.87,0.53,-0.06,-0.38
2024-03-25 16:58:36.1660,0.54,-2.68,-0.2,0.3,0.04,-0.28
2024-03-25 16:58:36.1760,-0.13,-2.5,-1.06,0.01,0.13,-0.13
2024-03-25 16:58:36.1860,-0.72,-2.53,-1.58,-0.27,0.22,0.04
2024-03-25 16:58:36.1960,-0.99,-2.82,-1.54,-0.44,0.25,0.13
2024-03-25 16:58:36.2060,-0.68,-3.2,-1.11,-0.52,0.22,0.07
2024-03-25 16:58:36.2160,0.05,-3.32,-0.89,-0.52,0.12,-0.09
2024-03-25 16:58:36.2260,0.62,-3.0,-0.88,-0.46,0.02,-0.29
2024-03-25 16:58:36.2360,0.85,-2.51,-1.09,-0.38,-0.04,-0.44
2024-03-25 16:58:36.2460,0.74,-1.9,-1.53,-0.28,-0.0,-0.54
2024-03-25 16:58:36.2560,0.58,-1.26,-2.11,-0.19,0.07,-0.61
2024-03-25 16:58:36.2660,0.37,-0.75,-2.86,-0.12,0.18,-0.61
2024-03-25 16:58:36.2760,0.06,-0.2,-3.51,-0.09,0.24,-0.57
2024-03-25 16:58:36.2860,-0.31,0.33,-4.25,-0.12,0.26,-0.48
2024-03-25 16:58:36.2960,-0.51,0.7,-4.88,-0.16,0.22,-0.39
2024-03-25 16:58:36.3060,-0.59,0.93,-5.11,-0.19,0.13,-0.29
2024-03-25 16:58:36.3160,-0.6,1.07,-5.02,-0.23,0.06,-0.2
2024-03-25 16:58:36.3260,-0.46,1.07,-4.95,-0.26,0.02,-0.1
2024-03-25 16:58:36.3360,-0.31,0.93,-4.79,-0.3,0.0,0.01
2024-03-25 16:58:36.3460,-0.19,0.7,-4.5,-0.35,-0.01,0.1
2024-03-25 16:58:36.3560,-0.03,0.37,-4.06,-0.37,-0.04,0.18
2024-03-25 16:58:36.3660,0.15,0.22,-3.6,-0.4,-0.09,0.24
2024-03-25 16:58:36.3760,0.19,0.14,-3.33,-0.44,-0.15,0.29
2024-03-25 16:58:36.3860,0.37,0.19,-3.26,-0.54,-0.26,0.32
2024-03-25 16:58:36.3960,0.6,0.41,-3.25,-0.71,-0.4,0.37
2024-03-25 16:58:36.4060,0.58,0.64,-3.05,-0.85,-0.49,0.45
2024-03-25 16:58:36.4160,0.67,0.64,-2.2,-0.87,-0.49,0.51
2024-03-25 16:58:36.4260,1.08,0.5,-0.93,-0.79,-0.39,0.51
2024-03-25 16:58:36.4360,1.68,0.38,0.12,-0.69,-0.27,0.44
2024-03-25 16:58:36.4460,2.19,0.32,0.64,-0.63,-0.18,0.32
2024-03-25 16:58:36.4560,2.49,0.38,0.85,-0.64,-0.11,0.19
2024-03-25 16:58:36.4650,2.54,0.49,1.08,-0.65,-0.03,0.08
2024-03-25 16:58:36.4760,2.17,0.6,1.79,-0.59,0.06,0.05
2024-03-25 16:58:36.4850,1.55,0.76,3.0,-0.47,0.16,0.05
2024-03-25 16:58:36.4960,1.26,0.9,4.04,-0.33,0.24,0.02
2024-03-25 16:58:36.5060,1.29,0.89,4.68,-0.22,0.28,-0.08
2024-03-25 16:58:36.5150,1.43,0.86,5.06,-0.08,0.29,-0.23
2024-03-25 16:58:36.5250,1.45,0.93,5.46,0.09,0.3,-0.34
2024-03-25 16:58:36.5360,1.11,0.91,5.88,0.3,0.31,-0.42
2024-03-25 16:58:36.5460,0.65,0.97,6.23,0.51,0.28,-0.47
2024-03-25 16:58:36.5560,0.39,1.1,6.17,0.68,0.19,-0.51
2024-03-25 16:58:36.5650,0.19,1.43,5.75,0.73,0.1,-0.5
2024-03-25 16:58:36.5760,-0.13,1.77,4.85,0.64,0.05,-0.41
2024-03-25 16:58:36.5850,-0.84,1.74,3.98,0.48,0.11,-0.19
2024-03-25 16:58:36.5950,-1.64,1.34,3.67,0.39,0.24,0.11
2024-03-25 16:58:36.6050,-1.98,0.45,4.39,0.53,0.26,0.29
2024-03-25 16:58:36.6150,-1.22,-0.93,5.37,0.74,0.23,0.29
2024-03-25 16:58:36.6250,-0.35,-2.54,5.17,0.93,0.1,0.14
2024-03-25 16:58:36.6350,0.37,-3.63,4.24,0.99,-0.07,-0.1
2024-03-25 16:58:36.6450,0.63,-4.33,2.65,0.89,-0.18,-0.28
2024-03-25 16:58:36.6550,0.25,-4.46,1.12,0.73,-0.2,-0.37
2024-03-25 16:58:36.6650,-0.49,-4.33,0.31,0.57,-0.14,-0.35
2024-03-25 16:58:36.6750,-1.27,-4.07,-0.13,0.45,-0.03,-0.27
2024-03-25 16:58:36.6850,-1.86,-3.84,-0.47,0.35,0.06,-0.21
2024-03-25 16:58:36.6950,-2.08,-3.61,-0.96,0.2,0.11,-0.2
2024-03-25 16:58:36.7050,-1.98,-3.12,-1.56,0.05,0.09,-0.21
2024-03-25 16:58:36.7160,-1.96,-2.37,-1.94,-0.08,0.02,-0.22
2024-03-25 16:58:36.7250,-2.04,-1.56,-2.03,-0.19,-0.07,-0.17
2024-03-25 16:58:36.7360,-2.21,-0.86,-2.16,-0.27,-0.13,-0.07
2024-03-25 16:58:36.7450,-2.28,-0.3,-2.29,-0.32,-0.13,0.05
2024-03-25 16:58:36.7610,-2.08,0.1,-2.5,-0.35,-0.13,0.16
2024-03-25 16:58:36.7650,-1.83,0.34,-2.66,-0.34,-0.1,0.26
2024-03-25 16:58:36.7750,-1.47,0.42,-2.76,-0.29,-0.07,0.32
2024-03-25 16:58:36.7850,-1.1,0.42,-2.86,-0.23,-0.05,0.36
2024-03-25 16:58:36.7950,-0.84,0.4,-3.06,-0.19,-0.06,0.38
2024-03-25 16:58:36.8050,-0.69,0.26,-3.43,-0.17,-0.08,0.42
2024-03-25 16:58:36.8150,-0.51,0.2,-3.74,-0.15,-0.12,0.42
2024-03-25 16:58:36.8250,-0.28,0.01,-3.95,-0.14,-0.15,0.41
2024-03-25 16:58:36.8350,0.09,-0.03,-4.29,-0.15,-0.16,0.4
2024-03-25 16:58:36.8450,0.33,-0.07,-4.5,-0.16,-0.13,0.38
2024-03-25 16:58:36.8550,0.62,-0.1,-4.56,-0.18,-0.08,0.35
2024-03-25 16:58:36.8650,0.82,-0.15,-4.64,-0.21,0.01,0.32
2024-03-25 16:58:36.8750,0.94,-0.15,-4.51,-0.22,0.12,0.29
2024-03-25 16:58:36.8850,1.01,-0.1,-4.23,-0.26,0.22,0.26
2024-03-25 16:58:36.8950,0.89,-0.08,-3.83,-0.3,0.26,0.25
2024-03-25 16:58:36.9050,0.71,-0.08,-3.17,-0.32,0.26,0.23
2024-03-25 16:58:36.9150,0.74,-0.04,-2.41,-0.35,0.24,0.17
2024-03-25 16:58:36.9250,0.85,0.0,-1.73,-0.34,0.23,0.11
2024-03-25 16:58:36.9350,0.93,0.02,-0.87,-0.26,0.22,0.03
2024-03-25 16:58:36.9450,0.99,0.05,0.15,-0.14,0.21,-0.07
2024-03-25 16:58:36.9550,0.94,0.14,0.8,-0.08,0.19,-0.15
2024-03-25 16:58:36.9650,0.65,0.29,1.09,-0.06,0.15,-0.18
2024-03-25 16:58:36.9750,0.19,0.58,1.4,-0.08,0.11,-0.19
2024-03-25 16:58:36.9850,-0.19,0.87,1.73,-0.09,0.08,-0.16
2024-03-25 16:58:36.9950,-0.44,1.11,2.31,-0.06,0.03,-0.13
2024-03-25 16:58:37.0050,-0.49,1.3,2.92,-0.02,-0.01,-0.13
2024-03-25 16:58:37.0150,-0.42,1.4,3.36,0.04,-0.08,-0.16
2024-03-25 16:58:37.0250,-0.38,1.42,3.62,0.1,-0.14,-0.21
2024-03-25 16:58:37.0350,-0.27,1.38,3.71,0.18,-0.17,-0.27
2024-03-25 16:58:37.0450,-0.25,1.31,3.86,0.29,-0.17,-0.34
2024-03-25 16:58:37.0550,-0.33,1.2,4.08,0.44,-0.15,-0.44
2024-03-25 16:58:37.0650,-0.22,1.13,4.12,0.61,-0.18,-0.56
2024-03-25 16:58:37.0750,-0.13,1.27,3.86,0.74,-0.22,-0.69
2024-03-25 16:58:37.0850,-0.04,1.69,3.22,0.79,-0.22,-0.76
2024-03-25 16:58:37.0950,-0.11,2.19,2.51,0.76,-0.15,-0.77
2024-03-25 16:58:37.1050,-0.27,2.6,1.91,0.61,-0.06,-0.64
2024-03-25 16:58:37.1150,-0.94,2.68,1.54,0.52,0.03,-0.34
2024-03-25 16:58:37.1250,-1.74,1.94,2.18,0.56,0.14,-0.05
2024-03-25 16:58:37.1350,-1.5,0.69,3.05,0.59,0.22,0.13
2024-03-25 16:58:37.1450,-0.68,-0.82,3.0,0.65,0.14,0.18
2024-03-25 16:58:37.1550,0.09,-2.07,2.96,0.69,-0.04,0.07
2024-03-25 16:58:37.1650,0.92,-3.14,2.66,0.69,-0.21,-0.11
2024-03-25 16:58:37.1750,1.5,-3.69,2.09,0.66,-0.3,-0.28
2024-03-25 16:58:37.1850,1.56,-3.8,1.44,0.64,-0.31,-0.38
2024-03-25 16:58:37.1950,1.22,-3.64,0.93,0.58,-0.25,-0.39
2024-03-25 16:58:37.2050,0.71,-3.31,0.2,0.42,-0.15,-0.32
2024-03-25 16:58:37.2150,0.22,-3.0,-0.79,0.16,-0.04,-0.2
2024-03-25 16:58:37.2250,-0.33,-2.79,-1.56,-0.13,0.07,-0.02
2024-03-25 16:58:37.2350,-0.84,-2.75,-1.84,-0.38,0.13,0.13
2024-03-25 16:58:37.2450,-0.89,-2.94,-1.58,-0.54,0.11,0.13
2024-03-25 16:58:37.2550,-0.35,-2.97,-1.14,-0.61,0.01,0.04
2024-03-25 16:58:37.2650,0.09,-2.62,-0.77,-0.61,-0.09,-0.06
2024-03-25 16:58:37.2750,0.2,-2.11,-0.67,-0.57,-0.16,-0.15
2024-03-25 16:58:37.2850,0.24,-1.6,-0.77,-0.51,-0.16,-0.22
2024-03-25 16:58:37.2950,0.27,-1.12,-1.11,-0.42,-0.1,-0.28
2024-03-25 16:58:37.3050,0.26,-0.61,-1.5,-0.33,-0.02,-0.3
2024-03-25 16:58:37.3150,0.11,-0.14,-1.93,-0.25,0.05,-0.28
2024-03-25 16:58:37.3250,-0.17,0.3,-2.46,-0.19,0.09,-0.22
2024-03-25 16:58:37.3350,-0.3,0.61,-3.0,-0.17,0.1,-0.18
2024-03-25 16:58:37.3450,-0.31,0.84,-3.49,-0.17,0.08,-0.13
2024-03-25 16:58:37.3550,-0.36,0.95,-3.87,-0.17,0.05,-0.06
2024-03-25 16:58:37.3650,-0.39,0.94,-4.1,-0.19,0.02,0.02
2024-03-25 16:58:37.3760,-0.39,0.74,-4.3,-0.22,0.02,0.12
2024-03-25 16:58:37.3850,-0.31,0.4,-4.36,-0.25,0.05,0.19
2024-03-25 16:58:37.3950,-0.1,0.06,-4.14,-0.27,0.08,0.24
2024-03-25 16:58:37.4050,0.1,-0.15,-3.77,-0.28,0.06,0.27
2024-03-25 16:58:37.4150,0.3,-0.15,-3.41,-0.31,0.03,0.27
2024-03-25 16:58:37.4250,0.59,-0.18,-3.08,-0.32,0.02,0.26
2024-03-25 16:58:37.4350,0.87,-0.21,-2.46,-0.31,0.02,0.24
2024-03-25 16:58:37.4450,0.94,-0.18,-1.9,-0.32,0.02,0.24
2024-03-25 16:58:37.4550,0.81,-0.09,-1.5,-0.33,-0.01,0.25
2024-03-25 16:58:37.4650,0.79,0.1,-1.15,-0.36,-0.07,0.24
2024-03-25 16:58:37.4750,0.86,0.31,-0.89,-0.39,-0.12,0.23
2024-03-25 16:58:37.4850,0.93,0.57,-0.62,-0.43,-0.13,0.22
2024-03-25 16:58:37.4950,1.03,0.86,-0.28,-0.44,-0.07,0.21
2024-03-25 16:58:37.5050,1.08,1.16,0.24,-0.45,0.07,0.21
2024-03-25 16:58:37.5150,1.0,1.39,0.85,-0.43,0.25,0.23
2024-03-25 16:58:37.5250,0.86,1.53,1.64,-0.39,0.42,0.24
2024-03-25 16:58:37.5350,0.84,1.58,2.58,-0.32,0.53,0.22
2024-03-25 16:58:37.5450,0.85,1.53,3.49,-0.22,0.56,0.14
2024-03-25 16:58:37.5550,0.9,1.41,4.36,-0.1,0.49,0.03
2024-03-25 16:58:37.5650,0.8,1.32,5.14,0.06,0.35,-0.04
2024-03-25 16:58:37.5750,0.41,1.31,5.76,0.22,0.21,-0.08
2024-03-25 16:58:37.5850,0.08,1.3,6.02,0.37,0.14,-0.08
2024-03-25 16:58:37.5950,-0.08,1.27,5.95,0.55,0.13,-0.07
2024-03-25 16:58:37.6050,-0.08,1.22,5.73,0.72,0.16,-0.07
2024-03-25 16:58:37.6150,0.03,1.27,5.28,0.82,0.18,-0.07
2024-03-25 16:58:37.6250,-0.04,1.33,4.47,0.8,0.2,-0.03
2024-03-25 16:58:37.6350,-0.53,1.16,3.58,0.7,0.26,0.13
2024-03-25 16:58:37.6450,-1.27,0.43,3.15,0.69,0.24,0.31
2024-03-25 16:58:37.6550,-1.42,-0.63,3.59,0.85,0.13,0.36
2024-03-25 16:58:37.6650,-0.6,-1.94,4.02,1.06,-0.03,0.26
2024-03-25 16:58:37.6750,0.29,-3.01,3.47,1.23,-0.22,0.07
2024-03-25 16:58:37.6850,0.8,-3.5,2.1,1.23,-0.33,-0.11
2024-03-25 16:58:37.6950,0.83,-3.74,0.3,1.05,-0.36,-0.22
2024-03-25 16:58:37.7050,0.42,-3.51,-1.21,0.74,-0.3,-0.25
2024-03-25 16:58:37.7150,-0.24,-3.14,-2.31,0.38,-0.19,-0.16
2024-03-25 16:58:37.7250,-1.07,-2.82,-2.58,0.02,-0.07,0.0
2024-03-25 16:58:37.7350,-1.83,-2.62,-2.56,-0.39,-0.09,0.15
2024-03-25 16:58:37.7450,-2.39,-2.61,-2.44,-0.78,-0.13,0.29
2024-03-25 16:58:37.7550,-2.48,-2.41,-1.74,-1.0,-0.18,0.32
2024-03-25 16:58:37.7650,-1.97,-2.17,-0.52,-1.11,-0.27,0.32
2024-03-25 16:58:37.7750,-1.88,-1.83,0.31,-1.03,-0.26,0.31
2024-03-25 16:58:37.7850,-1.64,-1.4,1.31,-0.81,-0.2,0.3
2024-03-25 16:58:37.7950,-1.41,-0.97,1.67,-0.61,-0.12,0.3
2024-03-25 16:58:37.8050,-1.15,-0.53,1.1,-0.48,-0.09,0.3
2024-03-25 16:58:37.8150,-0.84,-0.1,0.12,-0.3,-0.04,0.27
2024-03-25 16:58:37.8250,-0.37,0.33,-0.58,-0.19,0.03,0.26
2024-03-25 16:58:37.8350,0.0,0.4,-1.43,-0.06,0.09,0.25
2024-03-25 16:58:37.8450,0.45,0.55,-2.18,0.02,0.05,0.22
2024-03-25 16:58:37.8550,0.46,0.65,-3.01,0.0,-0.05,0.24
2024-03-25 16:58:37.8650,0.36,0.76,-3.89,-0.02,-0.18,0.27
2024-03-25 16:58:37.8750,0.39,0.8,-4.38,-0.05,-0.25,0.31
2024-03-25 16:58:37.8850,0.56,0.64,-4.76,-0.09,-0.23,0.34
2024-03-25 16:58:37.8950,0.8,0.32,-5.09,-0.11,-0.12,0.37
2024-03-25 16:58:37.9050,0.97,-0.05,-5.04,-0.09,0.03,0.37
2024-03-25 16:58:37.9150,1.1,-0.35,-4.69,-0.07,0.15,0.31
2024-03-25 16:58:37.9250,1.37,-0.56,-4.35,-0.05,0.2,0.2
2024-03-25 16:58:37.9350,1.42,-0.64,-4.08,-0.08,0.18,0.11
2024-03-25 16:58:37.9450,1.12,-0.56,-3.84,-0.13,0.11,0.04
2024-03-25 16:58:37.9550,0.66,-0.35,-3.32,-0.16,0.03,0.02
2024-03-25 16:58:37.9650,0.3,-0.09,-2.61,-0.17,-0.01,0.02
2024-03-25 16:58:37.9750,0.1,0.19,-2.07,-0.19,0.0,0.04
2024-03-25 16:58:37.9850,0.04,0.41,-1.64,-0.19,0.02,0.03
2024-03-25 16:58:37.9950,0.16,0.54,-1.2,-0.19,0.05,-0.01
2024-03-25 16:58:38.0050,0.33,0.63,-0.74,-0.2,0.07,-0.07
2024-03-25 16:58:38.0150,0.27,0.74,-0.2,-0.25,0.07,-0.1
2024-03-25 16:58:38.0250,-0.07,0.81,0.4,-0.33,0.07,-0.1
2024-03-25 16:58:38.0350,-0.4,0.89,0.99,-0.44,0.1,-0.07
2024-03-25 16:58:38.0450,-0.73,1.03,1.68,-0.52,0.15,-0.0
2024-03-25 16:58:38.0550,-0.96,1.1,2.62,-0.53,0.16,0.05
2024-03-25 16:58:38.0650,-1.01,1.06,3.76,-0.46,0.1,0.06
2024-03-25 16:58:38.0750,-0.83,0.91,4.78,-0.32,-0.01,-0.0
2024-03-25 16:58:38.0850,-0.48,0.72,5.46,-0.15,-0.16,-0.13
2024-03-25 16:58:38.0950,-0.11,0.59,5.65,0.03,-0.3,-0.31
2024-03-25 16:58:38.1050,0.12,0.6,5.5,0.22,-0.44,-0.49
2024-03-25 16:58:38.1150,0.14,0.83,5.04,0.36,-0.54,-0.64
2024-03-25 16:58:38.1250,0.15,1.4,4.14,0.45,-0.58,-0.73
2024-03-25 16:58:38.1350,0.08,2.24,3.16,0.44,-0.52,-0.71
2024-03-25 16:58:38.1450,-0.26,2.79,2.18,0.34,-0.39,-0.56
2024-03-25 16:58:38.1550,-0.63,2.98,1.64,0.27,-0.21,-0.31
2024-03-25 16:58:38.1650,-0.87,2.45,2.08,0.33,-0.04,-0.06
2024-03-25 16:58:38.1750,-0.56,1.22,2.97,0.4,0.05,0.02
2024-03-25 16:58:38.1850,0.3,-0.44,2.98,0.45,0.01,0.01
2024-03-25 16:58:38.1950,0.9,-1.67,2.71,0.49,-0.1,-0.09
2024-03-25 16:58:38.2050,1.37,-2.61,2.51,0.53,-0.2,-0.23
2024-03-25 16:58:38.2150,1.54,-3.27,2.05,0.53,-0.26,-0.36
2024-03-25 16:58:38.2250,1.46,-3.51,1.32,0.46,-0.22,-0.43
2024-03-25 16:58:38.2350,1.06,-3.48,0.52,0.37,-0.12,-0.42
2024-03-25 16:58:38.2450,0.41,-3.29,-0.07,0.27,-0.01,-0.33
2024-03-25 16:58:38.2550,-0.22,-3.05,-0.44,0.12,0.06,-0.24
2024-03-25 16:58:38.2650,-0.66,-2.92,-0.99,-0.11,0.06,-0.14
2024-03-25 16:58:38.2750,-1.04,-2.96,-1.47,-0.34,0.05,-0.05
2024-03-25 16:58:38.2850,-1.3,-3.09,-1.44,-0.49,0.01,-0.01
2024-03-25 16:58:38.2950,-1.25,-3.12,-1.05,-0.56,-0.05,-0.05
2024-03-25 16:58:38.3050,-0.86,-2.79,-0.71,-0.54,-0.14,-0.13
2024-03-25 16:58:38.3150,-0.59,-2.15,-0.63,-0.5,-0.21,-0.21
2024-03-25 16:58:38.3250,-0.41,-1.48,-0.99,-0.45,-0.22,-0.27
2024-03-25 16:58:38.3350,-0.27,-0.84,-1.57,-0.4,-0.17,-0.31
2024-03-25 16:58:38.3450,-0.17,-0.3,-2.16,-0.36,-0.1,-0.32
2024-03-25 16:58:38.3550,-0.2,0.21,-2.71,-0.35,-0.02,-0.29
2024-03-25 16:58:38.3650,-0.34,0.71,-3.16,-0.34,0.03,-0.24
2024-03-25 16:58:38.3750,-0.45,1.05,-3.39,-0.33,0.07,-0.15
2024-03-25 16:58:38.3850,-0.57,1.24,-3.47,-0.3,0.13,-0.05
2024-03-25 16:58:38.3950,-0.59,1.2,-3.38,-0.21,0.2,0.07
2024-03-25 16:58:38.4050,-0.57,0.97,-3.0,-0.1,0.25,0.16
2024-03-25 16:58:38.4150,-0.27,0.63,-2.85,-0.07,0.26,0.2
2024-03-25 16:58:38.4250,0.12,0.2,-3.16,-0.11,0.23,0.22
2024-03-25 16:58:38.4350,0.22,-0.13,-3.23,-0.12,0.19,0.21
2024-03-25 16:58:38.4450,0.28,-0.44,-2.64,-0.05,0.17,0.17
2024-03-25 16:58:38.4550,0.47,-0.68,-1.92,0.04,0.17,0.11
2024-03-25 16:58:38.4650,0.42,-0.76,-1.7,0.08,0.16,0.09
2024-03-25 16:58:38.4750,0.18,-0.61,-1.87,0.06,0.11,0.11
2024-03-25 16:58:38.4850,0.07,-0.25,-2.09,-0.05,0.0,0.14
2024-03-25 16:58:38.4950,0.03,0.25,-2.23,-0.2,-0.14,0.2
2024-03-25 16:58:38.5050,0.12,0.81,-2.18,-0.35,-0.24,0.26
2024-03-25 16:58:38.5150,0.39,1.11,-1.9,-0.43,-0.25,0.3
2024-03-25 16:58:38.5250,0.84,1.23,-1.23,-0.41,-0.14,0.3
2024-03-25 16:58:38.5350,1.21,1.21,-0.46,-0.37,0.01,0.26
2024-03-25 16:58:38.5440,1.53,1.22,0.2,-0.34,0.14,0.18
2024-03-25 16:58:38.5550,1.73,1.3,0.73,-0.33,0.21,0.08
2024-03-25 16:58:38.5650,1.65,1.41,1.36,-0.28,0.26,-0.0
2024-03-25 16:58:38.5750,1.39,1.49,2.13,-0.22,0.28,-0.06
2024-03-25 16:58:38.5850,1.09,1.59,2.77,-0.16,0.31,-0.09
2024-03-25 16:58:38.5950,0.69,1.62,3.23,-0.11,0.31,-0.06
2024-03-25 16:58:38.6050,0.32,1.58,3.76,-0.03,0.29,-0.05
2024-03-25 16:58:38.6150,0.3,1.45,4.22,0.03,0.28,-0.08
2024-03-25 16:58:38.6240,0.4,1.19,4.39,0.1,0.3,-0.12
2024-03-25 16:58:38.6350,0.35,0.85,4.65,0.21,0.35,-0.18
2024-03-25 16:58:38.6440,0.19,0.53,4.96,0.39,0.39,-0.22
2024-03-25 16:58:38.6550,-0.15,0.48,5.19,0.59,0.39,-0.25
2024-03-25 16:58:38.6650,-0.4,0.51,5.09,0.75,0.36,-0.31
2024-03-25 16:58:38.6750,-0.32,0.64,4.45,0.84,0.29,-0.33
2024-03-25 16:58:38.6850,-0.53,0.84,3.78,0.85,0.21,-0.3
2024-03-25 16:58:38.6950,-0.99,0.89,3.09,0.77,0.17,-0.16
2024-03-25 16:58:38.7050,-1.75,0.7,2.53,0.71,0.17,0.1
2024-03-25 16:58:38.7140,-2.56,0.11,2.56,0.74,0.15,0.36
2024-03-25 16:58:38.7240,-2.41,-0.95,2.8,0.89,0.05,0.45
2024-03-25 16:58:38.7340,-1.36,-2.2,2.6,1.05,-0.07,0.41
2024-03-25 16:58:38.7440,-0.78,-3.37,1.58,1.09,-0.26,0.29
2024-03-25 16:58:38.7550,-0.29,-3.82,-0.02,0.97,-0.41,0.12
2024-03-25 16:58:38.7640,-0.12,-3.88,-1.63,0.72,-0.46,0.03
2024-03-25 16:58:38.7740,-0.52,-3.41,-2.89,0.37,-0.4,0.04
2024-03-25 16:58:38.7850,-1.21,-2.89,-3.67,-0.1,-0.33,0.16
2024-03-25 16:58:38.7950,-2.06,-2.33,-4.07,-0.51,-0.26,0.36
2024-03-25 16:58:38.8050,-2.54,-1.8,-3.2,-0.78,-0.14,0.54
2024-03-25 16:58:38.8150,-2.51,-1.55,-1.66,-0.89,-0.03,0.68
2024-03-25 16:58:38.8240,-2.28,-1.37,-0.36,-0.93,0.03,0.75
2024-03-25 16:58:38.8350,-1.85,-1.37,0.4,-0.85,0.05,0.75
2024-03-25 16:58:38.8450,-1.25,-1.31,1.0,-0.7,0.0,0.71
2024-03-25 16:58:38.8550,-0.77,-1.09,1.1,-0.57,-0.1,0.64
2024-03-25 16:58:38.8650,-0.41,-0.86,0.59,-0.53,-0.15,0.61
2024-03-25 16:58:38.8750,-0.1,-0.61,-0.36,-0.52,-0.19,0.56
2024-03-25 16:58:38.8850,0.22,-0.37,-1.09,-0.52,-0.14,0.56
2024-03-25 16:58:38.8950,0.35,-0.38,-1.5,-0.45,-0.0,0.6
2024-03-25 16:58:38.9050,0.37,-0.44,-1.46,-0.31,0.12,0.6
2024-03-25 16:58:38.9140,0.68,-0.61,-1.5,-0.18,0.18,0.55
2024-03-25 16:58:38.9240,1.11,-0.92,-1.97,-0.04,0.14,0.42
2024-03-25 16:58:38.9340,1.39,-1.16,-2.27,0.1,-0.01,0.26
2024-03-25 16:58:38.9440,1.41,-1.17,-2.63,0.16,-0.19,0.11
2024-03-25 16:58:38.9540,1.38,-0.92,-3.46,0.13,-0.32,0.01
2024-03-25 16:58:38.9650,1.24,-0.6,-4.33,0.06,-0.38,-0.05
2024-03-25 16:58:38.9740,1.03,-0.17,-4.77,-0.07,-0.32,-0.02
2024-03-25 16:58:38.9840,0.65,0.27,-5.08,-0.21,-0.15,0.07
2024-03-25 16:58:38.9940,0.48,0.73,-4.99,-0.33,0.08,0.16
2024-03-25 16:58:39.0040,0.48,0.94,-4.48,-0.39,0.24,0.22
2024-03-25 16:58:39.0140,0.5,0.91,-3.47,-0.38,0.32,0.23
2024-03-25 16:58:39.0240,0.62,0.64,-2.25,-0.33,0.32,0.17
2024-03-25 16:58:39.0340,0.7,0.34,-1.17,-0.29,0.24,0.08
2024-03-25 16:58:39.0440,0.71,0.19,-0.3,-0.27,0.12,-0.02
2024-03-25 16:58:39.0540,0.61,0.17,0.4,-0.24,-0.02,-0.1
2024-03-25 16:58:39.0640,0.41,0.32,1.1,-0.19,-0.15,-0.14
2024-03-25 16:58:39.0740,0.09,0.58,1.71,-0.15,-0.23,-0.15
2024-03-25 16:58:39.0840,-0.02,0.89,1.97,-0.14,-0.25,-0.15
2024-03-25 16:58:39.0940,-0.11,1.15,2.02,-0.13,-0.21,-0.13
2024-03-25 16:58:39.1050,-0.19,1.38,2.23,-0.08,-0.15,-0.13
2024-03-25 16:58:39.1140,-0.14,1.48,2.68,0.02,-0.09,-0.17
2024-03-25 16:58:39.1240,-0.1,1.53,3.13,0.12,-0.08,-0.23
2024-03-25 16:58:39.1340,-0.16,1.51,3.32,0.23,-0.12,-0.3
2024-03-25 16:58:39.1440,-0.29,1.49,3.45,0.34,-0.16,-0.36
2024-03-25 16:58:39.1540,-0.43,1.46,3.47,0.43,-0.22,-0.41
2024-03-25 16:58:39.1640,-0.54,1.49,3.3,0.53,-0.29,-0.45
2024-03-25 16:58:39.1740,-0.62,1.5,3.03,0.61,-0.35,-0.48
2024-03-25 16:58:39.1840,-0.57,1.5,2.68,0.69,-0.41,-0.53
2024-03-25 16:58:39.1940,-0.31,1.57,2.28,0.74,-0.45,-0.59
2024-03-25 16:58:39.2040,-0.13,1.75,1.82,0.75,-0.43,-0.6
2024-03-25 16:58:39.2140,-0.07,1.96,1.25,0.68,-0.35,-0.55
2024-03-25 16:58:39.2240,-0.02,2.09,0.74,0.58,-0.24,-0.42
2024-03-25 16:58:39.2340,-0.1,1.86,0.66,0.49,-0.11,-0.23
2024-03-25 16:58:39.2440,-0.07,1.13,0.89,0.41,0.01,-0.09
2024-03-25 16:58:39.2540,0.26,-0.09,1.21,0.39,0.11,0.02
2024-03-25 16:58:39.2640,0.48,-1.21,1.72,0.4,0.09,0.06
2024-03-25 16:58:39.2740,0.74,-2.19,1.93,0.4,-0.02,-0.01
2024-03-25 16:58:39.2840,1.17,-3.04,1.74,0.39,-0.15,-0.15
2024-03-25 16:58:39.2940,1.57,-3.48,1.36,0.34,-0.21,-0.3
2024-03-25 16:58:39.3040,1.63,-3.58,0.83,0.27,-0.18,-0.39
2024-03-25 16:58:39.3140,1.28,-3.38,0.3,0.18,-0.08,-0.39
2024-03-25 16:58:39.3240,0.66,-3.03,-0.23,0.04,0.02,-0.3
2024-03-25 16:58:39.3340,-0.06,-2.73,-0.75,-0.18,0.12,-0.15
2024-03-25 16:58:39.3440,-0.57,-2.61,-1.22,-0.44,0.2,-0.0
2024-03-25 16:58:39.3540,-0.78,-2.75,-1.28,-0.65,0.24,0.07
2024-03-25 16:58:39.3640,-0.59,-3.04,-0.77,-0.77,0.25,0.02
2024-03-25 16:58:39.3740,-0.21,-3.1,-0.19,-0.79,0.21,-0.1
2024-03-25 16:58:39.3840,0.07,-2.85,0.3,-0.69,0.17,-0.27
2024-03-25 16:58:39.3940,0.17,-2.42,0.63,-0.54,0.13,-0.42
2024-03-25 16:58:39.4040,-0.01,-1.83,0.46,-0.4,0.12,-0.54
2024-03-25 16:58:39.4140,-0.27,-1.18,-0.11,-0.29,0.14,-0.58
2024-03-25 16:58:39.4240,-0.7,-0.55,-0.91,-0.22,0.17,-0.53
2024-03-25 16:58:39.4340,-1.31,0.18,-1.65,-0.21,0.15,-0.41
2024-03-25 16:58:39.4440,-1.63,0.65,-2.42,-0.23,0.11,-0.3
2024-03-25 16:58:39.4540,-1.47,0.92,-2.95,-0.23,0.07,-0.24
2024-03-25 16:58:39.4640,-1.2,0.9,-3.22,-0.19,0.06,-0.19
2024-03-25 16:58:39.4740,-0.98,0.79,-3.23,-0.1,0.06,-0.13
2024-03-25 16:58:39.4840,-0.93,0.62,-3.17,-0.01,0.08,-0.06
2024-03-25 16:58:39.4940,-0.96,0.3,-3.21,0.01,0.06,0.01
2024-03-25 16:58:39.5040,-1.01,0.07,-3.41,-0.06,0.01,0.1
2024-03-25 16:58:39.5140,-0.99,-0.02,-3.64,-0.16,-0.05,0.2
2024-03-25 16:58:39.5240,-0.92,0.0,-3.51,-0.23,-0.12,0.31
2024-03-25 16:58:39.5340,-0.87,0.02,-2.96,-0.24,-0.18,0.4
2024-03-25 16:58:39.5440,-0.64,0.03,-2.38,-0.22,-0.25,0.46
2024-03-25 16:58:39.5540,-0.36,-0.07,-2.11,-0.21,-0.31,0.47
2024-03-25 16:58:39.5640,-0.05,-0.21,-1.97,-0.21,-0.36,0.43
2024-03-25 16:58:39.5740,0.33,-0.24,-1.86,-0.24,-0.4,0.37
2024-03-25 16:58:39.5840,0.57,-0.04,-1.68,-0.29,-0.42,0.32
2024-03-25 16:58:39.5940,0.71,0.37,-1.29,-0.32,-0.39,0.3
2024-03-25 16:58:39.6040,0.91,0.83,-0.7,-0.33,-0.32,0.29
2024-03-25 16:58:39.6140,1.05,1.16,-0.15,-0.32,-0.21,0.28
2024-03-25 16:58:39.6240,1.19,1.44,0.29,-0.31,-0.08,0.26
2024-03-25 16:58:39.6340,1.37,1.53,0.71,-0.29,0.05,0.2
2024-03-25 16:58:39.6440,1.52,1.47,1.41,-0.21,0.17,0.1
2024-03-25 16:58:39.6540,1.49,1.41,2.33,-0.11,0.25,0.0
2024-03-25 16:58:39.6640,1.32,1.36,3.07,-0.0,0.28,-0.1
2024-03-25 16:58:39.6740,1.05,1.36,3.67,0.1,0.27,-0.17
2024-03-25 16:58:39.6840,0.7,1.42,4.14,0.2,0.22,-0.21
2024-03-25 16:58:39.6940,0.4,1.48,4.49,0.32,0.2,-0.24
2024-03-25 16:58:39.7040,0.26,1.41,4.73,0.47,0.23,-0.27
2024-03-25 16:58:39.7140,0.19,1.24,4.83,0.61,0.31,-0.3
2024-03-25 16:58:39.7240,0.13,1.11,4.54,0.7,0.35,-0.34
2024-03-25 16:58:39.7340,-0.08,1.11,4.05,0.74,0.32,-0.37
2024-03-25 16:58:39.7440,-0.34,1.22,3.53,0.68,0.28,-0.36
2024-03-25 16:58:39.7540,-0.77,1.24,3.11,0.56,0.24,-0.26
2024-03-25 16:58:39.7640,-1.39,1.23,3.17,0.48,0.2,-0.06
2024-03-25 16:58:39.7740,-1.98,0.96,3.76,0.52,0.21,0.19
2024-03-25 16:58:39.7840,-1.98,-0.01,4.64,0.64,0.17,0.33
2024-03-25 16:58:39.7940,-1.11,-1.42,4.86,0.75,0.04,0.29
2024-03-25 16:58:39.8040,0.07,-2.83,4.27,0.88,-0.16,0.13
2024-03-25 16:58:39.8140,0.75,-3.7,3.45,0.93,-0.32,-0.07
2024-03-25 16:58:39.8240,0.86,-4.19,2.14,0.85,-0.42,-0.21
2024-03-25 16:58:39.8340,0.43,-4.05,0.66,0.69,-0.41,-0.22
2024-03-25 16:58:39.8440,-0.33,-3.59,-0.46,0.52,-0.32,-0.13
2024-03-25 16:58:39.8540,-0.98,-3.18,-1.2,0.34,-0.16,-0.01
2024-03-25 16:58:39.8640,-1.44,-2.8,-1.9,0.12,-0.04,0.08
2024-03-25 16:58:39.8740,-1.41,-2.5,-2.65,-0.15,0.04,0.11
2024-03-25 16:58:39.8840,-1.26,-1.96,-3.09,-0.42,-0.02,0.16
2024-03-25 16:58:39.8940,-1.32,-1.26,-2.91,-0.54,-0.08,0.22
2024-03-25 16:58:39.9040,-1.31,-0.79,-2.24,-0.58,-0.05,0.3
2024-03-25 16:58:39.9140,-1.09,-0.59,-2.08,-0.59,0.01,0.37
2024-03-25 16:58:39.9240,-0.8,-0.43,-2.23,-0.59,0.04,0.41
2024-03-25 16:58:39.9340,-0.49,-0.32,-2.5,-0.61,0.03,0.42
2024-03-25 16:58:39.9440,-0.32,-0.22,-2.87,-0.64,0.0,0.43
2024-03-25 16:58:39.9540,-0.22,-0.15,-3.14,-0.63,-0.02,0.43
2024-03-25 16:58:39.9640,-0.17,-0.15,-3.2,-0.57,-0.0,0.43
2024-03-25 16:58:39.9740,-0.06,-0.21,-3.19,-0.48,0.04,0.42
2024-03-25 16:58:39.9840,0.08,-0.34,-3.13,-0.37,0.07,0.39
2024-03-25 16:58:39.9940,0.19,-0.47,-3.05,-0.25,0.09,0.35
2024-03-25 16:58:40.0040,0.38,-0.64,-2.89,-0.12,0.07,0.25
2024-03-25 16:58:40.0140,0.68,-0.63,-2.8,-0.06,0.03,0.15
2024-03-25 16:58:40.0240,0.78,-0.55,-3.07,-0.06,-0.02,0.07
2024-03-25 16:58:40.0350,0.76,-0.34,-3.32,-0.12,-0.06,0.01
2024-03-25 16:58:40.0440,0.7,-0.05,-3.47,-0.19,-0.09,-0.02
2024-03-25 16:58:40.0540,0.65,0.32,-3.4,-0.24,-0.12,-0.04
2024-03-25 16:58:40.0640,0.67,0.81,-3.19,-0.26,-0.15,-0.03
2024-03-25 16:58:40.0740,0.64,1.26,-3.01,-0.27,-0.18,-0.02
2024-03-25 16:58:40.0840,0.54,1.52,-2.79,-0.3,-0.16,0.03
2024-03-25 16:58:40.0940,0.16,1.61,-2.59,-0.39,-0.11,0.15
2024-03-25 16:58:40.1040,-0.45,1.52,-2.26,-0.52,-0.04,0.33
2024-03-25 16:58:40.1140,-0.98,1.24,-1.66,-0.61,-0.01,0.51
2024-03-25 16:58:40.1240,-1.02,0.94,-0.42,-0.62,0.03,0.62
2024-03-25 16:58:40.1340,-0.5,0.51,0.94,-0.56,0.08,0.6
2024-03-25 16:58:40.1440,0.29,-0.18,2.17,-0.41,0.09,0.44
2024-03-25 16:58:40.1540,1.06,-0.78,3.39,-0.24,0.02,0.18
2024-03-25 16:58:40.1640,1.47,-1.13,4.08,-0.14,-0.09,-0.09
2024-03-25 16:58:40.1740,1.48,-1.2,4.28,-0.07,-0.2,-0.31
2024-03-25 16:58:40.1840,1.11,-0.91,4.43,0.01,-0.25,-0.46
2024-03-25 16:58:40.1940,0.72,-0.4,4.64,0.13,-0.22,-0.57
2024-03-25 16:58:40.2040,0.52,0.11,4.58,0.25,-0.14,-0.66
2024-03-25 16:58:40.2140,0.22,0.58,4.22,0.33,-0.05,-0.71
2024-03-25 16:58:40.2240,-0.12,0.94,3.83,0.4,0.02,-0.74
2024-03-25 16:58:40.2340,-0.49,1.22,3.54,0.47,0.03,-0.79
2024-03-25 16:58:40.2440,-0.73,1.52,3.27,0.54,0.03,-0.82
2024-03-25 16:58:40.2540,-0.97,1.77,2.94,0.59,0.05,-0.86
2024-03-25 16:58:40.2640,-1.08,2.08,2.7,0.62,0.08,-0.86
2024-03-25 16:58:40.2740,-1.24,2.43,2.45,0.55,0.16,-0.73
2024-03-25 16:58:40.2840,-1.85,2.53,2.06,0.47,0.21,-0.45
2024-03-25 16:58:40.2940,-2.63,2.07,2.28,0.45,0.22,-0.14
2024-03-25 16:58:40.3040,-2.55,0.99,2.73,0.48,0.18,0.02
2024-03-25 16:58:40.3140,-1.57,-0.27,2.69,0.5,0.07,0.07
2024-03-25 16:58:40.3240,-0.64,-1.32,2.31,0.53,-0.07,-0.01
2024-03-25 16:58:40.3340,0.17,-1.92,1.87,0.52,-0.16,-0.12
2024-03-25 16:58:40.3440,0.56,-2.33,1.21,0.52,-0.15,-0.19
2024-03-25 16:58:40.3540,0.58,-2.35,0.81,0.55,-0.09,-0.21
2024-03-25 16:58:40.3640,0.37,-2.26,0.43,0.57,-0.05,-0.19
2024-03-25 16:58:40.3740,0.22,-2.06,-0.13,0.52,-0.05,-0.15
2024-03-25 16:58:40.3840,0.24,-1.74,-1.05,0.36,-0.06,-0.1
2024-03-25 16:58:40.3940,0.25,-1.36,-2.06,0.13,-0.07,-0.01
2024-03-25 16:58:40.4040,0.17,-1.03,-2.77,-0.16,-0.02,0.12
2024-03-25 16:58:40.4140,0.02,-0.88,-3.13,-0.44,0.05,0.29
2024-03-25 16:58:40.4240,-0.12,-0.92,-3.07,-0.67,0.13,0.45
2024-03-25 16:58:40.4340,-0.03,-1.06,-2.58,-0.82,0.16,0.55
2024-03-25 16:58:40.4440,0.36,-1.31,-1.84,-0.85,0.16,0.57
2024-03-25 16:58:40.4540,0.86,-1.58,-1.1,-0.79,0.14,0.49
2024-03-25 16:58:40.4640,1.4,-1.83,-0.55,-0.64,0.09,0.33
2024-03-25 16:58:40.4740,1.87,-1.88,-0.24,-0.46,0.04,0.13
2024-03-25 16:58:40.4840,2.15,-1.7,-0.43,-0.31,-0.02,-0.07
2024-03-25 16:58:40.4940,2.03,-1.29,-1.16,-0.23,-0.11,-0.2
2024-03-25 16:58:40.5040,1.65,-0.83,-2.16,-0.16,-0.24,-0.27
2024-03-25 16:58:40.5140,1.28,-0.34,-2.97,-0.07,-0.36,-0.26
2024-03-25 16:58:40.5240,0.73,-0.01,-3.65,0.01,-0.47,-0.14
2024-03-25 16:58:40.5340,0.3,0.18,-4.26,0.03,-0.54,-0.03
2024-03-25 16:58:40.5440,0.46,0.13,-5.0,-0.08,-0.59,0.03
2024-03-25 16:58:40.5540,0.82,-0.06,-5.8,-0.28,-0.55,0.04
2024-03-25 16:58:40.5640,1.16,-0.32,-6.08,-0.45,-0.34,-0.02
2024-03-25 16:58:40.5740,1.51,-0.39,-5.63,-0.51,-0.02,-0.08
2024-03-25 16:58:40.5840,1.46,-0.4,-4.66,-0.52,0.33,-0.11
2024-03-25 16:58:40.5940,1.07,-0.43,-3.62,-0.5,0.53,-0.1
2024-03-25 16:58:40.6040,0.6,-0.39,-2.54,-0.51,0.56,-0.07
2024-03-25 16:58:40.6140,0.1,-0.39,-1.68,-0.56,0.42,0.0
2024-03-25 16:58:40.6240,-0.26,-0.28,-0.89,-0.63,0.18,0.05
2024-03-25 16:58:40.6340,-0.28,-0.2,-0.26,-0.7,-0.08,0.08
2024-03-25 16:58:40.6440,-0.09,-0.15,0.28,-0.72,-0.29,0.09
2024-03-25 16:58:40.6540,0.32,0.05,0.94,-0.69,-0.36,0.05
2024-03-25 16:58:40.6640,0.9,0.25,1.49,-0.61,-0.33,-0.03
2024-03-25 16:58:40.6740,1.34,0.54,1.86,-0.54,-0.17,-0.07
2024-03-25 16:58:40.6840,1.29,0.88,2.08,-0.48,0.06,-0.08
2024-03-25 16:58:40.6940,1.14,1.22,2.38,-0.44,0.32,-0.06
2024-03-25 16:58:40.7040,0.8,1.47,2.84,-0.4,0.51,-0.02
2024-03-25 16:58:40.7140,0.54,1.55,3.58,-0.34,0.65,-0.02
2024-03-25 16:58:40.7240,0.42,1.41,4.36,-0.25,0.7,-0.1
2024-03-25 16:58:40.7340,0.6,1.27,5.08,-0.11,0.63,-0.23
2024-03-25 16:58:40.7440,0.59,1.11,5.79,0.1,0.49,-0.36
2024-03-25 16:58:40.7530,0.45,1.17,6.3,0.34,0.36,-0.47
2024-03-25 16:58:40.7640,0.25,1.3,6.37,0.54,0.29,-0.53
2024-03-25 16:58:40.7740,-0.07,1.45,5.91,0.69,0.3,-0.53
2024-03-25 16:58:40.7840,-0.29,1.66,5.18,0.82,0.31,-0.51
2024-03-25 16:58:40.7930,-0.3,1.87,4.48,0.89,0.35,-0.46
2024-03-25 16:58:40.8030,-0.51,2.16,3.72,0.89,0.42,-0.34
2024-03-25 16:58:40.8130,-0.93,2.2,3.1,0.82,0.48,-0.16
2024-03-25 16:58:40.8240,-1.36,1.89,2.74,0.75,0.5,0.08
2024-03-25 16:58:40.8340,-1.73,1.18,3.03,0.79,0.43,0.29
2024-03-25 16:58:40.8440,-1.62,-0.08,3.88,0.96,0.27,0.35
2024-03-25 16:58:40.8540,-0.76,-1.43,4.25,1.12,0.02,0.3
2024-03-25 16:58:40.8640,-0.27,-2.62,3.45,1.22,-0.22,0.17
2024-03-25 16:58:40.8740,0.13,-3.2,2.1,1.18,-0.39,0.06
2024-03-25 16:58:40.8830,-0.08,-3.61,0.48,1.05,-0.42,0.04
2024-03-25 16:58:40.8940,-0.45,-3.42,-0.57,0.88,-0.38,0.1
2024-03-25 16:58:40.9040,-0.92,-3.31,-1.47,0.69,-0.26,0.19
2024-03-25 16:58:40.9130,-1.19,-3.27,-2.04,0.48,-0.1,0.29
2024-03-25 16:58:40.9240,-1.3,-3.32,-2.53,0.22,0.02,0.37
2024-03-25 16:58:40.9330,-1.35,-3.45,-2.83,-0.04,0.07,0.39
2024-03-25 16:58:40.9440,-1.24,-3.5,-2.86,-0.25,0.03,0.35
2024-03-25 16:58:40.9540,-1.06,-3.39,-2.5,-0.36,-0.1,0.27
2024-03-25 16:58:40.9640,-0.9,-3.0,-1.96,-0.4,-0.2,0.21
2024-03-25 16:58:40.9740,-0.81,-2.47,-1.79,-0.41,-0.23,0.18
2024-03-25 16:58:40.9830,-0.78,-1.9,-2.02,-0.4,-0.21,0.19
2024-03-25 16:58:40.9940,-0.7,-1.34,-2.43,-0.4,-0.15,0.2
2024-03-25 16:58:41.0030,-0.64,-0.76,-2.92,-0.41,-0.08,0.24
2024-03-25 16:58:41.0130,-0.73,-0.3,-3.36,-0.41,-0.01,0.28
2024-03-25 16:58:41.0240,-0.69,0.06,-3.68,-0.42,0.05,0.31
2024-03-25 16:58:41.0340,-0.62,0.24,-3.97,-0.43,0.05,0.34
2024-03-25 16:58:41.0430,-0.63,0.44,-4.16,-0.44,0.04,0.38
2024-03-25 16:58:41.0540,-0.54,0.5,-4.06,-0.37,-0.01,0.38
2024-03-25 16:58:41.0630,-0.31,0.56,-3.65,-0.28,-0.06,0.35
2024-03-25 16:58:41.0730,-0.15,0.64,-3.62,-0.25,-0.1,0.34
2024-03-25 16:58:41.0830,-0.1,0.78,-3.94,-0.27,-0.12,0.34
2024-03-25 16:58:41.0930,-0.06,1.02,-4.25,-0.33,-0.09,0.35
2024-03-25 16:58:41.1030,-0.06,1.18,-4.35,-0.39,-0.06,0.39
2024-03-25 16:58:41.1130,-0.06,1.34,-4.19,-0.46,-0.01,0.44
2024-03-25 16:58:41.1230,-0.04,1.32,-3.9,-0.52,0.06,0.5
2024-03-25 16:58:41.1330,0.08,1.11,-3.18,-0.51,0.15,0.51
2024-03-25 16:58:41.1430,0.4,0.77,-2.12,-0.45,0.22,0.48
2024-03-25 16:58:41.1530,0.61,0.52,-1.08,-0.37,0.27,0.44
2024-03-25 16:58:41.1630,0.82,0.28,-0.12,-0.28,0.26,0.34
2024-03-25 16:58:41.1730,1.26,0.18,0.77,-0.16,0.15,0.16
2024-03-25 16:58:41.1830,1.57,0.15,1.42,-0.06,0.03,-0.01
2024-03-25 16:58:41.1930,1.58,0.29,1.84,-0.01,-0.07,-0.15
2024-03-25 16:58:41.2030,1.35,0.58,1.81,-0.02,-0.12,-0.23
2024-03-25 16:58:41.2130,1.03,0.9,1.83,-0.04,-0.11,-0.24
2024-03-25 16:58:41.2230,0.5,1.24,2.11,-0.07,-0.06,-0.17
2024-03-25 16:58:41.2330,0.12,1.47,2.49,-0.1,-0.06,-0.11
2024-03-25 16:58:41.2430,0.04,1.48,2.97,-0.08,-0.1,-0.11
2024-03-25 16:58:41.2530,0.23,1.26,3.71,-0.02,-0.17,-0.18
2024-03-25 16:58:41.2630,0.53,0.96,4.34,0.1,-0.22,-0.32
2024-03-25 16:58:41.2730,0.74,0.76,4.82,0.24,-0.25,-0.47
2024-03-25 16:58:41.2830,0.66,0.71,5.09,0.39,-0.28,-0.63
2024-03-25 16:58:41.2930,0.38,0.91,5.06,0.52,-0.3,-0.78
2024-03-25 16:58:41.3030,0.23,1.43,4.63,0.57,-0.27,-0.9
2024-03-25 16:58:41.3130,0.02,2.02,4.02,0.59,-0.19,-0.92
2024-03-25 16:58:41.3230,-0.52,2.6,3.85,0.6,-0.06,-0.81
2024-03-25 16:58:41.3330,-1.21,2.86,3.88,0.65,0.03,-0.58
2024-03-25 16:58:41.3430,-1.9,2.46,4.11,0.75,0.04,-0.35
2024-03-25 16:58:41.3530,-1.73,1.43,4.13,0.8,-0.01,-0.26
2024-03-25 16:58:41.3630,-0.8,0.22,3.37,0.83,-0.06,-0.23
2024-03-25 16:58:41.3730,-0.26,-0.92,2.86,0.89,-0.11,-0.27
2024-03-25 16:58:41.3830,0.18,-1.74,2.56,0.96,-0.13,-0.36
2024-03-25 16:58:41.3930,0.57,-2.29,2.04,0.98,-0.13,-0.43
2024-03-25 16:58:41.4030,0.7,-2.36,1.34,0.96,-0.1,-0.46
2024-03-25 16:58:41.4130,0.47,-2.19,0.62,0.9,-0.07,-0.42
2024-03-25 16:58:41.4230,0.13,-1.89,-0.09,0.77,-0.02,-0.32
2024-03-25 16:58:41.4330,-0.15,-1.64,-0.79,0.58,0.06,-0.18
2024-03-25 16:58:41.4430,-0.4,-1.55,-1.43,0.33,0.19,0.0
2024-03-25 16:58:41.4530,-0.65,-1.63,-1.82,0.05,0.3,0.21
2024-03-25 16:58:41.4630,-0.94,-1.86,-1.96,-0.24,0.3,0.42
2024-03-25 16:58:41.4730,-1.07,-2.25,-1.72,-0.47,0.19,0.54
2024-03-25 16:58:41.4830,-0.72,-2.79,-1.32,-0.61,0.04,0.57
2024-03-25 16:58:41.4930,-0.1,-3.39,-0.95,-0.62,-0.14,0.47
2024-03-25 16:58:41.5030,0.67,-3.69,-0.66,-0.56,-0.27,0.28
2024-03-25 16:58:41.5130,1.41,-3.61,-0.98,-0.5,-0.3,0.07
2024-03-25 16:58:41.5230,1.72,-3.18,-1.64,-0.45,-0.26,-0.08
2024-03-25 16:58:41.5330,1.49,-2.72,-2.33,-0.46,-0.18,-0.17
2024-03-25 16:58:41.5430,1.18,-2.27,-3.0,-0.47,-0.11,-0.23
2024-03-25 16:58:41.5530,1.1,-1.84,-3.49,-0.5,-0.03,-0.29
2024-03-25 16:58:41.5630,1.08,-1.59,-3.82,-0.49,0.03,-0.37
2024-03-25 16:58:41.5730,1.2,-1.3,-3.78,-0.43,0.07,-0.45
2024-03-25 16:58:41.5830,1.17,-1.11,-3.63,-0.3,0.08,-0.52
2024-03-25 16:58:41.5930,0.96,-0.9,-3.3,-0.15,0.03,-0.59
2024-03-25 16:58:41.6030,0.83,-0.59,-3.22,-0.07,-0.05,-0.64
2024-03-25 16:58:41.6130,0.66,-0.23,-3.69,-0.1,-0.14,-0.65
2024-03-25 16:58:41.6230,0.45,0.16,-4.31,-0.19,-0.18,-0.61
2024-03-25 16:58:41.6330,0.13,0.57,-4.51,-0.28,-0.16,-0.49
2024-03-25 16:58:41.6430,-0.19,0.96,-4.31,-0.37,-0.1,-0.33
2024-03-25 16:58:41.6530,-0.4,1.23,-3.96,-0.43,-0.02,-0.17
2024-03-25 16:58:41.6630,-0.43,1.25,-3.5,-0.46,0.02,-0.05
2024-03-25 16:58:41.6730,-0.31,1.16,-2.86,-0.45,0.03,0.01
2024-03-25 16:58:41.6830,-0.06,0.95,-1.96,-0.41,-0.03,0.0
2024-03-25 16:58:41.6930,0.3,0.85,-1.15,-0.38,-0.13,-0.04
2024-03-25 16:58:41.7030,0.54,1.04,-0.73,-0.41,-0.19,-0.06
2024-03-25 16:58:41.7130,0.56,1.41,-0.65,-0.52,-0.2,-0.03
2024-03-25 16:58:41.7230,0.46,1.86,-0.5,-0.66,-0.14,0.05
2024-03-25 16:58:41.7330,0.27,2.28,0.01,-0.77,-0.02,0.19
2024-03-25 16:58:41.7430,0.08,2.49,0.99,-0.82,0.11,0.3
2024-03-25 16:58:41.7530,0.24,2.41,2.27,-0.79,0.27,0.34
2024-03-25 16:58:41.7630,0.64,2.01,3.82,-0.62,0.38,0.26
2024-03-25 16:58:41.7730,1.14,1.51,5.56,-0.36,0.43,0.08
2024-03-25 16:58:41.7830,1.46,1.13,6.89,-0.09,0.42,-0.12
2024-03-25 16:58:41.7930,1.29,0.88,7.57,0.17,0.37,-0.31
2024-03-25 16:58:41.8030,0.89,0.76,7.88,0.4,0.32,-0.44
2024-03-25 16:58:41.8130,0.38,0.82,7.83,0.69,0.28,-0.52
2024-03-25 16:58:41.8230,-0.19,0.99,7.76,0.97,0.28,-0.51
2024-03-25 16:58:41.8330,-0.69,1.12,7.04,1.18,0.19,-0.48
2024-03-25 16:58:41.8430,-1.07,1.29,5.96,1.3,0.03,-0.42
2024-03-25 16:58:41.8530,-1.5,1.55,4.91,1.28,-0.15,-0.25
2024-03-25 16:58:41.8630,-2.34,1.46,3.89,1.18,-0.25,0.05
2024-03-25 16:58:41.8730,-3.0,0.97,3.25,1.06,-0.25,0.39
2024-03-25 16:58:41.8830,-2.96,-0.1,3.0,1.05,-0.26,0.61
2024-03-25 16:58:41.8930,-2.1,-1.43,3.05,1.13,-0.31,0.65
2024-03-25 16:58:41.9030,-1.12,-2.73,2.81,1.22,-0.4,0.54
2024-03-25 16:58:41.9130,-0.48,-3.76,1.85,1.24,-0.49,0.38
2024-03-25 16:58:41.9230,-0.32,-4.12,0.53,1.16,-0.54,0.27
2024-03-25 16:58:41.9330,-0.69,-4.05,-0.76,0.99,-0.56,0.26
2024-03-25 16:58:41.9430,-1.3,-3.76,-2.0,0.77,-0.49,0.34
2024-03-25 16:58:41.9530,-1.79,-3.42,-3.03,0.47,-0.34,0.47
2024-03-25 16:58:41.9630,-2.05,-3.26,-4.0,0.14,-0.16,0.6
2024-03-25 16:58:41.9730,-2.14,-3.22,-4.55,-0.17,-0.01,0.69
2024-03-25 16:58:41.9830,-1.86,-3.08,-4.62,-0.46,0.04,0.67
2024-03-25 16:58:41.9930,-1.4,-2.81,-4.46,-0.7,0.02,0.63
2024-03-25 16:58:42.0030,-1.31,-2.41,-4.1,-0.88,-0.03,0.61
2024-03-25 16:58:42.0130,-1.29,-2.06,-3.76,-1.0,-0.04,0.58
2024-03-25 16:58:42.0230,-1.03,-1.72,-3.5,-1.05,-0.02,0.53
2024-03-25 16:58:42.0330,-0.75,-1.54,-3.22,-1.04,0.04,0.49
2024-03-25 16:58:42.0430,-0.6,-1.19,-2.99,-1.0,0.13,0.48
2024-03-25 16:58:42.0530,-0.7,-0.85,-2.85,-0.96,0.2,0.5
2024-03-25 16:58:42.0630,-0.77,-0.5,-2.86,-0.89,0.22,0.5
2024-03-25 16:58:42.0730,-0.73,-0.29,-2.8,-0.77,0.24,0.51
2024-03-25 16:58:42.0830,-0.69,-0.21,-2.54,-0.6,0.25,0.49
2024-03-25 16:58:42.0930,-0.49,-0.08,-2.35,-0.42,0.24,0.46
2024-03-25 16:58:42.1030,-0.34,0.07,-2.34,-0.26,0.23,0.41
2024-03-25 16:58:42.1130,-0.16,0.21,-2.51,-0.17,0.19,0.35
2024-03-25 16:58:42.1230,0.0,0.46,-3.02,-0.17,0.16,0.32
2024-03-25 16:58:42.1330,0.02,0.76,-3.47,-0.2,0.1,0.32
2024-03-25 16:58:42.1430,-0.02,1.09,-3.56,-0.23,0.08,0.35
2024-03-25 16:58:42.1530,-0.08,1.37,-3.43,-0.27,0.1,0.4
2024-03-25 16:58:42.1630,-0.07,1.59,-3.32,-0.33,0.14,0.49
2024-03-25 16:58:42.1730,-0.1,1.71,-3.03,-0.37,0.21,0.59
2024-03-25 16:58:42.1830,-0.02,1.7,-2.29,-0.37,0.31,0.66
2024-03-25 16:58:42.1930,0.33,1.39,-1.27,-0.32,0.42,0.65
2024-03-25 16:58:42.2030,0.76,0.99,0.02,-0.2,0.44,0.57
2024-03-25 16:58:42.2130,1.2,0.77,1.2,-0.06,0.39,0.42
2024-03-25 16:58:42.2230,1.3,0.65,2.17,0.04,0.28,0.32
2024-03-25 16:58:42.2330,1.0,0.79,2.75,0.07,0.09,0.25
2024-03-25 16:58:42.2430,0.74,1.11,2.99,0.04,-0.11,0.22
2024-03-25 16:58:42.2530,0.71,1.53,3.09,-0.02,-0.26,0.21
2024-03-25 16:58:42.2640,0.8,1.78,3.26,-0.06,-0.3,0.2
2024-03-25 16:58:42.2730,0.94,1.91,3.52,-0.11,-0.28,0.2
2024-03-25 16:58:42.2830,0.91,1.8,3.85,-0.13,-0.16,0.19
2024-03-25 16:58:42.2930,1.06,1.49,4.54,-0.06,0.01,0.11
2024-03-25 16:58:42.3030,1.39,1.12,5.54,0.08,0.14,-0.06
2024-03-25 16:58:42.3130,1.76,0.92,6.29,0.25,0.2,-0.31
2024-03-25 16:58:42.3230,1.98,1.09,6.6,0.39,0.23,-0.53
2024-03-25 16:58:42.3330,1.69,1.35,6.58,0.46,0.28,-0.65
2024-03-25 16:58:42.3430,0.96,1.49,6.38,0.48,0.3,-0.57
2024-03-25 16:58:42.3530,-0.32,1.01,6.28,0.56,0.22,-0.39
2024-03-25 16:58:42.3630,-0.95,0.03,6.35,0.67,0.1,-0.33
2024-03-25 16:58:42.3730,-0.25,-1.0,5.75,0.75,-0.07,-0.39
2024-03-25 16:58:42.3830,0.5,-1.93,4.47,0.83,-0.23,-0.54
2024-03-25 16:58:42.3930,1.04,-2.41,3.38,0.91,-0.3,-0.71
2024-03-25 16:58:42.4030,1.31,-2.51,2.16,0.98,-0.26,-0.81
2024-03-25 16:58:42.4130,1.2,-2.35,0.92,1.02,-0.17,-0.85
2024-03-25 16:58:42.4230,0.87,-2.03,-0.19,0.98,-0.06,-0.81
2024-03-25 16:58:42.4330,0.47,-1.71,-1.39,0.85,0.05,-0.72
2024-03-25 16:58:42.4430,0.22,-1.39,-2.53,0.63,0.18,-0.59
2024-03-25 16:58:42.4530,0.12,-1.14,-3.35,0.36,0.28,-0.44
2024-03-25 16:58:42.4630,-0.06,-1.03,-3.7,0.08,0.38,-0.26
2024-03-25 16:58:42.4730,-0.32,-1.18,-3.64,-0.18,0.44,-0.08
2024-03-25 16:58:42.4830,-0.57,-1.53,-3.25,-0.4,0.41,0.06
2024-03-25 16:58:42.4930,-0.57,-1.98,-2.83,-0.58,0.31,0.12
2024-03-25 16:58:42.5030,-0.2,-2.46,-2.48,-0.66,0.16,0.08
2024-03-25 16:58:42.5130,0.38,-2.77,-1.92,-0.62,0.01,-0.04
2024-03-25 16:58:42.5230,0.94,-2.78,-1.58,-0.53,-0.05,-0.19
2024-03-25 16:58:42.5330,1.27,-2.51,-1.73,-0.43,-0.02,-0.32
2024-03-25 16:58:42.5430,1.36,-2.13,-2.12,-0.34,0.06,-0.43
2024-03-25 16:58:42.5530,1.26,-1.71,-2.64,-0.28,0.14,-0.48
2024-03-25 16:58:42.5630,0.94,-1.28,-3.17,-0.27,0.2,-0.5
2024-03-25 16:58:42.5730,0.64,-0.92,-3.64,-0.26,0.2,-0.49
2024-03-25 16:58:42.5830,0.33,-0.55,-3.69,-0.23,0.16,-0.44
2024-03-25 16:58:42.5930,0.08,-0.24,-3.45,-0.15,0.07,-0.4
2024-03-25 16:58:42.6030,0.06,0.05,-3.3,-0.09,-0.03,-0.37
2024-03-25 16:58:42.6130,0.14,0.24,-3.51,-0.08,-0.1,-0.35
2024-03-25 16:58:42.6230,0.29,0.3,-3.94,-0.12,-0.11,-0.32
2024-03-25 16:58:42.6330,0.36,0.28,-4.19,-0.16,-0.09,-0.28
2024-03-25 16:58:42.6430,0.36,0.31,-4.04,-0.19,-0.05,-0.23
2024-03-25 16:58:42.6530,0.27,0.37,-3.8,-0.24,-0.05,-0.16
2024-03-25 16:58:42.6630,0.21,0.44,-3.57,-0.32,-0.06,-0.1
2024-03-25 16:58:42.6730,0.36,0.44,-3.23,-0.38,-0.11,-0.06
2024-03-25 16:58:42.6830,0.52,0.45,-2.55,-0.42,-0.17,-0.01
2024-03-25 16:58:42.6930,0.57,0.42,-1.74,-0.43,-0.26,0.02
2024-03-25 16:58:42.7030,0.65,0.33,-0.98,-0.41,-0.34,0.02
2024-03-25 16:58:42.7130,0.91,0.32,-0.47,-0.4,-0.35,-0.02
2024-03-25 16:58:42.7230,1.2,0.34,-0.16,-0.37,-0.33,-0.08
2024-03-25 16:58:42.7330,1.45,0.45,0.21,-0.34,-0.25,-0.16
2024-03-25 16:58:42.7430,1.55,0.64,0.57,-0.31,-0.12,-0.21
2024-03-25 16:58:42.7530,1.37,0.95,0.98,-0.3,0.04,-0.23
2024-03-25 16:58:42.7630,1.09,1.09,1.57,-0.26,0.17,-0.24
2024-03-25 16:58:42.7730,0.87,1.21,2.51,-0.21,0.25,-0.28
2024-03-25 16:58:42.7830,0.84,1.16,3.44,-0.15,0.26,-0.39
2024-03-25 16:58:42.7930,0.9,1.11,4.12,-0.1,0.23,-0.52
2024-03-25 16:58:42.8030,0.67,1.14,4.62,-0.04,0.18,-0.62
2024-03-25 16:58:42.8130,0.32,1.27,5.05,0.04,0.16,-0.7
2024-03-25 16:58:42.8230,-0.16,1.53,5.36,0.18,0.19,-0.71
2024-03-25 16:58:42.8330,-0.83,1.72,5.69,0.34,0.25,-0.67
2024-03-25 16:58:42.8430,-1.23,2.09,5.73,0.47,0.3,-0.59
2024-03-25 16:58:42.8530,-1.53,2.57,5.28,0.44,0.35,-0.45
2024-03-25 16:58:42.8630,-2.05,2.76,4.46,0.29,0.47,-0.18
2024-03-25 16:58:42.8730,-2.82,2.36,4.15,0.21,0.56,0.18
2024-03-25 16:58:42.8830,-3.17,1.32,4.86,0.32,0.59,0.43
2024-03-25 16:58:42.8930,-2.53,-0.2,5.57,0.48,0.54,0.49
2024-03-25 16:58:42.9030,-1.51,-1.81,5.1,0.62,0.42,0.4
2024-03-25 16:58:42.9130,-0.8,-2.96,3.94,0.66,0.29,0.27
2024-03-25 16:58:42.9230,-0.71,-3.59,2.59,0.64,0.2,0.21
2024-03-25 16:58:42.9330,-1.27,-3.85,1.7,0.61,0.16,0.23
2024-03-25 16:58:42.9430,-1.86,-3.73,1.22,0.53,0.14,0.31
2024-03-25 16:58:42.9560,-2.28,-3.64,0.49,0.39,0.1,0.4
2024-03-25 16:58:42.9630,-2.47,-3.52,-0.32,0.19,0.02,0.47
2024-03-25 16:58:42.9730,-2.47,-3.49,-1.13,-0.04,-0.08,0.51
2024-03-25 16:58:42.9830,-2.35,-3.43,-1.77,-0.27,-0.2,0.5
2024-03-25 16:58:42.9930,-2.16,-3.09,-2.15,-0.47,-0.29,0.48
2024-03-25 16:58:43.0030,-1.85,-2.57,-2.41,-0.62,-0.33,0.49
2024-03-25 16:58:43.0130,-1.65,-2.06,-2.41,-0.66,-0.29,0.51
2024-03-25 16:58:43.0230,-1.46,-1.66,-2.13,-0.63,-0.17,0.53
2024-03-25 16:58:43.0330,-1.16,-1.33,-2.09,-0.56,-0.05,0.54
2024-03-25 16:58:43.0420,-0.9,-1.01,-2.39,-0.48,0.05,0.53
2024-03-25 16:58:43.0520,-0.74,-0.77,-2.61,-0.4,0.13,0.52
2024-03-25 16:58:43.0630,-0.59,-0.54,-2.88,-0.28,0.19,0.49
2024-03-25 16:58:43.0730,-0.55,-0.31,-3.08,-0.16,0.23,0.52
2024-03-25 16:58:43.0820,-0.77,-0.18,-3.29,-0.05,0.22,0.54
2024-03-25 16:58:43.0930,-0.74,0.01,-3.64,0.01,0.2,0.58
2024-03-25 16:58:43.1020,-0.76,0.07,-4.14,0.03,0.13,0.62
2024-03-25 16:58:43.1130,-0.71,0.18,-4.54,0.03,0.06,0.64
2024-03-25 16:58:43.1220,-0.42,0.22,-4.84,0.02,-0.03,0.63
2024-03-25 16:58:43.1320,-0.09,0.24,-5.1,0.04,-0.09,0.59
2024-03-25 16:58:43.1420,0.21,0.28,-5.06,0.05,-0.1,0.56
2024-03-25 16:58:43.1520,0.38,0.34,-5.12,0.06,-0.05,0.55
2024-03-25 16:58:43.1620,0.5,0.43,-5.02,0.05,0.05,0.52
2024-03-25 16:58:43.1720,0.7,0.45,-4.85,-0.01,0.17,0.52
2024-03-25 16:58:43.1820,0.6,0.57,-4.49,-0.1,0.26,0.54
2024-03-25 16:58:43.1920,0.53,0.83,-4.01,-0.24,0.29,0.58
2024-03-25 16:58:43.2020,0.42,1.09,-3.55,-0.42,0.22,0.65
2024-03-25 16:58:43.2120,0.31,1.34,-3.04,-0.61,0.1,0.72
2024-03-25 16:58:43.2230,0.33,1.42,-2.24,-0.74,-0.02,0.75
2024-03-25 16:58:43.2320,0.69,1.32,-1.09,-0.81,-0.09,0.72
2024-03-25 16:58:43.2420,1.1,1.21,0.13,-0.82,-0.1,0.66
2024-03-25 16:58:43.2520,1.38,1.06,1.38,-0.79,-0.04,0.56
2024-03-25 16:58:43.2620,1.68,0.99,2.53,-0.74,0.06,0.42
2024-03-25 16:58:43.2720,1.87,0.98,3.45,-0.68,0.17,0.26
2024-03-25 16:58:43.2820,1.9,0.96,4.35,-0.57,0.28,0.13
2024-03-25 16:58:43.2920,1.71,0.89,5.47,-0.37,0.31,-0.02
2024-03-25 16:58:43.3020,1.49,0.92,6.5,-0.11,0.24,-0.18
2024-03-25 16:58:43.3120,1.17,0.93,7.21,0.09,0.07,-0.31
2024-03-25 16:58:43.3220,0.68,0.98,7.24,0.26,-0.19,-0.46
2024-03-25 16:58:43.3320,0.5,1.18,7.08,0.46,-0.44,-0.63
2024-03-25 16:58:43.3420,0.44,1.5,6.72,0.65,-0.6,-0.81
2024-03-25 16:58:43.3520,0.58,2.0,5.93,0.81,-0.66,-0.97
2024-03-25 16:58:43.3620,0.74,2.67,5.0,0.89,-0.55,-1.01
2024-03-25 16:58:43.3720,0.43,3.18,3.86,0.83,-0.3,-0.84
2024-03-25 16:58:43.3820,-0.34,3.11,2.87,0.72,-0.04,-0.53
2024-03-25 16:58:43.3920,-0.93,2.31,2.77,0.7,0.08,-0.27
2024-03-25 16:58:43.4020,-0.58,1.12,3.34,0.74,0.04,-0.14
2024-03-25 16:58:43.4120,-0.01,-0.37,3.49,0.76,-0.09,-0.09
2024-03-25 16:58:43.4220,0.42,-1.54,3.19,0.75,-0.23,-0.16
2024-03-25 16:58:43.4320,1.2,-2.54,2.71,0.77,-0.32,-0.33
2024-03-25 16:58:43.4420,1.92,-3.01,2.53,0.83,-0.31,-0.51
2024-03-25 16:58:43.4520,2.1,-3.1,2.27,0.88,-0.23,-0.61
2024-03-25 16:58:43.4620,1.69,-2.98,1.73,0.86,-0.14,-0.62
2024-03-25 16:58:43.4720,1.07,-2.74,0.9,0.76,-0.06,-0.56
2024-03-25 16:58:43.4820,0.51,-2.55,0.06,0.62,0.06,-0.46
2024-03-25 16:58:43.4920,0.06,-2.48,-0.5,0.46,0.17,-0.31
2024-03-25 16:58:43.5020,-0.37,-2.51,-0.98,0.27,0.24,-0.15
2024-03-25 16:58:43.5120,-0.66,-2.69,-1.37,0.1,0.19,-0.03
2024-03-25 16:58:43.5220,-0.6,-2.96,-1.57,-0.04,0.02,-0.01
2024-03-25 16:58:43.5320,-0.19,-3.19,-1.83,-0.15,-0.21,-0.09
2024-03-25 16:58:43.5420,0.38,-3.21,-2.22,-0.22,-0.42,-0.23
2024-03-25 16:58:43.5520,0.87,-2.97,-2.76,-0.25,-0.53,-0.37
2024-03-25 16:58:43.5620,1.1,-2.6,-3.23,-0.24,-0.52,-0.49
2024-03-25 16:58:43.5720,1.12,-2.22,-3.58,-0.21,-0.42,-0.58
2024-03-25 16:58:43.5820,1.02,-1.77,-4.06,-0.2,-0.29,-0.62
2024-03-25 16:58:43.5920,0.81,-1.3,-4.57,-0.21,-0.15,-0.62
2024-03-25 16:58:43.6020,0.53,-0.83,-4.91,-0.24,-0.04,-0.59
2024-03-25 16:58:43.6120,0.35,-0.39,-5.19,-0.26,-0.02,-0.57
2024-03-25 16:58:43.6220,0.25,0.0,-5.23,-0.28,-0.02,-0.52
2024-03-25 16:58:43.6320,0.03,0.27,-5.13,-0.27,-0.04,-0.45
2024-03-25 16:58:43.6420,-0.16,0.49,-4.91,-0.26,-0.07,-0.39
2024-03-25 16:58:43.6520,-0.16,0.6,-4.85,-0.3,-0.09,-0.31
2024-03-25 16:58:43.6620,-0.11,0.6,-4.78,-0.34,-0.12,-0.25
2024-03-25 16:58:43.6720,0.04,0.69,-4.53,-0.4,-0.15,-0.17
2024-03-25 16:58:43.6820,0.08,0.7,-4.3,-0.46,-0.15,-0.09
2024-03-25 16:58:43.6920,0.19,0.64,-3.86,-0.48,-0.11,-0.02
2024-03-25 16:58:43.7020,0.34,0.48,-3.21,-0.47,-0.02,0.03
2024-03-25 16:58:43.7120,0.47,0.29,-2.56,-0.47,0.05,0.08
2024-03-25 16:58:43.7220,0.46,0.23,-2.0,-0.51,0.04,0.11
2024-03-25 16:58:43.7330,0.43,0.29,-1.52,-0.57,-0.04,0.1
2024-03-25 16:58:43.7420,0.59,0.46,-1.07,-0.65,-0.16,0.07
2024-03-25 16:58:43.7520,0.73,0.71,-0.56,-0.71,-0.24,0.05
2024-03-25 16:58:43.7620,0.83,1.01,0.08,-0.74,-0.24,0.03
2024-03-25 16:58:43.7720,0.8,1.27,0.74,-0.77,-0.13,0.05
2024-03-25 16:58:43.7820,0.72,1.45,1.45,-0.77,0.09,0.08
2024-03-25 16:58:43.7920,0.58,1.52,2.45,-0.72,0.35,0.11
2024-03-25 16:58:43.8020,0.48,1.4,3.77,-0.59,0.57,0.07
2024-03-25 16:58:43.8120,0.6,1.27,5.11,-0.4,0.64,-0.03
2024-03-25 16:58:43.8220,0.61,1.11,6.24,-0.16,0.54,-0.2
2024-03-25 16:58:43.8320,0.49,1.01,7.11,0.09,0.37,-0.38
2024-03-25 16:58:43.8420,0.26,1.01,7.45,0.32,0.21,-0.54
2024-03-25 16:58:43.8520,-0.02,1.28,7.12,0.5,0.12,-0.62
2024-03-25 16:58:43.8620,-0.5,1.63,6.51,0.69,0.13,-0.6
2024-03-25 16:58:43.8720,-0.92,1.94,6.1,0.8,0.16,-0.51
2024-03-25 16:58:43.8820,-1.28,2.13,5.39,0.81,0.2,-0.38
2024-03-25 16:58:43.8920,-1.49,2.15,4.62,0.73,0.26,-0.18
2024-03-25 16:58:43.9020,-1.96,1.42,4.02,0.67,0.31,0.06
2024-03-25 16:58:43.9120,-2.15,0.23,4.2,0.78,0.27,0.2
2024-03-25 16:58:43.9220,-1.6,-1.18,4.79,0.95,0.17,0.23
2024-03-25 16:58:43.9320,-1.05,-2.5,4.59,1.05,0.02,0.17
2024-03-25 16:58:43.9420,-0.65,-3.28,3.35,0.98,-0.12,0.09
2024-03-25 16:58:43.9520,-0.65,-3.77,1.84,0.81,-0.21,0.03
2024-03-25 16:58:43.9620,-0.88,-3.78,0.81,0.57,-0.18,0.07
2024-03-25 16:58:43.9720,-1.41,-3.74,0.14,0.32,-0.09,0.19
2024-03-25 16:58:43.9820,-2.09,-3.67,-0.07,0.1,0.02,0.38
2024-03-25 16:58:43.9920,-2.69,-3.65,-0.05,-0.11,0.07,0.55
2024-03-25 16:58:44.0020,-2.95,-3.81,-0.08,-0.25,0.01,0.63
2024-03-25 16:58:44.0120,-2.89,-3.82,0.09,-0.32,-0.07,0.66
2024-03-25 16:58:44.0220,-2.47,-3.37,-0.04,-0.34,-0.19,0.6
2024-03-25 16:58:44.0320,-1.91,-2.74,-0.48,-0.32,-0.3,0.55
2024-03-25 16:58:44.0420,-1.63,-2.11,-1.02,-0.26,-0.36,0.51
2024-03-25 16:58:44.0520,-1.45,-1.54,-1.56,-0.2,-0.36,0.5
2024-03-25 16:58:44.0620,-1.3,-0.96,-2.43,-0.17,-0.31,0.5
2024-03-25 16:58:44.0720,-1.22,-0.39,-3.39,-0.19,-0.25,0.53
2024-03-25 16:58:44.0820,-1.17,0.05,-4.25,-0.23,-0.22,0.57
2024-03-25 16:58:44.0920,-1.13,0.42,-4.76,-0.25,-0.22,0.62
2024-03-25 16:58:44.1020,-1.05,0.63,-4.97,-0.24,-0.21,0.67
2024-03-25 16:58:44.1120,-0.97,0.7,-4.96,-0.18,-0.2,0.74
2024-03-25 16:58:44.1220,-0.84,0.72,-4.85,-0.11,-0.17,0.76
2024-03-25 16:58:44.1320,-0.34,0.69,-4.94,-0.06,-0.12,0.75
2024-03-25 16:58:44.1420,0.13,0.59,-5.23,-0.06,-0.06,0.72
2024-03-25 16:58:44.1520,0.45,0.52,-5.51,-0.1,0.02,0.69
2024-03-25 16:58:44.1620,0.6,0.45,-5.66,-0.19,0.13,0.68
2024-03-25 16:58:44.1720,0.7,0.43,-5.58,-0.29,0.26,0.68
2024-03-25 16:58:44.1820,0.9,0.38,-5.16,-0.35,0.36,0.66
2024-03-25 16:58:44.1920,1.03,0.33,-4.28,-0.35,0.41,0.62
2024-03-25 16:58:44.2020,1.09,0.31,-3.27,-0.34,0.45,0.58
2024-03-25 16:58:44.2120,1.12,0.26,-2.5,-0.31,0.46,0.53
2024-03-25 16:58:44.2220,1.18,0.14,-1.61,-0.25,0.44,0.45
2024-03-25 16:58:44.2320,1.34,0.03,-0.61,-0.18,0.38,0.32
2024-03-25 16:58:44.2420,1.58,-0.01,0.19,-0.13,0.32,0.18
2024-03-25 16:58:44.2520,1.61,0.05,0.82,-0.09,0.2,0.04
2024-03-25 16:58:44.2620,1.54,0.22,1.31,-0.06,0.07,-0.08
2024-03-25 16:58:44.2720,1.27,0.5,1.7,-0.08,-0.03,-0.13
2024-03-25 16:58:44.2820,0.83,0.84,1.9,-0.09,-0.11,-0.14
2024-03-25 16:58:44.2920,0.52,1.15,2.29,-0.11,-0.14,-0.11
2024-03-25 16:58:44.3020,0.37,1.36,2.64,-0.13,-0.14,-0.09
2024-03-25 16:58:44.3120,0.43,1.43,3.01,-0.14,-0.1,-0.11
2024-03-25 16:58:44.3220,0.67,1.25,3.36,-0.11,-0.0,-0.16
2024-03-25 16:58:44.3320,0.81,0.89,4.09,0.02,0.04,-0.28
2024-03-25 16:58:44.3420,0.9,0.54,5.07,0.23,-0.02,-0.47
2024-03-25 16:58:44.3520,1.02,0.31,5.69,0.48,-0.21,-0.72
2024-03-25 16:58:44.3620,1.2,0.34,5.62,0.7,-0.44,-0.99
2024-03-25 16:58:44.3720,1.24,0.96,4.87,0.78,-0.57,-1.17
2024-03-25 16:58:44.3820,0.92,1.67,3.58,0.74,-0.52,-1.18
2024-03-25 16:58:44.3920,0.24,2.17,2.64,0.63,-0.33,-0.97
2024-03-25 16:58:44.4020,-0.7,2.27,2.31,0.61,-0.1,-0.65
2024-03-25 16:58:44.4120,-1.16,1.63,2.86,0.71,0.01,-0.44
2024-03-25 16:58:44.4220,-0.56,0.47,3.26,0.79,-0.01,-0.36
2024-03-25 16:58:44.4320,0.16,-0.86,2.74,0.84,-0.08,-0.37
2024-03-25 16:58:44.4420,0.74,-1.74,2.22,0.86,-0.21,-0.49
2024-03-25 16:58:44.4520,1.47,-2.2,1.51,0.82,-0.31,-0.62
2024-03-25 16:58:44.4620,1.73,-2.25,0.74,0.74,-0.35,-0.67
2024-03-25 16:58:44.4720,1.45,-1.89,0.18,0.61,-0.33,-0.61
2024-03-25 16:58:44.4820,0.94,-1.43,-0.45,0.41,-0.19,-0.47
2024-03-25 16:58:44.4920,0.44,-1.13,-1.09,0.1,0.07,-0.23
2024-03-25 16:58:44.5020,-0.29,-1.13,-1.49,-0.25,0.35,0.08
2024-03-25 16:58:44.5120,-0.85,-1.47,-1.21,-0.54,0.47,0.31
2024-03-25 16:58:44.5220,-0.91,-2.07,-0.32,-0.75,0.4,0.43
2024-03-25 16:58:44.5320,-0.62,-3.01,0.6,-0.78,0.16,0.38
2024-03-25 16:58:44.5420,0.08,-3.82,1.85,-0.67,-0.12,0.18
2024-03-25 16:58:44.5520,0.92,-4.12,2.57,-0.46,-0.36,-0.11
2024-03-25 16:58:44.5620,1.46,-3.86,2.53,-0.28,-0.46,-0.34
2024-03-25 16:58:44.5720,1.34,-3.22,1.58,-0.16,-0.45,-0.5
2024-03-25 16:58:44.5820,0.98,-2.46,0.41,-0.07,-0.41,-0.6
2024-03-25 16:58:44.5920,0.57,-1.77,-0.69,0.01,-0.4,-0.68
2024-03-25 16:58:44.6020,0.19,-1.11,-1.57,0.06,-0.4,-0.71
2024-03-25 16:58:44.6120,0.04,-0.57,-2.46,0.1,-0.37,-0.74
2024-03-25 16:58:44.6220,-0.03,-0.08,-3.15,0.15,-0.33,-0.78
2024-03-25 16:58:44.6320,-0.06,0.26,-3.71,0.21,-0.26,-0.78
2024-03-25 16:58:44.6420,-0.22,0.59,-4.17,0.26,-0.2,-0.75
2024-03-25 16:58:44.6520,-0.38,0.86,-4.65,0.27,-0.15,-0.69
2024-03-25 16:58:44.6620,-0.52,1.09,-5.09,0.25,-0.12,-0.59
2024-03-25 16:58:44.6720,-0.74,1.31,-5.38,0.2,-0.1,-0.44
2024-03-25 16:58:44.6820,-0.95,1.33,-5.54,0.15,-0.06,-0.26
2024-03-25 16:58:44.6920,-1.12,1.28,-5.53,0.06,-0.02,-0.08
2024-03-25 16:58:44.7020,-1.04,1.09,-5.54,-0.06,0.0,0.07
2024-03-25 16:58:44.7120,-0.79,0.86,-5.46,-0.17,0.04,0.16
2024-03-25 16:58:44.7220,-0.47,0.52,-4.94,-0.19,0.09,0.21
2024-03-25 16:58:44.7320,-0.21,0.22,-4.0,-0.23,0.15,0.24
2024-03-25 16:58:44.7420,-0.1,0.07,-3.63,-0.36,0.2,0.27
2024-03-25 16:58:44.7520,-0.13,0.06,-3.46,-0.54,0.21,0.31
2024-03-25 16:58:44.7620,-0.12,0.24,-2.94,-0.71,0.27,0.35
2024-03-25 16:58:44.7720,-0.06,0.5,-1.97,-0.8,0.4,0.4
2024-03-25 16:58:44.7820,-0.02,0.79,-0.5,-0.79,0.56,0.45
2024-03-25 16:58:44.7920,0.08,1.03,1.02,-0.72,0.74,0.44
2024-03-25 16:58:44.8020,0.25,1.15,2.39,-0.65,0.83,0.4
2024-03-25 16:58:44.8120,0.32,1.26,3.48,-0.58,0.82,0.32
2024-03-25 16:58:44.8220,0.26,1.34,4.52,-0.46,0.73,0.24
2024-03-25 16:58:44.8320,0.06,1.46,5.6,-0.26,0.62,0.18
2024-03-25 16:58:44.8420,-0.18,1.57,6.53,0.01,0.52,0.16
2024-03-25 16:58:44.8520,-0.41,1.69,7.02,0.34,0.4,0.14
2024-03-25 16:58:44.8620,-0.51,1.73,7.02,0.59,0.31,0.11
2024-03-25 16:58:44.8720,-0.2,2.13,5.97,0.7,0.19,0.06
2024-03-25 16:58:44.8820,0.02,2.45,4.65,0.73,0.11,0.04
2024-03-25 16:58:44.8920,0.1,2.75,3.97,0.72,0.16,0.09
2024-03-25 16:58:44.9020,-0.17,2.68,3.8,0.7,0.36,0.3
2024-03-25 16:58:44.9120,-1.04,1.98,4.04,0.74,0.57,0.63
2024-03-25 16:58:44.9220,-1.65,0.73,4.86,0.86,0.58,0.86
2024-03-25 16:58:44.9320,-1.19,-0.9,5.33,0.96,0.39,0.94
2024-03-25 16:58:44.9420,-0.5,-2.5,4.76,0.98,0.09,0.88
2024-03-25 16:58:44.9520,0.27,-3.6,3.65,0.87,-0.22,0.7
2024-03-25 16:58:44.9620,0.81,-4.33,2.24,0.64,-0.42,0.52
2024-03-25 16:58:44.9720,0.73,-4.4,0.96,0.35,-0.42,0.45
2024-03-25 16:58:44.9820,0.22,-4.18,0.2,0.06,-0.25,0.5
2024-03-25 16:58:44.9920,-0.5,-3.99,-0.08,-0.19,0.02,0.65
2024-03-25 16:58:45.0020,-1.13,-4.02,-0.01,-0.37,0.24,0.75
2024-03-25 16:58:45.0120,-1.15,-4.15,0.1,-0.53,0.34,0.69
2024-03-25 16:58:45.0220,-0.61,-4.04,-0.11,-0.64,0.29,0.51
2024-03-25 16:58:45.0320,-0.18,-3.43,-0.33,-0.67,0.11,0.33
2024-03-25 16:58:45.0420,-0.24,-2.61,-0.55,-0.63,-0.08,0.21
2024-03-25 16:58:45.0520,-0.38,-1.78,-1.04,-0.57,-0.2,0.14
2024-03-25 16:58:45.0610,-0.33,-1.01,-1.84,-0.52,-0.22,0.11
2024-03-25 16:58:45.0720,-0.24,-0.41,-2.76,-0.46,-0.15,0.12
2024-03-25 16:58:45.0820,-0.2,-0.01,-3.4,-0.4,-0.05,0.14
2024-03-25 16:58:45.0920,-0.1,0.28,-3.89,-0.37,0.02,0.17
2024-03-25 16:58:45.1020,-0.13,0.38,-4.39,-0.34,0.02,0.19
2024-03-25 16:58:45.1120,-0.07,0.4,-4.62,-0.28,-0.01,0.19
2024-03-25 16:58:45.1210,0.01,0.32,-4.75,-0.23,-0.08,0.18
2024-03-25 16:58:45.1320,0.07,0.17,-4.85,-0.17,-0.12,0.17
2024-03-25 16:58:45.1410,0.19,0.03,-4.95,-0.12,-0.12,0.17
2024-03-25 16:58:45.1520,0.17,-0.19,-4.84,-0.06,-0.1,0.18
2024-03-25 16:58:45.1620,0.21,-0.21,-4.8,-0.08,-0.09,0.19
2024-03-25 16:58:45.1720,0.19,-0.15,-5.09,-0.2,-0.08,0.22
2024-03-25 16:58:45.1820,0.05,-0.06,-5.39,-0.37,-0.08,0.28
2024-03-25 16:58:45.1910,-0.02,0.09,-5.26,-0.48,-0.05,0.35
2024-03-25 16:58:45.2010,0.01,0.23,-4.36,-0.47,0.05,0.38
2024-03-25 16:58:45.2120,0.3,0.23,-3.2,-0.37,0.17,0.36
2024-03-25 16:58:45.2210,0.65,0.14,-2.1,-0.21,0.24,0.27
2024-03-25 16:58:45.2310,0.87,0.22,-1.19,-0.11,0.23,0.18
2024-03-25 16:58:45.2420,0.86,0.4,-0.86,-0.08,0.16,0.09
2024-03-25 16:58:45.2520,0.73,0.69,-0.7,-0.11,0.06,0.01
2024-03-25 16:58:45.2610,0.67,1.18,-0.52,-0.22,-0.0,-0.02
2024-03-25 16:58:45.2710,0.49,1.66,-0.47,-0.4,-0.0,0.01
2024-03-25 16:58:45.2820,0.23,1.95,-0.22,-0.57,0.08,0.08
2024-03-25 16:58:45.2910,-0.04,1.96,0.7,-0.68,0.26,0.19
2024-03-25 16:58:45.3020,-0.16,1.68,1.97,-0.71,0.51,0.26
2024-03-25 16:58:45.3120,0.16,1.15,3.49,-0.64,0.72,0.23
2024-03-25 16:58:45.3210,0.53,0.44,4.96,-0.48,0.77,0.09
2024-03-25 16:58:45.3320,0.76,-0.2,6.46,-0.24,0.58,-0.17
2024-03-25 16:58:45.3410,1.11,-0.26,7.49,0.01,0.14,-0.42
2024-03-25 16:58:45.3510,0.87,-0.31,7.7,0.22,-0.38,-0.61
2024-03-25 16:58:45.3610,0.8,0.44,7.15,0.27,-0.69,-0.73
2024-03-25 16:58:45.3710,0.52,0.93,5.96,0.15,-0.65,-0.65
2024-03-25 16:58:45.3820,0.12,1.25,4.93,0.06,-0.4,-0.44
2024-03-25 16:58:45.3910,-0.42,0.77,5.1,0.18,-0.11,-0.24
2024-03-25 16:58:45.4010,-0.39,-0.3,6.08,0.47,0.03,-0.21
2024-03-25 16:58:45.4110,0.41,-1.28,6.25,0.7,-0.04,-0.35
2024-03-25 16:58:45.4210,1.05,-1.87,4.85,0.76,-0.23,-0.53
2024-03-25 16:58:45.4310,1.06,-1.99,3.04,0.74,-0.39,-0.63
2024-03-25 16:58:45.4410,0.52,-1.8,1.71,0.69,-0.4,-0.6
2024-03-25 16:58:45.4510,-0.08,-1.44,0.89,0.63,-0.3,-0.48
2024-03-25 16:58:45.4610,-0.48,-1.21,0.14,0.53,-0.15,-0.32
2024-03-25 16:58:45.4710,-0.72,-1.01,-0.54,0.33,-0.01,-0.14
2024-03-25 16:58:45.4810,-0.84,-0.92,-1.29,0.06,0.08,0.01
2024-03-25 16:58:45.4910,-1.09,-0.94,-1.77,-0.28,0.15,0.18
2024-03-25 16:58:45.5010,-1.47,-1.09,-2.0,-0.56,0.19,0.36
2024-03-25 16:58:45.5110,-1.72,-1.46,-1.5,-0.73,0.24,0.49
2024-03-25 16:58:45.5210,-1.49,-1.97,-0.72,-0.78,0.25,0.5
2024-03-25 16:58:45.5310,-0.76,-2.31,-0.11,-0.71,0.2,0.42
2024-03-25 16:58:45.5410,-0.04,-2.34,0.37,-0.56,0.09,0.24
2024-03-25 16:58:45.5510,0.58,-2.09,0.36,-0.41,-0.01,0.04
2024-03-25 16:58:45.5610,0.88,-1.63,-0.19,-0.28,-0.07,-0.12
2024-03-25 16:58:45.5710,0.79,-1.05,-1.03,-0.19,-0.1,-0.2
2024-03-25 16:58:45.5810,0.58,-0.54,-1.95,-0.12,-0.1,-0.23
2024-03-25 16:58:45.5910,0.54,-0.08,-2.64,-0.05,-0.06,-0.22
2024-03-25 16:58:45.6010,0.62,0.31,-3.2,0.01,-0.01,-0.2
2024-03-25 16:58:45.6110,0.83,0.56,-3.67,0.08,0.02,-0.19
2024-03-25 16:58:45.6210,1.15,0.64,-3.88,0.17,0.02,-0.22
2024-03-25 16:58:45.6310,1.42,0.64,-4.02,0.25,-0.0,-0.23
2024-03-25 16:58:45.6410,1.37,0.58,-4.18,0.28,-0.03,-0.22
2024-03-25 16:58:45.6510,1.26,0.54,-4.47,0.23,-0.03,-0.17
2024-03-25 16:58:45.6610,0.93,0.46,-4.68,0.15,0.02,-0.06
2024-03-25 16:58:45.6710,0.55,0.39,-4.52,0.09,0.09,0.06
2024-03-25 16:58:45.6810,0.49,0.25,-3.93,0.08,0.14,0.15
2024-03-25 16:58:45.6910,0.57,0.08,-3.19,0.12,0.13,0.2
2024-03-25 16:58:45.7010,0.71,-0.06,-2.48,0.16,0.03,0.18
2024-03-25 16:58:45.7110,1.02,0.06,-2.05,0.12,-0.11,0.15
2024-03-25 16:58:45.7210,1.08,0.09,-2.12,0.02,-0.24,0.13
2024-03-25 16:58:45.7310,1.13,0.2,-1.94,-0.1,-0.31,0.13
2024-03-25 16:58:45.7410,1.11,0.34,-1.6,-0.19,-0.26,0.19
2024-03-25 16:58:45.7510,0.96,0.39,-0.99,-0.23,-0.14,0.26
2024-03-25 16:58:45.7610,0.96,0.51,-0.23,-0.24,0.0,0.32
2024-03-25 16:58:45.7710,1.09,0.59,0.34,-0.28,0.09,0.32
2024-03-25 16:58:45.7810,1.33,0.69,0.86,-0.33,0.11,0.27
2024-03-25 16:58:45.7910,1.57,0.72,1.43,-0.35,0.12,0.18
2024-03-25 16:58:45.8010,1.71,0.75,2.23,-0.33,0.15,0.06
2024-03-25 16:58:45.8110,1.72,0.71,3.07,-0.24,0.21,-0.04
2024-03-25 16:58:45.8210,1.54,0.69,3.99,-0.09,0.32,-0.13
2024-03-25 16:58:45.8310,1.28,0.74,4.8,0.09,0.46,-0.2
2024-03-25 16:58:45.8410,1.0,0.82,5.4,0.28,0.53,-0.26
2024-03-25 16:58:45.8510,0.67,0.95,5.75,0.47,0.5,-0.32
2024-03-25 16:58:45.8610,0.39,1.23,5.91,0.62,0.4,-0.38
2024-03-25 16:58:45.8710,0.08,1.54,5.65,0.67,0.26,-0.4
2024-03-25 16:58:45.8810,-0.34,1.79,4.85,0.57,0.17,-0.33
2024-03-25 16:58:45.8910,-1.11,1.66,3.97,0.43,0.19,-0.12
2024-03-25 16:58:45.9010,-1.9,1.3,3.84,0.41,0.18,0.13
2024-03-25 16:58:45.9110,-1.97,0.77,4.51,0.54,0.09,0.26
2024-03-25 16:58:45.9210,-1.03,-0.12,4.87,0.67,0.01,0.25
2024-03-25 16:58:45.9310,-0.22,-1.4,4.05,0.75,-0.04,0.22
2024-03-25 16:58:45.9410,-0.09,-2.36,2.9,0.72,-0.05,0.17
2024-03-25 16:58:45.9510,-0.14,-3.23,1.76,0.62,-0.05,0.14
2024-03-25 16:58:45.9610,-0.38,-3.81,1.01,0.5,-0.03,0.11
2024-03-25 16:58:45.9710,-0.69,-4.18,0.57,0.41,-0.07,0.05
2024-03-25 16:58:45.9810,-0.82,-4.32,0.13,0.36,-0.15,-0.05
2024-03-25 16:58:45.9910,-0.96,-4.28,-0.41,0.32,-0.19,-0.15
2024-03-25 16:58:46.0010,-1.16,-3.96,-1.11,0.22,-0.2,-0.22
2024-03-25 16:58:46.0110,-1.47,-3.33,-1.96,0.05,-0.2,-0.24
2024-03-25 16:58:46.0210,-1.68,-2.4,-2.78,-0.18,-0.23,-0.2
2024-03-25 16:58:46.0310,-1.86,-1.41,-3.28,-0.41,-0.23,-0.08
2024-03-25 16:58:46.0410,-2.03,-0.67,-3.3,-0.57,-0.2,0.08
2024-03-25 16:58:46.0510,-1.9,-0.14,-2.97,-0.64,-0.15,0.21
2024-03-25 16:58:46.0610,-1.54,0.11,-2.65,-0.64,-0.14,0.28
2024-03-25 16:58:46.0710,-1.01,0.22,-2.53,-0.62,-0.16,0.29
2024-03-25 16:58:46.0810,-0.66,0.28,-2.66,-0.57,-0.2,0.28
2024-03-25 16:58:46.0910,-0.49,0.4,-2.76,-0.49,-0.22,0.27
2024-03-25 16:58:46.1010,-0.45,0.47,-2.84,-0.41,-0.25,0.27
2024-03-25 16:58:46.1110,-0.42,0.51,-3.12,-0.34,-0.27,0.28
2024-03-25 16:58:46.1210,-0.39,0.56,-3.33,-0.27,-0.29,0.29
2024-03-25 16:58:46.1310,-0.25,0.57,-3.52,-0.22,-0.29,0.32
2024-03-25 16:58:46.1410,-0.15,0.53,-3.82,-0.16,-0.29,0.32
2024-03-25 16:58:46.1510,0.12,0.46,-4.06,-0.12,-0.27,0.29
2024-03-25 16:58:46.1610,0.45,0.26,-4.32,-0.09,-0.19,0.23
2024-03-25 16:58:46.1710,0.76,0.07,-4.39,-0.05,-0.06,0.17
2024-03-25 16:58:46.1810,0.71,-0.03,-4.22,-0.01,0.07,0.11
2024-03-25 16:58:46.1910,0.56,0.04,-3.93,0.0,0.14,0.06
2024-03-25 16:58:46.2010,0.3,0.1,-3.57,-0.03,0.14,0.04
2024-03-25 16:58:46.2110,-0.08,0.17,-3.19,-0.07,0.1,0.05
2024-03-25 16:58:46.2210,-0.47,0.36,-2.68,-0.11,0.05,0.09
2024-03-25 16:58:46.2310,-0.67,0.55,-2.06,-0.13,0.03,0.12
2024-03-25 16:58:46.2410,-0.62,0.69,-1.42,-0.1,-0.02,0.14
2024-03-25 16:58:46.2510,-0.55,0.83,-0.7,-0.07,-0.02,0.1
2024-03-25 16:58:46.2610,-0.43,0.78,-0.12,-0.06,-0.02,0.06
2024-03-25 16:58:46.2710,-0.37,0.84,0.32,-0.06,-0.05,0.01
2024-03-25 16:58:46.2810,-0.32,1.04,0.89,-0.06,-0.13,-0.06
2024-03-25 16:58:46.2910,-0.33,1.31,1.44,-0.07,-0.22,-0.09
2024-03-25 16:58:46.3010,-0.55,1.62,1.82,-0.1,-0.28,-0.06
2024-03-25 16:58:46.3110,-0.75,1.88,2.12,-0.12,-0.32,0.0
2024-03-25 16:58:46.3210,-0.85,1.99,2.49,-0.16,-0.27,0.09
2024-03-25 16:58:46.3310,-0.82,1.71,2.92,-0.19,-0.23,0.14
2024-03-25 16:58:46.3410,-0.44,1.58,3.53,-0.23,-0.27,0.1
2024-03-25 16:58:46.3510,-0.03,1.28,4.11,-0.27,-0.4,-0.04
2024-03-25 16:58:46.3610,0.31,1.18,4.93,-0.18,-0.61,-0.2
2024-03-25 16:58:46.3710,0.45,1.11,6.11,0.0,-0.77,-0.4
2024-03-25 16:58:46.3810,0.76,1.38,6.73,0.2,-0.88,-0.63
2024-03-25 16:58:46.3910,1.18,2.07,6.42,0.31,-0.84,-0.76
2024-03-25 16:58:46.4010,1.1,2.78,5.74,0.41,-0.55,-0.73
2024-03-25 16:58:46.4110,0.77,3.27,5.54,0.48,-0.2,-0.53
2024-03-25 16:58:46.4210,0.39,3.19,5.46,0.52,0.08,-0.26
2024-03-25 16:58:46.4310,0.33,2.35,5.25,0.51,0.19,-0.1
2024-03-25 16:58:46.4410,0.55,0.67,4.8,0.52,0.11,-0.03
2024-03-25 16:58:46.4510,0.77,-0.91,4.58,0.56,-0.1,-0.08
2024-03-25 16:58:46.4610,1.26,-2.43,4.26,0.64,-0.32,-0.26
2024-03-25 16:58:46.4710,1.84,-3.56,3.6,0.74,-0.44,-0.52
2024-03-25 16:58:46.4810,2.09,-4.0,2.68,0.85,-0.42,-0.73
2024-03-25 16:58:46.4910,1.63,-3.83,1.5,0.86,-0.18,-0.76
2024-03-25 16:58:46.5010,0.85,-3.27,0.11,0.81,0.07,-0.7
2024-03-25 16:58:46.5110,0.11,-2.97,-1.24,0.69,0.31,-0.57
2024-03-25 16:58:46.5210,-0.5,-2.7,-2.29,0.49,0.48,-0.4
2024-03-25 16:58:46.5310,-1.01,-2.58,-3.18,0.24,0.56,-0.23
2024-03-25 16:58:46.5410,-1.29,-2.73,-3.64,-0.01,0.57,-0.1
2024-03-25 16:58:46.5510,-1.18,-3.0,-3.82,-0.21,0.49,-0.08
2024-03-25 16:58:46.5610,-0.84,-3.28,-3.78,-0.31,0.33,-0.12
2024-03-25 16:58:46.5710,-0.55,-3.43,-3.56,-0.33,0.15,-0.21
2024-03-25 16:58:46.5810,-0.31,-3.24,-3.46,-0.32,-0.03,-0.33
2024-03-25 16:58:46.5910,-0.08,-2.71,-3.8,-0.35,-0.12,-0.42
2024-03-25 16:58:46.6010,-0.12,-2.16,-4.58,-0.42,-0.09,-0.47
2024-03-25 16:58:46.6110,-0.22,-1.65,-5.17,-0.47,0.04,-0.46
2024-03-25 16:58:46.6210,-0.4,-1.18,-5.32,-0.49,0.21,-0.41
2024-03-25 16:58:46.6310,-0.62,-0.73,-5.46,-0.51,0.42,-0.33
2024-03-25 16:58:46.6410,-0.74,-0.36,-5.57,-0.55,0.56,-0.28
2024-03-25 16:58:46.6510,-0.68,-0.04,-5.6,-0.6,0.62,-0.21
2024-03-25 16:58:46.6610,-0.87,0.08,-5.25,-0.59,0.56,-0.12
2024-03-25 16:58:46.6710,-1.1,0.3,-4.39,-0.58,0.4,-0.03
2024-03-25 16:58:46.6810,-1.24,0.48,-3.84,-0.57,0.2,0.07
2024-03-25 16:58:46.6910,-1.25,0.67,-3.46,-0.62,0.04,0.17
2024-03-25 16:58:46.7010,-0.93,0.73,-3.27,-0.67,-0.03,0.23
2024-03-25 16:58:46.7110,-0.32,0.77,-2.97,-0.67,0.02,0.26
2024-03-25 16:58:46.7210,0.01,0.71,-2.22,-0.6,0.17,0.32
2024-03-25 16:58:46.7310,0.02,0.63,-1.18,-0.47,0.27,0.36
2024-03-25 16:58:46.7410,0.06,0.59,-0.25,-0.36,0.28,0.39
2024-03-25 16:58:46.7510,0.07,0.56,0.32,-0.28,0.13,0.36
2024-03-25 16:58:46.7610,0.18,0.49,0.73,-0.22,-0.1,0.29
2024-03-25 16:58:46.7710,0.37,0.6,1.17,-0.19,-0.28,0.21
2024-03-25 16:58:46.7810,0.58,0.7,1.29,-0.18,-0.33,0.15
2024-03-25 16:58:46.7910,0.57,0.92,1.5,-0.16,-0.25,0.15
2024-03-25 16:58:46.8010,0.13,1.13,1.92,-0.16,-0.08,0.21
2024-03-25 16:58:46.8110,-0.18,1.35,2.31,-0.16,0.12,0.27
2024-03-25 16:58:46.8210,-0.2,1.37,2.94,-0.09,0.21,0.31
2024-03-25 16:58:46.8310,-0.25,1.22,3.94,0.05,0.16,0.29
2024-03-25 16:58:46.8410,-0.1,1.17,4.8,0.22,0.02,0.22
2024-03-25 16:58:46.8510,0.15,1.03,5.02,0.38,-0.15,0.11
2024-03-25 16:58:46.8610,0.48,1.09,4.89,0.51,-0.24,-0.01
2024-03-25 16:58:46.8710,0.76,1.19,4.46,0.65,-0.24,-0.12
2024-03-25 16:58:46.8810,0.91,1.37,4.17,0.77,-0.12,-0.19
2024-03-25 16:58:46.8910,0.89,1.58,3.76,0.79,0.02,-0.21
2024-03-25 16:58:46.9010,0.73,1.93,3.3,0.74,0.16,-0.17
2024-03-25 16:58:46.9110,0.18,2.04,3.15,0.63,0.3,-0.03
2024-03-25 16:58:46.9210,-0.9,1.59,3.33,0.5,0.48,0.3
2024-03-25 16:58:46.9310,-2.14,0.59,4.0,0.52,0.46,0.63
2024-03-25 16:58:46.9410,-2.28,-0.84,5.27,0.68,0.19,0.7
2024-03-25 16:58:46.9510,-1.08,-2.29,5.53,0.84,-0.18,0.56
2024-03-25 16:58:46.9610,-0.08,-3.47,4.48,0.86,-0.48,0.33
2024-03-25 16:58:46.9710,0.31,-3.93,2.63,0.68,-0.58,0.19
2024-03-25 16:58:46.9810,0.0,-3.86,0.83,0.46,-0.49,0.18
2024-03-25 16:58:46.9910,-0.64,-3.51,0.19,0.28,-0.28,0.28
2024-03-25 16:58:47.0010,-1.26,-3.28,0.17,0.11,-0.03,0.43
2024-03-25 16:58:47.0110,-1.82,-3.3,0.19,-0.07,0.1,0.55
2024-03-25 16:58:47.0210,-2.02,-3.4,0.15,-0.25,0.08,0.57
2024-03-25 16:58:47.0310,-1.92,-3.49,0.34,-0.38,-0.03,0.49
2024-03-25 16:58:47.0410,-1.5,-3.35,0.52,-0.4,-0.17,0.3
2024-03-25 16:58:47.0510,-1.05,-2.86,0.7,-0.33,-0.22,0.16
2024-03-25 16:58:47.0610,-1.02,-2.15,0.59,-0.21,-0.15,0.07
2024-03-25 16:58:47.0710,-1.01,-1.48,0.06,-0.06,0.02,0.02
2024-03-25 16:58:47.0810,-0.99,-0.91,-0.7,0.06,0.21,0.02
2024-03-25 16:58:47.0910,-1.17,-0.32,-1.68,0.14,0.36,0.05
2024-03-25 16:58:47.1010,-1.41,0.15,-2.76,0.14,0.43,0.11
2024-03-25 16:58:47.1110,-1.5,0.54,-3.77,0.06,0.43,0.18
2024-03-25 16:58:47.1210,-1.5,0.74,-4.64,-0.04,0.35,0.25
2024-03-25 16:58:47.1310,-1.51,0.79,-5.09,-0.13,0.19,0.33
2024-03-25 16:58:47.1410,-1.53,0.78,-5.07,-0.17,0.04,0.43
2024-03-25 16:58:47.1510,-1.42,0.8,-4.94,-0.17,-0.05,0.51
2024-03-25 16:58:47.1610,-1.17,0.79,-4.99,-0.18,-0.05,0.62
2024-03-25 16:58:47.1710,-0.93,0.69,-5.19,-0.22,0.03,0.71
2024-03-25 16:58:47.1810,-0.59,0.59,-5.3,-0.27,0.13,0.76
2024-03-25 16:58:47.1910,-0.1,0.48,-5.15,-0.31,0.23,0.78
2024-03-25 16:58:47.2010,0.25,0.31,-4.68,-0.33,0.3,0.76
2024-03-25 16:58:47.2110,0.47,0.16,-4.08,-0.33,0.34,0.76
2024-03-25 16:58:47.2210,0.52,-0.03,-3.31,-0.28,0.35,0.73
2024-03-25 16:58:47.2310,0.65,-0.21,-2.26,-0.18,0.33,0.67
2024-03-25 16:58:47.2410,0.89,-0.29,-1.37,-0.1,0.23,0.58
2024-03-25 16:58:47.2510,1.09,-0.24,-0.98,-0.06,0.1,0.48
2024-03-25 16:58:47.2610,1.24,-0.07,-0.82,-0.05,-0.02,0.39
2024-03-25 16:58:47.2710,1.37,0.12,-0.66,-0.06,-0.08,0.29
2024-03-25 16:58:47.2810,1.52,0.31,-0.47,-0.08,-0.08,0.21
2024-03-25 16:58:47.2900,1.49,0.47,-0.21,-0.1,-0.02,0.17
2024-03-25 16:58:47.3010,1.32,0.61,0.23,-0.09,0.05,0.15
2024-03-25 16:58:47.3110,1.24,0.76,0.85,-0.08,0.1,0.13
2024-03-25 16:58:47.3200,1.25,0.88,1.41,-0.1,0.11,0.1
2024-03-25 16:58:47.3310,1.21,0.94,1.92,-0.14,0.05,0.06
2024-03-25 16:58:47.3410,1.11,0.93,2.47,-0.2,-0.0,0.0
2024-03-25 16:58:47.3510,1.08,0.73,3.11,-0.21,-0.04,-0.1
2024-03-25 16:58:47.3600,1.13,0.4,4.2,-0.07,-0.11,-0.27
2024-03-25 16:58:47.3710,1.27,0.2,5.49,0.21,-0.24,-0.51
2024-03-25 16:58:47.3800,1.41,0.32,6.22,0.5,-0.39,-0.79
2024-03-25 16:58:47.3910,1.49,0.87,5.8,0.66,-0.43,-1.0
2024-03-25 16:58:47.4000,1.29,1.78,4.54,0.65,-0.33,-1.06
2024-03-25 16:58:47.4100,0.6,2.56,3.43,0.53,-0.1,-0.9
2024-03-25 16:58:47.4200,-0.51,3.1,3.11,0.47,0.13,-0.58
2024-03-25 16:58:47.4300,-1.36,3.01,3.93,0.55,0.17,-0.29
2024-03-25 16:58:47.4400,-1.31,2.0,4.86,0.63,0.01,-0.18
2024-03-25 16:58:47.4500,-0.5,0.81,4.61,0.64,-0.21,-0.19
2024-03-25 16:58:47.4600,0.32,-0.25,3.85,0.71,-0.41,-0.28
2024-03-25 16:58:47.4710,0.99,-1.12,3.57,0.82,-0.5,-0.41
2024-03-25 16:58:47.4800,1.41,-1.75,3.0,0.9,-0.47,-0.51
2024-03-25 16:58:47.4900,1.45,-1.93,2.03,0.93,-0.36,-0.55
2024-03-25 16:58:47.5000,1.25,-1.85,1.07,0.87,-0.22,-0.53
2024-03-25 16:58:47.5100,0.99,-1.54,0.02,0.69,-0.07,-0.44
2024-03-25 16:58:47.5200,0.55,-1.38,-0.99,0.46,0.11,-0.31
2024-03-25 16:58:47.5300,0.1,-1.5,-1.49,0.21,0.27,-0.14
2024-03-25 16:58:47.5400,-0.35,-1.8,-1.58,-0.01,0.36,0.02
2024-03-25 16:58:47.5500,-0.58,-2.24,-1.35,-0.18,0.33,0.12
2024-03-25 16:58:47.5600,-0.47,-2.73,-1.05,-0.31,0.21,0.13
2024-03-25 16:58:47.5700,-0.16,-3.18,-1.0,-0.41,0.04,0.07
2024-03-25 16:58:47.5800,0.22,-3.51,-1.17,-0.45,-0.13,-0.05
2024-03-25 16:58:47.5900,0.65,-3.57,-1.33,-0.45,-0.25,-0.22
2024-03-25 16:58:47.6010,0.93,-3.47,-1.68,-0.44,-0.28,-0.37
2024-03-25 16:58:47.6110,0.87,-3.09,-2.25,-0.43,-0.25,-0.46
2024-03-25 16:58:47.6200,0.57,-2.61,-2.82,-0.4,-0.18,-0.51
2024-03-25 16:58:47.6300,0.29,-2.11,-3.27,-0.37,-0.13,-0.53
2024-03-25 16:58:47.6400,0.01,-1.63,-3.76,-0.36,-0.1,-0.53
2024-03-25 16:58:47.6500,-0.23,-1.15,-4.22,-0.36,-0.08,-0.51
2024-03-25 16:58:47.6600,-0.41,-0.7,-4.62,-0.39,-0.05,-0.45
2024-03-25 16:58:47.6700,-0.58,-0.26,-4.87,-0.42,-0.03,-0.36
2024-03-25 16:58:47.6800,-0.76,0.15,-5.0,-0.49,-0.01,-0.25
2024-03-25 16:58:47.6900,-0.86,0.45,-5.02,-0.53,0.02,-0.11
2024-03-25 16:58:47.7000,-0.86,0.55,-4.56,-0.52,0.05,-0.01
2024-03-25 16:58:47.7100,-0.63,0.52,-3.82,-0.5,0.08,0.07
2024-03-25 16:58:47.7200,-0.53,0.39,-3.24,-0.48,0.11,0.14
2024-03-25 16:58:47.7310,-0.44,0.32,-2.68,-0.46,0.14,0.2
2024-03-25 16:58:47.7400,-0.34,0.26,-2.24,-0.47,0.14,0.24
2024-03-25 16:58:47.7500,-0.24,0.24,-1.91,-0.5,0.09,0.27
2024-03-25 16:58:47.7600,-0.22,0.27,-1.57,-0.53,0.02,0.32
2024-03-25 16:58:47.7700,-0.24,0.24,-1.07,-0.5,-0.04,0.34
2024-03-25 16:58:47.7800,0.03,0.13,-0.12,-0.36,-0.09,0.29
2024-03-25 16:58:47.7900,0.51,0.05,0.97,-0.19,-0.11,0.16
2024-03-25 16:58:47.8000,1.03,0.14,1.37,-0.08,-0.09,0.01
2024-03-25 16:58:47.8100,1.3,0.37,1.23,-0.05,0.01,-0.12
2024-03-25 16:58:47.8200,1.26,0.82,1.14,-0.04,0.16,-0.19
2024-03-25 16:58:47.8300,0.88,1.23,1.43,-0.02,0.33,-0.17
2024-03-25 16:58:47.8400,0.35,1.71,2.03,0.02,0.43,-0.13
2024-03-25 16:58:47.8500,-0.06,2.14,2.47,0.03,0.4,-0.08
2024-03-25 16:58:47.8600,-0.49,2.25,2.8,0.09,0.24,-0.03
2024-03-25 16:58:47.8700,-0.73,2.43,3.37,0.21,0.08,0.0
2024-03-25 16:58:47.8800,-0.66,2.46,3.68,0.31,0.01,0.0
2024-03-25 16:58:47.8900,-0.33,2.33,3.4,0.4,-0.02,-0.04
2024-03-25 16:58:47.9000,0.06,2.39,3.37,0.49,-0.01,-0.08
2024-03-25 16:58:47.9100,0.25,2.63,3.46,0.48,0.06,-0.09
2024-03-25 16:58:47.9200,0.11,2.7,3.08,0.33,0.23,0.07
2024-03-25 16:58:47.9300,-0.94,2.25,2.97,0.13,0.53,0.45
2024-03-25 16:58:47.9400,-2.08,1.36,3.97,0.02,0.67,0.8
2024-03-25 16:58:47.9500,-2.06,0.16,5.51,0.08,0.57,0.95
2024-03-25 16:58:47.9600,-1.18,-1.35,6.84,0.28,0.23,0.86
2024-03-25 16:58:47.9700,-0.28,-2.67,7.35,0.39,-0.12,0.69
2024-03-25 16:58:47.9800,0.06,-3.42,6.27,0.32,-0.29,0.56
2024-03-25 16:58:47.9900,-0.09,-3.73,4.76,0.2,-0.33,0.48
2024-03-25 16:58:48.0000,-0.41,-3.76,3.95,0.13,-0.23,0.49
2024-03-25 16:58:48.0100,-0.75,-3.78,3.49,0.11,-0.03,0.52
2024-03-25 16:58:48.0200,-0.93,-3.76,2.94,0.08,0.16,0.52
2024-03-25 16:58:48.0300,-0.92,-3.73,1.96,-0.0,0.27,0.48
2024-03-25 16:58:48.0400,-0.78,-3.64,0.82,-0.09,0.25,0.37
2024-03-25 16:58:48.0500,-0.52,-3.48,0.01,-0.15,0.21,0.22
2024-03-25 16:58:48.0600,-0.24,-3.18,-0.45,-0.14,0.16,0.07
2024-03-25 16:58:48.0700,-0.05,-2.79,-0.87,-0.08,0.13,-0.09
2024-03-25 16:58:48.0800,0.11,-2.29,-1.27,0.03,0.15,-0.2
2024-03-25 16:58:48.0900,0.15,-1.75,-1.74,0.15,0.19,-0.29
2024-03-25 16:58:48.1000,0.18,-1.28,-2.4,0.22,0.21,-0.36
2024-03-25 16:58:48.1100,0.19,-0.89,-3.3,0.23,0.24,-0.36
2024-03-25 16:58:48.1200,0.21,-0.34,-4.1,0.19,0.21,-0.38
2024-03-25 16:58:48.1300,0.17,-0.15,-4.91,0.1,0.17,-0.36
2024-03-25 16:58:48.1400,0.06,0.21,-5.26,0.02,0.11,-0.3
2024-03-25 16:58:48.1500,-0.12,0.36,-5.32,-0.02,0.06,-0.23
2024-03-25 16:58:48.1600,-0.25,0.46,-5.11,-0.03,0.03,-0.15
2024-03-25 16:58:48.1700,-0.33,0.45,-4.99,-0.01,0.05,-0.06
2024-03-25 16:58:48.1800,-0.53,0.32,-4.69,0.03,0.06,0.04
2024-03-25 16:58:48.1900,-0.7,0.25,-4.42,0.02,0.06,0.11
2024-03-25 16:58:48.2000,-0.68,0.15,-4.57,-0.06,0.01,0.14
2024-03-25 16:58:48.2100,-0.53,0.04,-4.63,-0.13,-0.03,0.14
2024-03-25 16:58:48.2200,-0.35,-0.01,-4.17,-0.15,-0.06,0.11
2024-03-25 16:58:48.2300,-0.2,0.09,-3.45,-0.15,-0.1,0.07
2024-03-25 16:58:48.2400,-0.17,0.25,-3.03,-0.17,-0.12,0.06
2024-03-25 16:58:48.2500,-0.33,0.42,-2.68,-0.15,-0.11,0.07
2024-03-25 16:58:48.2600,-0.48,0.61,-2.12,-0.12,-0.03,0.11
2024-03-25 16:58:48.2700,-0.52,0.68,-1.57,-0.04,0.1,0.13
2024-03-25 16:58:48.2800,-0.38,0.72,-0.86,0.05,0.18,0.13
2024-03-25 16:58:48.2900,-0.22,0.85,-0.45,0.04,0.15,0.09
2024-03-25 16:58:48.3000,-0.11,0.98,-0.55,-0.06,0.03,0.04
2024-03-25 16:58:48.3100,-0.11,1.04,-0.55,-0.17,-0.07,-0.0
2024-03-25 16:58:48.3200,-0.18,1.01,0.02,-0.2,-0.1,-0.02
2024-03-25 16:58:48.3300,-0.17,1.01,1.08,-0.16,-0.06,-0.03
2024-03-25 16:58:48.3400,-0.07,1.01,2.0,-0.09,0.02,-0.04
2024-03-25 16:58:48.3500,0.09,0.98,2.6,-0.04,0.1,-0.09
2024-03-25 16:58:48.3600,0.26,0.89,2.86,-0.03,0.14,-0.17
2024-03-25 16:58:48.3700,0.25,0.8,3.07,-0.04,0.12,-0.26
2024-03-25 16:58:48.3800,0.02,0.81,3.48,0.02,0.09,-0.35
2024-03-25 16:58:48.3900,-0.13,0.79,4.14,0.18,0.06,-0.46
2024-03-25 16:58:48.4000,0.08,0.93,4.85,0.4,-0.02,-0.61
2024-03-25 16:58:48.4100,0.34,1.47,4.94,0.53,-0.06,-0.75
2024-03-25 16:58:48.4200,0.4,2.15,4.25,0.51,-0.0,-0.76
2024-03-25 16:58:48.4300,-0.07,2.61,3.52,0.4,0.13,-0.61
2024-03-25 16:58:48.4400,-0.79,2.76,3.52,0.39,0.26,-0.33
2024-03-25 16:58:48.4500,-1.05,2.33,4.39,0.49,0.32,-0.12
2024-03-25 16:58:48.4600,-0.43,0.86,5.06,0.65,0.34,-0.07
2024-03-25 16:58:48.4700,0.66,-0.54,4.74,0.76,0.29,-0.12
2024-03-25 16:58:48.4800,1.32,-1.7,3.84,0.8,0.15,-0.26
2024-03-25 16:58:48.4900,1.69,-2.41,3.01,0.76,0.04,-0.38
2024-03-25 16:58:48.5000,1.65,-2.73,2.16,0.69,-0.0,-0.45
2024-03-25 16:58:48.5100,1.3,-2.73,1.46,0.62,0.04,-0.43
2024-03-25 16:58:48.5200,0.78,-2.64,0.98,0.54,0.13,-0.36
2024-03-25 16:58:48.5300,0.41,-2.5,0.4,0.39,0.21,-0.26
2024-03-25 16:58:48.5400,0.13,-2.36,-0.44,0.14,0.22,-0.15
2024-03-25 16:58:48.5500,-0.19,-2.3,-1.24,-0.13,0.15,-0.04
2024-03-25 16:58:48.5600,-0.45,-2.43,-1.45,-0.33,0.04,0.02
2024-03-25 16:58:48.5700,-0.49,-2.7,-1.3,-0.44,-0.07,0.02
2024-03-25 16:58:48.5800,-0.31,-2.99,-1.23,-0.48,-0.16,-0.05
2024-03-25 16:58:48.5900,0.07,-3.0,-1.37,-0.47,-0.26,-0.18
2024-03-25 16:58:48.6000,0.48,-2.57,-1.83,-0.48,-0.33,-0.31
2024-03-25 16:58:48.6100,0.7,-1.94,-2.69,-0.54,-0.38,-0.4
2024-03-25 16:58:48.6200,0.64,-1.33,-3.52,-0.6,-0.45,-0.47
2024-03-25 16:58:48.6300,0.42,-0.8,-3.99,-0.66,-0.52,-0.48
2024-03-25 16:58:48.6400,0.09,-0.35,-4.21,-0.7,-0.56,-0.43
2024-03-25 16:58:48.6500,-0.25,0.12,-4.15,-0.71,-0.54,-0.31
2024-03-25 16:58:48.6600,-0.41,0.49,-4.0,-0.69,-0.44,-0.2
2024-03-25 16:58:48.6700,-0.23,0.69,-3.73,-0.62,-0.29,-0.11
2024-03-25 16:58:48.6800,0.11,0.64,-3.23,-0.53,-0.09,-0.07
2024-03-25 16:58:48.6900,0.33,0.39,-2.67,-0.39,0.1,-0.05
2024-03-25 16:58:48.7000,0.44,0.08,-1.86,-0.24,0.16,-0.07
2024-03-25 16:58:48.7100,0.39,-0.22,-1.35,-0.15,0.11,-0.1
2024-03-25 16:58:48.7200,0.27,-0.27,-1.3,-0.12,-0.01,-0.12
2024-03-25 16:58:48.7300,0.15,-0.16,-1.48,-0.15,-0.1,-0.1
2024-03-25 16:58:48.7400,-0.08,0.02,-1.64,-0.19,-0.17,-0.03
2024-03-25 16:58:48.7500,-0.34,0.17,-1.56,-0.2,-0.21,0.06
2024-03-25 16:58:48.7600,-0.46,0.34,-1.24,-0.2,-0.24,0.14
2024-03-25 16:58:48.7700,-0.34,0.43,-1.13,-0.21,-0.24,0.19
2024-03-25 16:58:48.7800,-0.11,0.48,-1.23,-0.2,-0.23,0.19
2024-03-25 16:58:48.7900,0.22,0.57,-1.14,-0.17,-0.19,0.16
2024-03-25 16:58:48.8000,0.45,0.66,-0.98,-0.14,-0.12,0.12
2024-03-25 16:58:48.8100,0.57,0.82,-0.79,-0.11,-0.04,0.08
2024-03-25 16:58:48.8200,0.6,1.0,-0.62,-0.14,0.05,0.06
2024-03-25 16:58:48.8300,0.5,1.17,-0.46,-0.19,0.14,0.08
2024-03-25 16:58:48.8400,0.12,1.36,0.08,-0.2,0.19,0.14
2024-03-25 16:58:48.8500,-0.19,1.51,0.95,-0.17,0.21,0.18
2024-03-25 16:58:48.8600,-0.19,1.55,1.75,-0.12,0.19,0.17
2024-03-25 16:58:48.8700,-0.12,1.51,2.37,-0.04,0.16,0.12
2024-03-25 16:58:48.8800,0.06,1.47,2.8,0.05,0.14,0.03
2024-03-25 16:58:48.8900,0.26,1.41,3.09,0.15,0.14,-0.07
2024-03-25 16:58:48.9000,0.26,1.45,3.33,0.26,0.15,-0.11
2024-03-25 16:58:48.9100,-0.03,1.53,3.51,0.35,0.16,-0.12
2024-03-25 16:58:48.9200,-0.24,1.67,3.47,0.39,0.18,-0.1
2024-03-25 16:58:48.9300,-0.34,1.79,3.41,0.41,0.16,-0.06
2024-03-25 16:58:48.9400,-0.31,2.02,3.38,0.34,0.1,-0.01
2024-03-25 16:58:48.9500,-0.44,2.16,3.02,0.12,0.08,0.11
2024-03-25 16:58:48.9600,-1.03,1.91,2.58,-0.13,0.12,0.36
2024-03-25 16:58:48.9700,-1.68,1.25,3.06,-0.18,0.18,0.61
2024-03-25 16:58:48.9800,-1.46,0.21,4.74,0.03,0.22,0.72
2024-03-25 16:58:48.9900,-0.54,-1.23,6.04,0.37,0.11,0.65
2024-03-25 16:58:49.0000,0.42,-2.44,6.22,0.58,-0.12,0.42
2024-03-25 16:58:49.0100,0.97,-3.21,4.79,0.49,-0.31,0.24
2024-03-25 16:58:49.0200,0.6,-3.45,2.72,0.26,-0.48,0.16
2024-03-25 16:58:49.0300,-0.14,-3.41,1.61,0.04,-0.58,0.18
2024-03-25 16:58:49.0400,-0.78,-3.47,1.48,-0.06,-0.62,0.23
2024-03-25 16:58:49.0500,-1.11,-3.67,1.55,-0.11,-0.62,0.24
2024-03-25 16:58:49.0600,-1.06,-3.88,1.21,-0.14,-0.6,0.19
2024-03-25 16:58:49.0700,-0.85,-3.91,0.57,-0.16,-0.57,0.09
2024-03-25 16:58:49.0800,-0.65,-3.65,-0.15,-0.18,-0.54,-0.04
2024-03-25 16:58:49.0900,-0.65,-3.04,-0.78,-0.2,-0.52,-0.11
2024-03-25 16:58:49.1000,-0.92,-2.25,-1.35,-0.23,-0.5,-0.12
2024-03-25 16:58:49.1100,-1.13,-1.63,-2.01,-0.27,-0.46,-0.09
2024-03-25 16:58:49.1200,-1.19,-1.2,-2.55,-0.28,-0.41,-0.05
2024-03-25 16:58:49.1300,-1.15,-0.85,-3.0,-0.25,-0.34,-0.0
2024-03-25 16:58:49.1400,-1.1,-0.57,-3.37,-0.2,-0.27,0.05
2024-03-25 16:58:49.1500,-1.07,-0.29,-3.79,-0.16,-0.22,0.09
2024-03-25 16:58:49.1600,-1.0,-0.09,-4.32,-0.14,-0.18,0.13
2024-03-25 16:58:49.1700,-0.98,0.0,-4.79,-0.12,-0.17,0.15
2024-03-25 16:58:49.1800,-0.91,0.08,-5.15,-0.12,-0.13,0.18
2024-03-25 16:58:49.1900,-0.93,0.2,-5.41,-0.16,-0.09,0.25
2024-03-25 16:58:49.2000,-1.16,0.36,-5.6,-0.19,-0.04,0.35
2024-03-25 16:58:49.2100,-1.26,0.58,-5.51,-0.23,-0.01,0.43
2024-03-25 16:58:49.2190,-1.08,0.76,-5.44,-0.27,0.02,0.51
2024-03-25 16:58:49.2290,-0.9,0.73,-5.06,-0.23,0.04,0.53
2024-03-25 16:58:49.2400,-0.55,0.75,-4.21,-0.21,0.08,0.55
2024-03-25 16:58:49.2500,-0.41,0.82,-3.85,-0.27,0.14,0.59
2024-03-25 16:58:49.2600,-0.39,0.95,-3.58,-0.37,0.17,0.63
2024-03-25 16:58:49.2700,-0.22,0.98,-2.95,-0.46,0.2,0.66
2024-03-25 16:58:49.2800,-0.06,0.99,-1.96,-0.52,0.21,0.68
2024-03-25 16:58:49.2900,0.04,0.93,-0.85,-0.5,0.16,0.68
2024-03-25 16:58:49.3000,0.23,0.88,0.37,-0.43,0.06,0.62
2024-03-25 16:58:49.3100,0.64,0.74,1.36,-0.29,-0.05,0.52
2024-03-25 16:58:49.3200,1.08,0.63,2.19,-0.12,-0.12,0.35
2024-03-25 16:58:49.3300,1.5,0.59,2.71,0.06,-0.12,0.18
2024-03-25 16:58:49.3400,1.65,0.65,2.8,0.17,-0.05,0.03
2024-03-25 16:58:49.3500,1.48,0.78,2.56,0.25,0.05,-0.06
2024-03-25 16:58:49.3600,1.04,1.11,2.42,0.29,0.13,-0.07
2024-03-25 16:58:49.3700,0.55,1.49,2.38,0.28,0.16,-0.05
2024-03-25 16:58:49.3800,0.36,1.73,2.26,0.22,0.12,-0.05
2024-03-25 16:58:49.3900,0.37,1.76,2.24,0.16,0.03,-0.08
2024-03-25 16:58:49.4000,0.38,1.62,2.51,0.16,-0.06,-0.16
2024-03-25 16:58:49.4100,0.55,1.29,3.09,0.26,-0.12,-0.31
2024-03-25 16:58:49.4190,0.86,0.95,3.75,0.46,-0.11,-0.49
2024-03-25 16:58:49.4300,1.0,0.8,4.2,0.73,-0.08,-0.71
2024-03-25 16:58:49.4400,0.98,0.92,4.1,0.95,-0.05,-0.9
2024-03-25 16:58:49.4500,0.85,1.36,3.24,1.07,-0.07,-1.07
2024-03-25 16:58:49.4600,0.77,2.02,2.11,1.03,-0.12,-1.15
2024-03-25 16:58:49.4690,0.37,2.72,0.88,0.91,-0.14,-1.06
2024-03-25 16:58:49.4790,-0.28,3.09,0.38,0.78,-0.11,-0.82
2024-03-25 16:58:49.4890,-0.8,2.7,0.51,0.69,-0.05,-0.56
2024-03-25 16:58:49.4990,-0.64,1.74,0.91,0.62,0.02,-0.37
2024-03-25 16:58:49.5100,-0.17,0.39,1.17,0.59,0.06,-0.2
2024-03-25 16:58:49.5190,0.19,-0.96,1.57,0.57,-0.02,-0.16
2024-03-25 16:58:49.5290,0.88,-2.15,1.65,0.52,-0.17,-0.22
2024-03-25 16:58:49.5390,1.53,-2.77,1.31,0.41,-0.3,-0.32
2024-03-25 16:58:49.5500,1.95,-2.81,0.83,0.26,-0.33,-0.39
2024-03-25 16:58:49.5590,1.98,-2.48,0.58,0.07,-0.19,-0.36
2024-03-25 16:58:49.5700,1.47,-2.16,0.46,-0.12,0.12,-0.17
2024-03-25 16:58:49.5790,0.53,-2.11,0.73,-0.27,0.45,0.09
2024-03-25 16:58:49.5890,-0.1,-2.24,1.37,-0.42,0.62,0.31
2024-03-25 16:58:49.5990,-0.39,-2.7,1.7,-0.62,0.59,0.43
2024-03-25 16:58:49.6090,-0.35,-3.31,1.68,-0.76,0.39,0.42
2024-03-25 16:58:49.6190,-0.05,-3.83,1.8,-0.84,0.14,0.3
2024-03-25 16:58:49.6290,0.48,-3.95,1.7,-0.83,-0.04,0.12
2024-03-25 16:58:49.6390,0.88,-3.62,1.41,-0.71,-0.1,-0.05
2024-03-25 16:58:49.6490,1.02,-3.08,1.1,-0.49,-0.06,-0.21
2024-03-25 16:58:49.6590,1.06,-2.49,0.55,-0.28,0.05,-0.37
2024-03-25 16:58:49.6690,1.06,-1.93,-0.5,-0.13,0.14,-0.52
2024-03-25 16:58:49.6790,0.92,-1.36,-1.79,-0.06,0.24,-0.63
2024-03-25 16:58:49.6890,0.63,-0.81,-2.86,-0.02,0.29,-0.7
2024-03-25 16:58:49.6990,0.26,-0.3,-3.51,0.02,0.31,-0.73
2024-03-25 16:58:49.7090,-0.12,0.08,-3.84,0.06,0.29,-0.71
2024-03-25 16:58:49.7190,-0.51,0.35,-4.02,0.11,0.25,-0.66
2024-03-25 16:58:49.7290,-0.82,0.52,-4.21,0.14,0.18,-0.59
2024-03-25 16:58:49.7400,-0.93,0.58,-4.44,0.13,0.1,-0.5
2024-03-25 16:58:49.7490,-0.98,0.64,-4.57,0.14,0.0,-0.44
2024-03-25 16:58:49.7590,-0.75,0.79,-4.48,0.1,-0.09,-0.37
2024-03-25 16:58:49.7700,-0.59,0.84,-4.53,0.05,-0.14,-0.27
2024-03-25 16:58:49.7790,-0.52,0.86,-4.33,0.01,-0.17,-0.18
2024-03-25 16:58:49.7890,-0.35,0.77,-3.91,-0.01,-0.18,-0.09
2024-03-25 16:58:49.7990,-0.2,0.63,-3.35,0.02,-0.2,-0.0
2024-03-25 16:58:49.8090,0.03,0.53,-2.74,0.06,-0.23,0.06
2024-03-25 16:58:49.8190,0.31,0.4,-2.42,0.04,-0.27,0.11
2024-03-25 16:58:49.8300,0.58,0.34,-2.47,-0.03,-0.34,0.15
2024-03-25 16:58:49.8390,0.83,0.28,-2.52,-0.14,-0.41,0.14
2024-03-25 16:58:49.8490,1.08,0.26,-2.45,-0.27,-0.41,0.13
2024-03-25 16:58:49.8590,1.16,0.22,-2.31,-0.37,-0.31,0.14
2024-03-25 16:58:49.8690,1.03,0.27,-1.67,-0.41,-0.13,0.14
2024-03-25 16:58:49.8790,0.98,0.37,-0.79,-0.43,0.07,0.11
2024-03-25 16:58:49.8890,1.0,0.46,-0.02,-0.45,0.24,0.02
2024-03-25 16:58:49.8990,0.92,0.61,0.74,-0.44,0.36,-0.08
2024-03-25 16:58:49.9090,0.72,0.9,1.66,-0.41,0.45,-0.17
2024-03-25 16:58:49.9190,0.36,1.23,2.65,-0.35,0.48,-0.23
2024-03-25 16:58:49.9300,-0.05,1.59,3.65,-0.22,0.48,-0.28
2024-03-25 16:58:49.9390,-0.33,1.8,4.69,-0.04,0.46,-0.31
2024-03-25 16:58:49.9490,-0.48,2.01,5.57,0.17,0.43,-0.34
2024-03-25 16:58:49.9590,-0.65,2.11,6.11,0.33,0.4,-0.31
2024-03-25 16:58:49.9690,-0.89,2.21,6.06,0.4,0.38,-0.19
2024-03-25 16:58:49.9790,-1.41,1.94,5.79,0.39,0.39,0.05
2024-03-25 16:58:49.9890,-1.86,1.05,5.64,0.43,0.34,0.28
2024-03-25 16:58:49.9990,-1.58,-0.34,5.96,0.53,0.21,0.34
2024-03-25 16:58:50.0090,-0.7,-1.94,5.94,0.67,0.04,0.27
2024-03-25 16:58:50.0190,0.02,-3.17,5.33,0.76,-0.09,0.11
2024-03-25 16:58:50.0290,0.44,-3.92,4.06,0.69,-0.14,-0.04
2024-03-25 16:58:50.0390,0.31,-4.07,2.36,0.45,-0.12,-0.08
2024-03-25 16:58:50.0490,-0.33,-3.85,0.93,0.12,-0.03,-0.01
2024-03-25 16:58:50.0590,-1.12,-3.43,0.2,-0.22,0.11,0.17
2024-03-25 16:58:50.0690,-1.86,-3.16,0.21,-0.47,0.2,0.35
2024-03-25 16:58:50.0790,-2.03,-3.07,0.74,-0.66,0.2,0.41
2024-03-25 16:58:50.0890,-1.56,-2.98,1.01,-0.79,0.13,0.36
2024-03-25 16:58:50.0990,-1.17,-2.6,1.03,-0.85,0.03,0.29
2024-03-25 16:58:50.1090,-0.99,-2.07,1.0,-0.82,-0.02,0.2
2024-03-25 16:58:50.1190,-0.81,-1.51,0.71,-0.74,-0.01,0.15
2024-03-25 16:58:50.1290,-0.77,-0.92,0.26,-0.61,0.04,0.12
2024-03-25 16:58:50.1390,-0.72,-0.48,-0.4,-0.47,0.1,0.11
2024-03-25 16:58:50.1490,-0.63,-0.1,-1.11,-0.29,0.14,0.1
2024-03-25 16:58:50.1590,-0.57,0.35,-1.72,-0.15,0.15,0.11
2024-03-25 16:58:50.1690,-0.63,0.66,-2.46,-0.04,0.08,0.13
2024-03-25 16:58:50.1790,-0.64,0.91,-3.17,0.04,-0.01,0.17
2024-03-25 16:58:50.1890,-0.66,1.16,-3.69,0.09,-0.12,0.25
2024-03-25 16:58:50.1990,-0.78,1.27,-4.17,0.1,-0.22,0.34
2024-03-25 16:58:50.2090,-0.71,1.37,-4.69,0.08,-0.27,0.45
2024-03-25 16:58:50.2190,-0.57,1.3,-5.07,0.02,-0.23,0.59
2024-03-25 16:58:50.2290,-0.43,1.12,-5.34,-0.04,-0.17,0.71
2024-03-25 16:58:50.2390,-0.09,0.81,-5.4,-0.13,-0.1,0.78
2024-03-25 16:58:50.2490,0.3,0.41,-5.31,-0.19,0.0,0.79
2024-03-25 16:58:50.2590,0.9,-0.13,-4.67,-0.15,0.08,0.68
2024-03-25 16:58:50.2690,1.64,-0.58,-3.68,-0.09,0.14,0.52
2024-03-25 16:58:50.2790,1.97,-0.78,-2.97,-0.04,0.17,0.34
2024-03-25 16:58:50.2890,2.06,-0.76,-2.49,-0.03,0.17,0.16
2024-03-25 16:58:50.2990,1.97,-0.57,-2.05,-0.03,0.16,0.02
2024-03-25 16:58:50.3090,1.69,-0.26,-1.41,0.0,0.16,-0.04
2024-03-25 16:58:50.3190,1.17,0.13,-0.57,0.08,0.12,-0.04
2024-03-25 16:58:50.3290,0.79,0.56,0.23,0.13,0.04,-0.04
2024-03-25 16:58:50.3390,0.73,0.87,0.55,0.12,-0.04,-0.06
2024-03-25 16:58:50.3490,0.87,1.06,0.51,0.07,-0.09,-0.1
2024-03-25 16:58:50.3590,0.99,1.13,0.66,-0.0,-0.11,-0.13
2024-03-25 16:58:50.3690,0.82,1.1,1.07,-0.08,-0.09,-0.13
2024-03-25 16:58:50.3790,0.59,1.06,1.66,-0.13,-0.03,-0.11
2024-03-25 16:58:50.3890,0.4,0.89,2.38,-0.14,0.03,-0.1
2024-03-25 16:58:50.3990,0.21,0.63,3.1,-0.13,0.06,-0.09
2024-03-25 16:58:50.4090,0.08,0.3,3.72,-0.08,0.01,-0.17
2024-03-25 16:58:50.4190,0.24,0.02,4.25,0.03,-0.1,-0.33
2024-03-25 16:58:50.4290,0.47,-0.17,4.7,0.22,-0.24,-0.55
2024-03-25 16:58:50.4390,0.62,-0.04,5.13,0.47,-0.38,-0.79
2024-03-25 16:58:50.4490,0.72,0.55,4.97,0.63,-0.48,-1.0
2024-03-25 16:58:50.4590,0.4,1.49,3.8,0.65,-0.49,-1.06
2024-03-25 16:58:50.4690,-0.17,2.37,2.68,0.62,-0.35,-0.99
2024-03-25 16:58:50.4790,-0.73,3.01,2.23,0.58,-0.13,-0.74
2024-03-25 16:58:50.4890,-1.4,3.08,2.16,0.62,0.02,-0.41
2024-03-25 16:58:50.4990,-1.58,2.37,2.56,0.64,0.03,-0.21
2024-03-25 16:58:50.5090,-0.77,1.09,2.19,0.59,-0.06,-0.13
2024-03-25 16:58:50.5190,0.02,-0.2,1.66,0.58,-0.17,-0.13
2024-03-25 16:58:50.5290,0.58,-1.16,1.65,0.6,-0.24,-0.2
2024-03-25 16:58:50.5390,1.23,-1.96,1.42,0.6,-0.24,-0.31
2024-03-25 16:58:50.5490,1.65,-2.3,0.97,0.55,-0.18,-0.39
2024-03-25 16:58:50.5590,1.59,-2.36,0.42,0.46,-0.11,-0.41
2024-03-25 16:58:50.5690,1.28,-2.23,-0.12,0.31,-0.0,-0.37
2024-03-25 16:58:50.5790,0.79,-2.03,-0.52,0.11,0.12,-0.25
2024-03-25 16:58:50.5890,0.14,-1.92,-0.88,-0.16,0.26,-0.05
2024-03-25 16:58:50.5990,-0.49,-2.0,-1.07,-0.43,0.36,0.17
2024-03-25 16:58:50.6090,-0.84,-2.38,-0.86,-0.65,0.39,0.31
2024-03-25 16:58:50.6190,-0.69,-2.98,-0.33,-0.8,0.33,0.32
2024-03-25 16:58:50.6290,-0.26,-3.53,0.03,-0.82,0.2,0.19
2024-03-25 16:58:50.6390,0.4,-3.7,0.65,-0.69,0.0,-0.06
2024-03-25 16:58:50.6490,0.88,-3.31,0.88,-0.55,-0.13,-0.26
2024-03-25 16:58:50.6590,0.8,-2.66,0.36,-0.39,-0.18,-0.42
2024-03-25 16:58:50.6690,0.56,-1.93,-0.38,-0.26,-0.16,-0.53
2024-03-25 16:58:50.6790,0.34,-1.23,-1.54,-0.19,-0.09,-0.58
2024-03-25 16:58:50.6890,0.0,-0.59,-2.67,-0.13,0.01,-0.57
2024-03-25 16:58:50.6990,-0.38,0.12,-3.45,-0.12,0.09,-0.5
2024-03-25 16:58:50.7090,-0.64,0.68,-4.09,-0.13,0.12,-0.42
2024-03-25 16:58:50.7190,-0.71,1.12,-4.52,-0.16,0.09,-0.33
2024-03-25 16:58:50.7290,-0.66,1.44,-4.75,-0.19,0.04,-0.24
2024-03-25 16:58:50.7390,-0.67,1.59,-4.79,-0.22,0.02,-0.13
2024-03-25 16:58:50.7490,-0.64,1.6,-4.67,-0.22,0.04,-0.02
2024-03-25 16:58:50.7590,-0.5,1.44,-4.42,-0.25,0.06,0.08
2024-03-25 16:58:50.7690,-0.34,1.2,-4.25,-0.32,0.06,0.16
2024-03-25 16:58:50.7790,-0.23,0.9,-4.02,-0.38,0.08,0.25
2024-03-25 16:58:50.7890,-0.12,0.77,-3.42,-0.41,0.12,0.35
2024-03-25 16:58:50.7990,-0.12,0.68,-2.6,-0.42,0.16,0.46
2024-03-25 16:58:50.8090,0.01,0.61,-1.74,-0.38,0.16,0.53
2024-03-25 16:58:50.8190,0.35,0.38,-0.95,-0.32,0.08,0.52
2024-03-25 16:58:50.8290,0.8,0.16,-0.31,-0.25,-0.05,0.44
2024-03-25 16:58:50.8390,1.26,0.02,0.12,-0.2,-0.19,0.3
2024-03-25 16:58:50.8490,1.67,0.06,0.28,-0.18,-0.28,0.14
2024-03-25 16:58:50.8590,1.95,0.31,0.21,-0.22,-0.26,0.0
2024-03-25 16:58:50.8690,2.05,0.65,0.19,-0.27,-0.14,-0.09
2024-03-25 16:58:50.8790,1.9,1.08,0.59,-0.28,0.07,-0.1
2024-03-25 16:58:50.8890,1.49,1.49,1.38,-0.23,0.29,-0.05
2024-03-25 16:58:50.8990,1.1,1.84,2.38,-0.15,0.44,-0.03
2024-03-25 16:58:50.9090,1.06,1.97,3.25,-0.07,0.49,-0.08
2024-03-25 16:58:50.9190,1.19,1.94,3.94,0.05,0.41,-0.19
2024-03-25 16:58:50.9290,1.19,1.98,4.53,0.2,0.3,-0.31
2024-03-25 16:58:50.9390,1.05,1.91,5.1,0.37,0.24,-0.4
2024-03-25 16:58:50.9490,0.75,1.82,5.31,0.55,0.25,-0.42
2024-03-25 16:58:50.9590,0.3,1.75,5.37,0.73,0.27,-0.41
2024-03-25 16:58:50.9690,-0.05,1.57,5.17,0.82,0.25,-0.4
2024-03-25 16:58:50.9790,-0.22,1.5,4.52,0.81,0.18,-0.39
2024-03-25 16:58:50.9890,-0.53,1.28,3.92,0.69,0.16,-0.31
2024-03-25 16:58:50.9990,-1.1,0.82,3.42,0.57,0.21,-0.15
2024-03-25 16:58:51.0090,-1.6,0.09,3.7,0.58,0.27,0.02
2024-03-25 16:58:51.0190,-1.68,-0.91,4.47,0.7,0.23,0.1
2024-03-25 16:58:51.0290,-1.21,-2.04,4.72,0.84,0.11,0.06
2024-03-25 16:58:51.0390,-0.52,-3.2,4.08,0.93,-0.04,-0.07
2024-03-25 16:58:51.0490,-0.11,-3.82,2.92,0.9,-0.16,-0.2
2024-03-25 16:58:51.0590,-0.06,-3.87,1.33,0.72,-0.18,-0.25
2024-03-25 16:58:51.0690,-0.62,-3.75,0.06,0.46,-0.12,-0.21
2024-03-25 16:58:51.0790,-1.28,-3.33,-0.65,0.17,0.0,-0.07
2024-03-25 16:58:51.0890,-2.14,-2.99,-0.96,-0.14,0.09,0.12
2024-03-25 16:58:51.0990,-2.76,-2.9,-1.03,-0.43,0.06,0.24
2024-03-25 16:58:51.1090,-2.84,-2.82,-0.83,-0.66,-0.05,0.3
2024-03-25 16:58:51.1190,-2.69,-2.54,-0.32,-0.74,-0.15,0.31
2024-03-25 16:58:51.1290,-2.47,-2.19,0.26,-0.67,-0.24,0.34
2024-03-25 16:58:51.1390,-2.3,-1.71,0.46,-0.54,-0.26,0.38
2024-03-25 16:58:51.1490,-2.12,-1.21,0.09,-0.4,-0.21,0.4
2024-03-25 16:58:51.1590,-1.59,-0.81,-0.86,-0.33,-0.18,0.4
2024-03-25 16:58:51.1690,-1.08,-0.47,-2.03,-0.28,-0.15,0.37
2024-03-25 16:58:51.1790,-0.61,-0.22,-2.92,-0.22,-0.11,0.35
2024-03-25 16:58:51.1890,-0.37,0.0,-3.46,-0.15,-0.04,0.37
2024-03-25 16:58:51.1990,-0.31,0.13,-3.96,-0.1,0.01,0.41
2024-03-25 16:58:51.2090,-0.35,0.23,-4.47,-0.08,0.02,0.47
2024-03-25 16:58:51.2190,-0.39,0.37,-4.87,-0.09,-0.0,0.54
2024-03-25 16:58:51.2290,-0.39,0.47,-5.24,-0.14,-0.03,0.63
2024-03-25 16:58:51.2390,-0.26,0.53,-5.5,-0.22,-0.05,0.69
2024-03-25 16:58:51.2490,0.03,0.41,-5.63,-0.28,-0.03,0.73
2024-03-25 16:58:51.2590,0.43,0.24,-5.34,-0.28,0.04,0.74
2024-03-25 16:58:51.2690,0.8,0.08,-4.75,-0.27,0.11,0.71
2024-03-25 16:58:51.2790,1.22,-0.05,-4.36,-0.29,0.15,0.63
2024-03-25 16:58:51.2890,1.5,-0.05,-4.18,-0.36,0.16,0.55
2024-03-25 16:58:51.2990,1.58,0.04,-3.85,-0.4,0.17,0.49
2024-03-25 16:58:51.3090,1.48,0.12,-3.04,-0.39,0.19,0.46
2024-03-25 16:58:51.3190,1.34,0.14,-2.03,-0.32,0.22,0.43
2024-03-25 16:58:51.3290,1.3,0.1,-1.06,-0.22,0.21,0.37
2024-03-25 16:58:51.3390,1.54,0.09,-0.27,-0.13,0.15,0.24
2024-03-25 16:58:51.3490,1.84,0.14,0.19,-0.06,0.05,0.09
2024-03-25 16:58:51.3590,1.96,0.31,0.43,-0.03,-0.03,-0.07
2024-03-25 16:58:51.3690,1.91,0.52,0.6,-0.02,-0.03,-0.2
2024-03-25 16:58:51.3780,1.62,0.72,0.87,-0.02,0.06,-0.25
2024-03-25 16:58:51.3890,1.04,0.95,1.36,-0.02,0.18,-0.22
2024-03-25 16:58:51.3990,0.44,1.15,2.0,-0.04,0.26,-0.17
2024-03-25 16:58:51.4090,0.04,1.17,2.54,-0.1,0.27,-0.12
2024-03-25 16:58:51.4180,-0.25,1.01,3.09,-0.14,0.19,-0.13
2024-03-25 16:58:51.4290,-0.24,0.66,3.86,-0.1,0.08,-0.22
2024-03-25 16:58:51.4380,-0.01,0.16,4.85,0.09,-0.05,-0.41
2024-03-25 16:58:51.4490,0.28,-0.05,5.9,0.38,-0.23,-0.66
2024-03-25 16:58:51.4590,0.42,0.19,6.19,0.62,-0.43,-0.92
2024-03-25 16:58:51.4680,0.31,1.04,5.36,0.67,-0.47,-1.05
2024-03-25 16:58:51.4780,-0.05,2.04,3.97,0.59,-0.32,-0.98
2024-03-25 16:58:51.4880,-1.07,2.75,3.11,0.4,-0.03,-0.65
2024-03-25 16:58:51.4980,-2.19,2.83,2.93,0.31,0.17,-0.21
2024-03-25 16:58:51.5080,-2.49,2.1,4.03,0.4,0.19,0.06
2024-03-25 16:58:51.5180,-1.5,0.7,4.98,0.49,0.05,0.11
2024-03-25 16:58:51.5290,-0.36,-0.64,4.51,0.54,-0.17,0.03
2024-03-25 16:58:51.5380,0.49,-1.56,3.85,0.56,-0.35,-0.11
2024-03-25 16:58:51.5490,1.1,-2.24,3.21,0.59,-0.39,-0.22
2024-03-25 16:58:51.5590,1.2,-2.48,2.69,0.64,-0.34,-0.27
2024-03-25 16:58:51.5680,1.05,-2.55,2.2,0.66,-0.24,-0.28
2024-03-25 16:58:51.5780,0.83,-2.43,1.49,0.6,-0.13,-0.24
2024-03-25 16:58:51.5880,0.53,-2.2,0.5,0.41,-0.03,-0.18
2024-03-25 16:58:51.5980,0.27,-2.05,-0.6,0.12,0.06,-0.07
2024-03-25 16:58:51.6080,-0.15,-2.1,-1.28,-0.15,0.12,0.07
2024-03-25 16:58:51.6180,-0.48,-2.3,-1.26,-0.32,0.17,0.18
2024-03-25 16:58:51.6280,-0.29,-2.63,-0.84,-0.39,0.11,0.15
2024-03-25 16:58:51.6380,0.42,-2.81,-0.71,-0.42,0.02,0.0
2024-03-25 16:58:51.6480,1.08,-2.62,-0.89,-0.4,-0.08,-0.17
2024-03-25 16:58:51.6580,1.31,-2.25,-1.16,-0.33,-0.1,-0.33
2024-03-25 16:58:51.6690,1.31,-1.87,-1.41,-0.22,-0.05,-0.45
2024-03-25 16:58:51.6780,1.17,-1.43,-1.87,-0.11,0.06,-0.54
2024-03-25 16:58:51.6880,1.03,-1.03,-2.53,-0.01,0.16,-0.61
2024-03-25 16:58:51.6980,0.85,-0.62,-3.19,0.06,0.24,-0.64
2024-03-25 16:58:51.7090,0.56,-0.24,-3.84,0.1,0.28,-0.62
2024-03-25 16:58:51.7180,0.24,0.12,-4.46,0.09,0.29,-0.57
2024-03-25 16:58:51.7280,-0.03,0.39,-5.04,0.06,0.25,-0.48
2024-03-25 16:58:51.7380,-0.33,0.61,-5.33,0.02,0.19,-0.35
2024-03-25 16:58:51.7480,-0.6,0.79,-5.44,-0.05,0.14,-0.18
2024-03-25 16:58:51.7590,-0.7,0.86,-5.66,-0.14,0.13,-0.02
2024-03-25 16:58:51.7680,-0.45,0.93,-5.73,-0.24,0.13,0.11
2024-03-25 16:58:51.7780,-0.18,0.98,-5.68,-0.34,0.17,0.24
2024-03-25 16:58:51.7880,-0.04,0.9,-5.3,-0.4,0.26,0.37
2024-03-25 16:58:51.7980,0.1,0.73,-4.59,-0.42,0.36,0.49
2024-03-25 16:58:51.8080,0.15,0.41,-3.55,-0.38,0.41,0.57
2024-03-25 16:58:51.8180,0.32,0.03,-2.38,-0.34,0.35,0.6
2024-03-25 16:58:51.8290,0.42,-0.39,-1.37,-0.33,0.15,0.56
2024-03-25 16:58:51.8380,0.64,-0.63,-0.7,-0.4,-0.16,0.47
2024-03-25 16:58:51.8480,0.99,-0.64,-0.3,-0.49,-0.45,0.35
2024-03-25 16:58:51.8590,1.36,-0.45,0.14,-0.58,-0.66,0.21
2024-03-25 16:58:51.8680,1.71,-0.08,0.65,-0.65,-0.71,0.09
2024-03-25 16:58:51.8780,1.86,0.32,1.12,-0.66,-0.55,0.03
2024-03-25 16:58:51.8880,1.85,0.72,1.9,-0.58,-0.2,0.02
2024-03-25 16:58:51.8980,1.72,0.99,3.03,-0.42,0.21,-0.0
2024-03-25 16:58:51.9080,1.73,1.15,4.12,-0.23,0.54,-0.09
2024-03-25 16:58:51.9180,1.8,1.28,4.83,-0.06,0.67,-0.23
2024-03-25 16:58:51.9280,1.63,1.4,5.26,0.1,0.63,-0.38
2024-03-25 16:58:51.9380,1.16,1.53,5.59,0.25,0.51,-0.48
2024-03-25 16:58:51.9480,0.48,1.62,5.9,0.41,0.4,-0.52
2024-03-25 16:58:51.9580,-0.14,1.69,6.24,0.6,0.33,-0.51
2024-03-25 16:58:51.9680,-0.65,1.84,6.31,0.8,0.31,-0.45
2024-03-25 16:58:51.9780,-1.06,1.81,6.06,0.97,0.27,-0.4
2024-03-25 16:58:51.9880,-1.11,1.79,5.33,1.02,0.21,-0.37
2024-03-25 16:58:51.9980,-1.13,1.7,4.27,0.95,0.15,-0.3
2024-03-25 16:58:52.0080,-1.59,1.48,3.26,0.79,0.15,-0.11
2024-03-25 16:58:52.0180,-2.37,0.66,2.71,0.69,0.16,0.15
2024-03-25 16:58:52.0280,-2.64,-0.53,3.05,0.71,0.09,0.34
2024-03-25 16:58:52.0380,-2.13,-2.12,3.45,0.83,-0.06,0.38
2024-03-25 16:58:52.0480,-1.29,-3.56,3.28,0.92,-0.25,0.26
2024-03-25 16:58:52.0580,-0.36,-4.4,2.17,0.84,-0.41,0.05
2024-03-25 16:58:52.0680,0.14,-4.81,0.43,0.6,-0.49,-0.13
2024-03-25 16:58:52.0780,-0.02,-4.53,-0.9,0.27,-0.42,-0.16
2024-03-25 16:58:52.0880,-0.67,-4.08,-1.65,-0.02,-0.24,-0.12
2024-03-25 16:58:52.0980,-1.36,-3.69,-1.58,-0.32,-0.05,0.02
2024-03-25 16:58:52.1080,-2.3,-3.37,-1.36,-0.57,0.05,0.14
2024-03-25 16:58:52.1180,-2.66,-2.88,-0.69,-0.67,0.07,0.18
2024-03-25 16:58:52.1280,-2.47,-2.38,0.24,-0.67,0.03,0.2
2024-03-25 16:58:52.1380,-2.43,-1.88,0.61,-0.57,-0.05,0.23
2024-03-25 16:58:52.1480,-2.33,-1.35,0.66,-0.42,-0.13,0.27
2024-03-25 16:58:52.1580,-2.15,-0.69,0.14,-0.31,-0.17,0.33
2024-03-25 16:58:52.1680,-2.08,-0.04,-0.94,-0.22,-0.17,0.35
2024-03-25 16:58:52.1780,-1.51,0.34,-2.05,-0.17,-0.14,0.37
2024-03-25 16:58:52.1880,-1.08,0.55,-3.09,-0.13,-0.12,0.37
2024-03-25 16:58:52.1980,-0.76,0.62,-3.76,-0.08,-0.11,0.38
2024-03-25 16:58:52.2080,-0.57,0.62,-4.23,-0.0,-0.1,0.4
2024-03-25 16:58:52.2180,-0.45,0.54,-4.57,0.07,-0.16,0.43
2024-03-25 16:58:52.2280,-0.37,0.58,-5.04,0.08,-0.23,0.47
2024-03-25 16:58:52.2380,-0.31,0.57,-5.72,0.04,-0.3,0.53
2024-03-25 16:58:52.2480,-0.16,0.6,-6.26,-0.03,-0.31,0.6
2024-03-25 16:58:52.2580,0.06,0.49,-6.64,-0.1,-0.22,0.67
2024-03-25 16:58:52.2680,0.32,0.32,-6.71,-0.19,-0.09,0.73
2024-03-25 16:58:52.2780,0.59,0.12,-6.56,-0.31,0.08,0.75
2024-03-25 16:58:52.2880,0.93,-0.11,-6.22,-0.43,0.21,0.71
2024-03-25 16:58:52.2980,1.33,-0.25,-5.47,-0.54,0.35,0.65
2024-03-25 16:58:52.3080,1.41,-0.44,-4.04,-0.53,0.39,0.56
2024-03-25 16:58:52.3180,1.29,-0.56,-1.99,-0.41,0.36,0.44
2024-03-25 16:58:52.3280,1.2,-0.56,-0.12,-0.29,0.25,0.32
2024-03-25 16:58:52.3380,0.96,-0.37,0.94,-0.23,0.08,0.22
2024-03-25 16:58:52.3480,0.68,0.03,1.54,-0.2,-0.12,0.12
2024-03-25 16:58:52.3580,0.47,0.55,2.01,-0.18,-0.27,0.07
2024-03-25 16:58:52.3680,0.23,1.0,2.48,-0.12,-0.36,0.05
2024-03-25 16:58:52.3780,0.06,1.45,2.84,-0.07,-0.36,0.04
2024-03-25 16:58:52.3880,0.02,1.82,3.0,-0.04,-0.3,0.06
2024-03-25 16:58:52.3980,0.01,1.92,3.14,0.01,-0.19,0.08
2024-03-25 16:58:52.4080,0.15,1.8,3.48,0.07,-0.07,0.07
2024-03-25 16:58:52.4180,0.33,1.46,3.82,0.12,0.02,0.01
2024-03-25 16:58:52.4280,0.52,1.02,4.09,0.18,0.03,-0.11
2024-03-25 16:58:52.4380,0.65,0.59,4.37,0.27,-0.06,-0.29
2024-03-25 16:58:52.4480,0.71,0.22,4.81,0.47,-0.21,-0.5
2024-03-25 16:58:52.4580,0.69,0.11,5.25,0.72,-0.4,-0.74
2024-03-25 16:58:52.4680,0.59,0.47,5.08,0.88,-0.52,-0.9
2024-03-25 16:58:52.4780,0.24,1.16,3.89,0.9,-0.53,-0.95
2024-03-25 16:58:52.4880,-0.16,1.97,2.56,0.8,-0.46,-0.83
2024-03-25 16:58:52.4980,-0.75,2.63,1.61,0.63,-0.32,-0.56
2024-03-25 16:58:52.5080,-0.99,2.65,1.16,0.52,-0.23,-0.27
2024-03-25 16:58:52.5180,-0.66,1.84,1.36,0.44,-0.26,-0.12
2024-03-25 16:58:52.5280,0.17,0.57,1.31,0.33,-0.36,-0.06
2024-03-25 16:58:52.5380,0.87,-0.64,0.98,0.25,-0.46,-0.05
2024-03-25 16:58:52.5480,1.37,-1.66,1.06,0.24,-0.52,-0.1
2024-03-25 16:58:52.5580,1.9,-2.5,1.29,0.29,-0.5,-0.2
2024-03-25 16:58:52.5680,2.24,-2.9,1.22,0.3,-0.41,-0.28
2024-03-25 16:58:52.5780,2.25,-2.95,0.66,0.25,-0.23,-0.33
2024-03-25 16:58:52.5880,1.95,-2.74,-0.04,0.15,-0.01,-0.32
2024-03-25 16:58:52.5980,1.36,-2.43,-0.57,-0.05,0.25,-0.22
2024-03-25 16:58:52.6080,0.39,-2.22,-1.11,-0.36,0.44,-0.02
2024-03-25 16:58:52.6180,-0.65,-2.31,-1.16,-0.63,0.47,0.18
2024-03-25 16:58:52.6280,-1.17,-2.75,-0.29,-0.79,0.34,0.29
2024-03-25 16:58:52.6380,-1.17,-3.27,0.66,-0.85,0.1,0.29
2024-03-25 16:58:52.6480,-0.71,-3.51,1.37,-0.8,-0.18,0.15
2024-03-25 16:58:52.6580,-0.04,-3.29,1.55,-0.7,-0.36,-0.0
2024-03-25 16:58:52.6680,0.31,-2.72,1.2,-0.54,-0.36,-0.14
2024-03-25 16:58:52.6780,0.37,-2.12,0.56,-0.35,-0.19,-0.25
2024-03-25 16:58:52.6880,0.26,-1.54,-0.26,-0.16,0.03,-0.32
2024-03-25 16:58:52.6980,0.04,-1.0,-1.19,-0.01,0.22,-0.37
2024-03-25 16:58:52.7080,-0.25,-0.49,-2.19,0.06,0.33,-0.41
2024-03-25 16:58:52.7180,-0.5,-0.03,-3.16,0.08,0.33,-0.42
2024-03-25 16:58:52.7280,-0.67,0.36,-3.92,0.05,0.26,-0.41
2024-03-25 16:58:52.7380,-0.88,0.62,-4.49,-0.01,0.14,-0.38
2024-03-25 16:58:52.7480,-1.04,0.76,-4.84,-0.07,0.07,-0.29
2024-03-25 16:58:52.7580,-1.23,0.78,-4.88,-0.08,0.11,-0.15
2024-03-25 16:58:52.7680,-1.32,0.73,-4.62,-0.05,0.21,0.01
2024-03-25 16:58:52.7780,-1.21,0.55,-4.31,-0.03,0.3,0.15
2024-03-25 16:58:52.7880,-0.96,0.33,-3.98,-0.03,0.31,0.24
2024-03-25 16:58:52.7980,-0.6,0.21,-3.72,-0.06,0.21,0.26
2024-03-25 16:58:52.8080,-0.28,0.25,-3.55,-0.13,0.07,0.26
2024-03-25 16:58:52.8180,-0.04,0.29,-3.21,-0.19,-0.09,0.25
2024-03-25 16:58:52.8280,0.21,0.44,-2.66,-0.27,-0.2,0.27
2024-03-25 16:58:52.8380,0.22,0.53,-2.25,-0.35,-0.2,0.36
2024-03-25 16:58:52.8480,0.09,0.61,-1.77,-0.37,-0.14,0.49
2024-03-25 16:58:52.8580,0.11,0.66,-1.02,-0.35,-0.06,0.59
2024-03-25 16:58:52.8680,0.48,0.67,-0.4,-0.34,0.01,0.61
2024-03-25 16:58:52.8780,1.08,0.67,-0.14,-0.36,0.07,0.57
2024-03-25 16:58:52.8880,1.52,0.73,0.06,-0.37,0.12,0.47
2024-03-25 16:58:52.8980,1.79,0.87,0.6,-0.37,0.21,0.34
2024-03-25 16:58:52.9080,1.98,0.99,1.29,-0.34,0.32,0.2
2024-03-25 16:58:52.9180,2.01,1.14,2.1,-0.27,0.44,0.07
2024-03-25 16:58:52.9280,1.74,1.27,3.03,-0.16,0.52,-0.03
2024-03-25 16:58:52.9380,1.37,1.5,3.9,-0.02,0.53,-0.12
2024-03-25 16:58:52.9480,1.04,1.72,4.54,0.11,0.5,-0.16
2024-03-25 16:58:52.9580,0.53,1.8,5.01,0.26,0.43,-0.16
2024-03-25 16:58:52.9680,0.05,1.86,5.45,0.43,0.35,-0.15
2024-03-25 16:58:52.9780,-0.14,1.88,5.75,0.58,0.3,-0.15
2024-03-25 16:58:52.9880,-0.22,1.9,5.59,0.67,0.24,-0.16
2024-03-25 16:58:52.9980,-0.34,1.93,5.07,0.71,0.22,-0.15
2024-03-25 16:58:53.0080,-0.67,1.86,4.64,0.67,0.25,-0.07
2024-03-25 16:58:53.0180,-1.19,1.47,4.2,0.57,0.33,0.11
2024-03-25 16:58:53.0280,-1.86,0.77,4.07,0.55,0.36,0.37
2024-03-25 16:58:53.0380,-2.28,-0.3,4.6,0.65,0.3,0.52
2024-03-25 16:58:53.0480,-1.68,-1.64,4.96,0.79,0.19,0.54
2024-03-25 16:58:53.0580,-0.9,-2.92,4.43,0.86,0.03,0.45
2024-03-25 16:58:53.0680,-0.23,-3.73,3.22,0.8,-0.1,0.29
2024-03-25 16:58:53.0780,0.06,-4.35,1.75,0.64,-0.19,0.14
2024-03-25 16:58:53.0880,-0.05,-4.41,0.71,0.47,-0.21,0.05
2024-03-25 16:58:53.0980,-0.46,-4.19,0.1,0.29,-0.16,0.02
2024-03-25 16:58:53.1080,-0.93,-3.81,-0.44,0.05,-0.08,0.03
2024-03-25 16:58:53.1180,-1.29,-3.34,-1.07,-0.22,-0.0,0.08
2024-03-25 16:58:53.1280,-1.66,-2.77,-1.3,-0.4,0.06,0.13
2024-03-25 16:58:53.1380,-1.74,-2.03,-0.9,-0.48,0.06,0.18
2024-03-25 16:58:53.1480,-1.71,-1.46,-0.49,-0.49,0.05,0.24
2024-03-25 16:58:53.1580,-1.6,-0.97,-0.48,-0.46,0.01,0.3
2024-03-25 16:58:53.1680,-1.4,-0.53,-0.8,-0.41,-0.06,0.33
2024-03-25 16:58:53.1780,-1.07,-0.28,-1.31,-0.34,-0.12,0.34
2024-03-25 16:58:53.1880,-0.75,-0.14,-1.82,-0.23,-0.14,0.33
2024-03-25 16:58:53.1980,-0.46,-0.03,-2.41,-0.1,-0.13,0.32
2024-03-25 16:58:53.2080,-0.3,0.03,-2.99,0.02,-0.11,0.33
2024-03-25 16:58:53.2180,-0.35,-0.01,-3.74,0.08,-0.11,0.36
2024-03-25 16:58:53.2280,-0.47,-0.18,-4.59,0.11,-0.13,0.4
2024-03-25 16:58:53.2380,-0.48,-0.31,-5.27,0.07,-0.15,0.44
2024-03-25 16:58:53.2480,-0.57,-0.54,-5.85,0.03,-0.17,0.49
2024-03-25 16:58:53.2580,-0.52,-0.74,-6.08,-0.02,-0.2,0.49
2024-03-25 16:58:53.2680,-0.21,-0.86,-6.24,-0.13,-0.19,0.49
2024-03-25 16:58:53.2780,-0.04,-1.0,-6.54,-0.23,-0.14,0.5
2024-03-25 16:58:53.2880,0.09,-0.9,-6.43,-0.36,-0.09,0.49
2024-03-25 16:58:53.2980,0.34,-0.8,-6.15,-0.48,-0.0,0.49
2024-03-25 16:58:53.3080,0.57,-0.67,-5.66,-0.59,0.14,0.5
2024-03-25 16:58:53.3180,0.66,-0.54,-4.88,-0.67,0.31,0.52
2024-03-25 16:58:53.3280,0.7,-0.42,-3.64,-0.68,0.44,0.54
2024-03-25 16:58:53.3380,0.68,-0.34,-2.16,-0.64,0.46,0.53
2024-03-25 16:58:53.3480,0.65,-0.15,-0.94,-0.64,0.36,0.5
2024-03-25 16:58:53.3580,0.62,0.08,-0.15,-0.66,0.19,0.45
2024-03-25 16:58:53.3680,0.73,0.35,0.53,-0.68,0.02,0.37
2024-03-25 16:58:53.3780,0.87,0.56,1.31,-0.65,-0.11,0.27
2024-03-25 16:58:53.3880,1.06,0.75,2.21,-0.56,-0.14,0.16
2024-03-25 16:58:53.3980,1.25,0.94,3.02,-0.44,-0.09,0.04
2024-03-25 16:58:53.4080,1.25,1.17,3.63,-0.29,0.01,-0.05
2024-03-25 16:58:53.4180,1.07,1.44,4.09,-0.15,0.1,-0.12
2024-03-25 16:58:53.4280,0.79,1.76,4.32,-0.08,0.13,-0.18
2024-03-25 16:58:53.4380,0.57,2.09,4.31,-0.02,0.09,-0.24
2024-03-25 16:58:53.4480,0.35,2.36,4.44,0.03,0.02,-0.31
2024-03-25 16:58:53.4580,0.15,2.5,4.64,0.15,-0.04,-0.36
2024-03-25 16:58:53.4680,-0.02,2.5,5.09,0.37,-0.11,-0.43
2024-03-25 16:58:53.4780,0.01,2.45,5.54,0.62,-0.16,-0.51
2024-03-25 16:58:53.4880,0.18,2.46,5.37,0.79,-0.21,-0.63
2024-03-25 16:58:53.4980,0.52,2.69,4.54,0.84,-0.32,-0.76
2024-03-25 16:58:53.5080,0.75,3.11,3.5,0.78,-0.34,-0.77
2024-03-25 16:58:53.5180,0.36,3.4,2.86,0.62,-0.23,-0.57
2024-03-25 16:58:53.5280,-0.4,2.94,2.44,0.48,-0.02,-0.27
2024-03-25 16:58:53.5380,-0.72,1.73,2.78,0.48,0.24,-0.01
2024-03-25 16:58:53.5480,-0.2,0.14,3.88,0.58,0.39,0.11
2024-03-25 16:58:53.5580,0.4,-1.39,4.47,0.71,0.29,0.05
2024-03-25 16:58:53.5680,1.12,-2.63,4.33,0.77,0.03,-0.16
2024-03-25 16:58:53.5770,1.75,-3.49,3.52,0.74,-0.19,-0.39
2024-03-25 16:58:53.5880,1.85,-3.66,2.5,0.67,-0.27,-0.52
2024-03-25 16:58:53.5970,1.38,-3.49,1.64,0.62,-0.21,-0.49
2024-03-25 16:58:53.6080,0.57,-3.26,1.09,0.58,-0.13,-0.4
2024-03-25 16:58:53.6170,0.09,-3.1,0.51,0.49,-0.04,-0.29
2024-03-25 16:58:53.6280,-0.03,-3.05,-0.43,0.31,0.04,-0.2
2024-03-25 16:58:53.6380,-0.02,-3.07,-1.33,0.09,0.1,-0.14
2024-03-25 16:58:53.6480,-0.1,-3.24,-1.88,-0.1,0.13,-0.1
2024-03-25 16:58:53.6580,-0.09,-3.53,-1.88,-0.19,0.15,-0.13
2024-03-25 16:58:53.6670,0.18,-3.72,-1.65,-0.2,0.11,-0.27
2024-03-25 16:58:53.6770,0.61,-3.52,-1.65,-0.19,0.05,-0.44
2024-03-25 16:58:53.6880,0.92,-2.96,-2.08,-0.18,-0.02,-0.6
2024-03-25 16:58:53.6970,0.85,-2.34,-2.55,-0.13,-0.06,-0.71
2024-03-25 16:58:53.7070,0.62,-1.81,-2.83,-0.08,-0.07,-0.78
2024-03-25 16:58:53.7180,0.39,-1.24,-3.3,-0.05,-0.06,-0.81
2024-03-25 16:58:53.7270,0.15,-0.75,-3.88,-0.07,-0.08,-0.77
2024-03-25 16:58:53.7380,-0.1,-0.24,-4.45,-0.07,-0.03,-0.74
2024-03-25 16:58:53.7480,-0.14,0.23,-4.73,-0.09,-0.02,-0.68
2024-03-25 16:58:53.7580,-0.25,0.55,-5.14,-0.15,-0.01,-0.59
2024-03-25 16:58:53.7670,-0.35,0.77,-5.46,-0.22,-0.01,-0.48
2024-03-25 16:58:53.7770,-0.52,0.95,-5.51,-0.29,-0.02,-0.33
2024-03-25 16:58:53.7870,-0.73,1.03,-5.38,-0.39,-0.02,-0.17
2024-03-25 16:58:53.7970,-0.68,0.96,-5.27,-0.5,-0.02,-0.05
2024-03-25 16:58:53.8070,-0.51,0.72,-4.94,-0.58,-0.01,0.04
2024-03-25 16:58:53.8170,-0.26,0.54,-4.2,-0.62,0.03,0.12
2024-03-25 16:58:53.8270,-0.17,0.43,-3.38,-0.64,0.08,0.19
2024-03-25 16:58:53.8370,-0.09,0.4,-2.66,-0.67,0.11,0.25
2024-03-25 16:58:53.8470,-0.02,0.2,-2.05,-0.67,0.12,0.29
2024-03-25 16:58:53.8580,0.14,0.03,-1.23,-0.66,0.04,0.3
2024-03-25 16:58:53.8670,0.27,-0.02,-0.49,-0.65,-0.1,0.27
2024-03-25 16:58:53.8770,0.52,0.04,0.0,-0.65,-0.26,0.2
2024-03-25 16:58:53.8870,0.82,0.14,0.33,-0.64,-0.36,0.09
2024-03-25 16:58:53.8970,1.1,0.34,0.65,-0.62,-0.34,-0.01
2024-03-25 16:58:53.9070,1.12,0.62,1.23,-0.55,-0.23,-0.08
2024-03-25 16:58:53.9170,1.02,0.97,1.97,-0.46,-0.03,-0.12
2024-03-25 16:58:53.9270,0.77,1.33,2.67,-0.35,0.17,-0.11
2024-03-25 16:58:53.9370,0.36,1.66,3.23,-0.26,0.32,-0.08
2024-03-25 16:58:53.9470,0.13,1.89,3.59,-0.19,0.38,-0.09
2024-03-25 16:58:53.9580,0.07,2.01,3.97,-0.08,0.34,-0.1
2024-03-25 16:58:53.9670,-0.07,2.1,4.73,0.07,0.24,-0.13
2024-03-25 16:58:53.9770,-0.03,2.01,5.25,0.21,0.14,-0.17
2024-03-25 16:58:53.9870,0.09,2.09,5.23,0.29,0.08,-0.17
2024-03-25 16:58:53.9970,0.21,2.09,4.88,0.38,0.09,-0.18
2024-03-25 16:58:54.0070,0.39,2.05,4.93,0.51,0.14,-0.19
2024-03-25 16:58:54.0170,0.45,2.04,5.14,0.67,0.24,-0.2
2024-03-25 16:58:54.0270,0.32,1.91,5.1,0.73,0.36,-0.15
2024-03-25 16:58:54.0370,-0.14,1.66,4.64,0.74,0.42,-0.04
2024-03-25 16:58:54.0470,-0.82,1.2,4.44,0.76,0.44,0.12
2024-03-25 16:58:54.0580,-1.37,0.16,4.45,0.76,0.33,0.25
2024-03-25 16:58:54.0670,-1.29,-1.13,4.21,0.81,0.13,0.27
2024-03-25 16:58:54.0770,-0.69,-2.5,3.93,0.89,-0.08,0.19
2024-03-25 16:58:54.0870,-0.08,-3.66,3.27,0.95,-0.22,0.04
2024-03-25 16:58:54.0970,0.29,-4.28,2.07,0.92,-0.26,-0.11
2024-03-25 16:58:54.1070,0.22,-4.4,0.63,0.78,-0.23,-0.18
2024-03-25 16:58:54.1170,-0.35,-4.0,-0.7,0.49,-0.1,-0.13
2024-03-25 16:58:54.1270,-1.22,-3.44,-1.89,0.15,0.06,0.02
2024-03-25 16:58:54.1370,-2.0,-2.97,-2.32,-0.21,0.13,0.2
2024-03-25 16:58:54.1470,-2.78,-2.7,-2.31,-0.53,0.12,0.35
2024-03-25 16:58:54.1570,-2.84,-2.67,-1.86,-0.74,-0.01,0.35
2024-03-25 16:58:54.1670,-2.37,-2.5,-1.28,-0.89,-0.16,0.32
2024-03-25 16:58:54.1770,-2.16,-2.14,-1.0,-0.92,-0.22,0.32
2024-03-25 16:58:54.1870,-2.06,-1.69,-0.77,-0.82,-0.16,0.33
2024-03-25 16:58:54.1970,-1.83,-1.27,-0.79,-0.7,-0.02,0.34
2024-03-25 16:58:54.2070,-1.49,-0.88,-1.35,-0.61,0.11,0.34
2024-03-25 16:58:54.2170,-1.2,-0.56,-2.16,-0.54,0.19,0.32
2024-03-25 16:58:54.2270,-0.97,-0.29,-2.84,-0.5,0.21,0.32
2024-03-25 16:58:54.2370,-0.9,-0.11,-3.35,-0.42,0.21,0.35
2024-03-25 16:58:54.2470,-0.81,-0.06,-3.56,-0.34,0.21,0.38
2024-03-25 16:58:54.2570,-0.56,-0.07,-3.81,-0.28,0.16,0.41
2024-03-25 16:58:54.2670,-0.34,0.08,-4.21,-0.21,0.05,0.44
2024-03-25 16:58:54.2770,-0.19,0.22,-4.33,-0.17,-0.05,0.45
2024-03-25 16:58:54.2870,0.17,0.36,-4.59,-0.17,-0.16,0.43
2024-03-25 16:58:54.2970,0.56,0.38,-4.83,-0.21,-0.23,0.43
2024-03-25 16:58:54.3070,0.59,0.55,-5.0,-0.29,-0.24,0.5
2024-03-25 16:58:54.3170,0.49,0.79,-4.99,-0.35,-0.18,0.6
2024-03-25 16:58:54.3270,0.54,0.96,-4.6,-0.41,-0.07,0.71
2024-03-25 16:58:54.3370,0.66,0.88,-3.98,-0.43,0.06,0.8
2024-03-25 16:58:54.3470,0.91,0.72,-3.04,-0.39,0.18,0.83
2024-03-25 16:58:54.3570,1.3,0.39,-1.92,-0.32,0.23,0.78
2024-03-25 16:58:54.3670,1.81,0.05,-0.84,-0.26,0.16,0.63
2024-03-25 16:58:54.3770,2.13,-0.28,0.01,-0.21,-0.0,0.45
2024-03-25 16:58:54.3870,2.33,-0.3,0.71,-0.17,-0.22,0.26
2024-03-25 16:58:54.3970,2.32,-0.2,1.25,-0.11,-0.38,0.07
2024-03-25 16:58:54.4070,2.32,0.05,1.62,-0.08,-0.46,-0.07
2024-03-25 16:58:54.4170,2.15,0.34,1.71,-0.05,-0.43,-0.15
2024-03-25 16:58:54.4270,1.73,0.72,1.82,-0.03,-0.31,-0.13
2024-03-25 16:58:54.4370,1.17,0.99,2.02,-0.03,-0.17,-0.1
2024-03-25 16:58:54.4470,0.92,1.11,2.35,-0.03,-0.08,-0.1
2024-03-25 16:58:54.4570,0.83,1.0,2.78,-0.04,-0.08,-0.15
2024-03-25 16:58:54.4670,0.68,0.8,3.24,-0.01,-0.15,-0.25
2024-03-25 16:58:54.4770,0.65,0.57,3.87,0.09,-0.26,-0.41
2024-03-25 16:58:54.4870,0.67,0.36,4.57,0.25,-0.38,-0.61
2024-03-25 16:58:54.4970,0.46,0.41,5.04,0.47,-0.47,-0.77
2024-03-25 16:58:54.5070,0.03,0.69,5.13,0.69,-0.51,-0.89
2024-03-25 16:58:54.5170,-0.36,1.26,4.57,0.82,-0.52,-0.97
2024-03-25 16:58:54.5270,-0.57,2.16,3.53,0.85,-0.45,-0.97
2024-03-25 16:58:54.5370,-0.85,2.96,2.52,0.77,-0.3,-0.84
2024-03-25 16:58:54.5470,-1.31,3.48,1.76,0.63,-0.17,-0.55
2024-03-25 16:58:54.5570,-1.92,3.25,1.61,0.53,-0.14,-0.25
2024-03-25 16:58:54.5670,-1.7,2.16,2.02,0.47,-0.22,-0.12
2024-03-25 16:58:54.5770,-0.55,0.86,2.37,0.45,-0.27,-0.08
2024-03-25 16:58:54.5870,0.26,-0.29,2.52,0.47,-0.32,-0.07
2024-03-25 16:58:54.5970,0.77,-1.23,2.54,0.5,-0.33,-0.12
2024-03-25 16:58:54.6070,1.22,-2.08,2.35,0.54,-0.28,-0.2
2024-03-25 16:58:54.6170,1.5,-2.54,2.1,0.54,-0.18,-0.27
2024-03-25 16:58:54.6270,1.4,-2.63,1.49,0.46,-0.05,-0.29
2024-03-25 16:58:54.6370,0.99,-2.47,0.69,0.3,0.06,-0.25
2024-03-25 16:58:54.6470,0.27,-2.22,0.04,0.06,0.25,-0.01
2024-03-25 16:58:54.6570,-0.88,-1.99,-0.21,-0.16,0.38,0.26
2024-03-25 16:58:54.6670,-1.53,-2.22,0.0,-0.35,0.4,0.5
2024-03-25 16:58:54.6770,-1.55,-2.65,0.32,-0.5,0.31,0.63
2024-03-25 16:58:54.6870,-0.97,-3.29,0.5,-0.56,0.13,0.53
2024-03-25 16:58:54.6970,0.05,-3.76,0.54,-0.55,-0.05,0.29
2024-03-25 16:58:54.7070,0.86,-3.7,0.31,-0.46,-0.18,0.04
2024-03-25 16:58:54.7170,1.16,-3.17,-0.03,-0.33,-0.23,-0.17
2024-03-25 16:58:54.7270,1.13,-2.5,-0.7,-0.25,-0.21,-0.27
2024-03-25 16:58:54.7370,0.96,-1.75,-1.71,-0.2,-0.17,-0.35
2024-03-25 16:58:54.7470,0.84,-1.31,-2.7,-0.14,-0.12,-0.38
2024-03-25 16:58:54.7570,0.75,-0.73,-3.3,-0.1,-0.04,-0.36
2024-03-25 16:58:54.7670,0.68,-0.22,-3.9,-0.06,0.05,-0.35
2024-03-25 16:58:54.7770,0.72,0.0,-4.42,-0.03,0.14,-0.37
2024-03-25 16:58:54.7870,0.83,0.13,-4.75,0.0,0.19,-0.4
2024-03-25 16:58:54.7970,0.75,0.12,-4.76,0.03,0.15,-0.42
2024-03-25 16:58:54.8070,0.37,0.1,-4.8,0.01,0.07,-0.41
2024-03-25 16:58:54.8170,0.02,0.29,-4.87,-0.05,-0.05,-0.34
2024-03-25 16:58:54.8270,-0.47,0.43,-4.79,-0.12,-0.15,-0.21
2024-03-25 16:58:54.8370,-0.66,0.73,-4.63,-0.21,-0.19,-0.07
2024-03-25 16:58:54.8470,-0.7,0.83,-4.47,-0.28,-0.16,0.05
2024-03-25 16:58:54.8570,-0.56,0.75,-4.03,-0.33,-0.06,0.15
2024-03-25 16:58:54.8670,-0.52,0.48,-3.39,-0.33,0.08,0.24
2024-03-25 16:58:54.8770,-0.53,0.16,-2.48,-0.25,0.2,0.28
2024-03-25 16:58:54.8870,-0.46,-0.22,-1.33,-0.11,0.23,0.24
2024-03-25 16:58:54.8970,-0.34,-0.49,-0.46,-0.01,0.13,0.17
2024-03-25 16:58:54.9070,-0.25,-0.38,-0.16,-0.0,-0.06,0.06
2024-03-25 16:58:54.9170,-0.16,0.09,-0.5,-0.11,-0.23,-0.03
2024-03-25 16:58:54.9270,-0.17,0.73,-0.99,-0.26,-0.29,-0.06
2024-03-25 16:58:54.9370,-0.39,1.52,-0.93,-0.4,-0.22,-0.02
2024-03-25 16:58:54.9470,-0.7,2.06,-0.41,-0.5,-0.07,0.09
2024-03-25 16:58:54.9570,-0.84,2.42,0.41,-0.53,0.12,0.2
2024-03-25 16:58:54.9670,-0.74,2.49,1.5,-0.49,0.27,0.24
2024-03-25 16:58:54.9770,-0.33,2.29,2.7,-0.36,0.4,0.18
2024-03-25 16:58:54.9870,0.21,1.92,3.79,-0.16,0.51,0.08
2024-03-25 16:58:54.9970,0.63,1.59,4.68,0.09,0.57,-0.04
2024-03-25 16:58:55.0070,0.74,1.37,5.33,0.31,0.56,-0.11
2024-03-25 16:58:55.0170,0.48,1.35,5.41,0.44,0.47,-0.12
2024-03-25 16:58:55.0270,0.1,1.57,5.22,0.49,0.32,-0.05
2024-03-25 16:58:55.0370,-0.24,1.98,4.86,0.45,0.17,0.04
2024-03-25 16:58:55.0470,-0.43,2.19,4.06,0.21,0.16,0.23
2024-03-25 16:58:55.0570,-1.12,1.65,3.18,-0.05,0.26,0.52
2024-03-25 16:58:55.0670,-1.78,0.58,3.81,0.03,0.35,0.76
2024-03-25 16:58:55.0770,-1.5,-1.0,6.02,0.38,0.33,0.79
2024-03-25 16:58:55.0870,-0.34,-2.62,7.07,0.76,0.15,0.6
2024-03-25 16:58:55.0970,0.74,-3.8,6.14,0.9,-0.05,0.34
2024-03-25 16:58:55.1070,1.08,-4.38,3.85,0.82,-0.12,0.2
2024-03-25 16:58:55.1170,0.44,-4.27,1.92,0.69,-0.04,0.21
2024-03-25 16:58:55.1270,-0.51,-3.68,1.2,0.58,0.14,0.37
2024-03-25 16:58:55.1370,-1.42,-3.1,0.79,0.4,0.38,0.57
2024-03-25 16:58:55.1470,-1.88,-2.65,0.03,0.13,0.53,0.7
2024-03-25 16:58:55.1570,-1.91,-2.43,-0.71,-0.15,0.59,0.73
2024-03-25 16:58:55.1670,-1.73,-2.17,-0.63,-0.32,0.5,0.63
2024-03-25 16:58:55.1770,-1.53,-1.76,0.02,-0.37,0.37,0.57
2024-03-25 16:58:55.1870,-1.65,-0.97,0.8,-0.29,0.29,0.56
2024-03-25 16:58:55.1970,-1.8,-0.29,1.23,-0.2,0.22,0.58
2024-03-25 16:58:55.2070,-1.63,0.17,0.95,-0.15,0.14,0.6
2024-03-25 16:58:55.2170,-1.38,0.42,0.33,-0.09,0.02,0.61
2024-03-25 16:58:55.2270,-1.07,0.5,-0.12,0.06,-0.04,0.61
2024-03-25 16:58:55.2370,-0.49,0.35,-0.39,0.25,-0.05,0.57
2024-03-25 16:58:55.2470,0.14,0.06,-1.07,0.42,-0.13,0.46
2024-03-25 16:58:55.2570,0.67,-0.27,-2.16,0.5,-0.18,0.34
2024-03-25 16:58:55.2670,0.93,-0.53,-3.29,0.48,-0.26,0.23
2024-03-25 16:58:55.2770,0.92,-0.79,-4.54,0.42,-0.33,0.12
2024-03-25 16:58:55.2870,0.93,-1.02,-5.17,0.36,-0.33,0.06
2024-03-25 16:58:55.2970,0.49,-1.08,-5.54,0.32,-0.27,0.11
2024-03-25 16:58:55.3070,-0.11,-0.9,-5.68,0.29,-0.22,0.21
2024-03-25 16:58:55.3170,-0.43,-0.7,-5.6,0.22,-0.19,0.31
2024-03-25 16:58:55.3270,-0.36,-0.68,-5.73,0.15,-0.17,0.34
2024-03-25 16:58:55.3370,-0.01,-0.72,-5.62,0.06,-0.09,0.32
2024-03-25 16:58:55.3470,0.19,-0.87,-5.38,0.01,0.06,0.27
2024-03-25 16:58:55.3570,0.34,-0.93,-4.58,0.06,0.22,0.22
2024-03-25 16:58:55.3670,0.27,-0.73,-3.24,0.15,0.31,0.14
2024-03-25 16:58:55.3770,0.38,-0.48,-2.38,0.15,0.28,0.06
2024-03-25 16:58:55.3870,0.27,-0.12,-2.17,0.09,0.11,0.03
2024-03-25 16:58:55.3970,-0.11,0.59,-1.8,-0.02,-0.1,0.05
2024-03-25 16:58:55.4070,-0.51,0.95,-1.49,-0.11,-0.24,0.15
2024-03-25 16:58:55.4170,-0.8,1.61,-0.89,-0.17,-0.22,0.24
2024-03-25 16:58:55.4270,-0.48,1.65,-0.46,-0.17,-0.08,0.3
2024-03-25 16:58:55.4370,-0.06,1.78,0.19,-0.14,0.06,0.31
2024-03-25 16:58:55.4470,0.27,1.81,0.77,-0.16,0.14,0.28
2024-03-25 16:58:55.4570,0.39,1.83,1.02,-0.25,0.13,0.21
2024-03-25 16:58:55.4670,0.37,1.7,1.25,-0.35,0.05,0.15
2024-03-25 16:58:55.4760,0.13,1.62,1.87,-0.4,-0.0,0.11
2024-03-25 16:58:55.4870,-0.18,1.38,2.82,-0.37,-0.06,0.07
2024-03-25 16:58:55.4970,-0.3,0.95,3.79,-0.23,-0.14,-0.02
2024-03-25 16:58:55.5070,-0.09,0.74,4.63,0.01,-0.26,-0.17
2024-03-25 16:58:55.5170,0.22,0.77,5.02,0.23,-0.41,-0.39
2024-03-25 16:58:55.5270,0.69,1.01,4.27,0.31,-0.51,-0.57
2024-03-25 16:58:55.5370,0.79,1.73,2.75,0.23,-0.5,-0.66
2024-03-25 16:58:55.5470,0.46,2.16,1.51,0.1,-0.32,-0.55
2024-03-25 16:58:55.5570,-0.36,2.5,1.36,0.04,-0.04,-0.22
2024-03-25 16:58:55.5670,-1.26,2.27,2.11,0.07,0.16,0.07
2024-03-25 16:58:55.5770,-1.15,0.77,3.05,0.13,0.23,0.19
2024-03-25 16:58:55.5870,-0.24,-0.75,3.39,0.22,0.21,0.15
2024-03-25 16:58:55.5970,0.37,-2.03,3.63,0.35,0.1,-0.0
2024-03-25 16:58:55.6070,0.86,-2.88,3.71,0.41,-0.02,-0.17
2024-03-25 16:58:55.6160,0.92,-3.25,3.03,0.4,-0.1,-0.26
2024-03-25 16:58:55.6260,0.66,-2.81,2.1,0.34,-0.15,-0.24
2024-03-25 16:58:55.6370,0.18,-2.52,1.24,0.28,-0.1,-0.15
2024-03-25 16:58:55.6460,-0.04,-2.05,0.6,0.18,0.06,-0.01
2024-03-25 16:58:55.6570,-0.1,-1.66,-0.17,0.04,0.25,0.15
2024-03-25 16:58:55.6660,-0.2,-1.39,-0.7,-0.18,0.38,0.29
2024-03-25 16:58:55.6760,-0.2,-1.46,-1.07,-0.41,0.34,0.37
2024-03-25 16:58:55.6860,-0.28,-1.73,-0.84,-0.6,0.18,0.39
2024-03-25 16:58:55.6960,-0.13,-2.04,-0.31,-0.71,-0.01,0.34
2024-03-25 16:58:55.7060,0.39,-2.3,0.2,-0.71,-0.13,0.22
2024-03-25 16:58:55.7170,0.95,-2.28,0.62,-0.61,-0.16,0.08
2024-03-25 16:58:55.7270,1.38,-2.02,0.66,-0.51,-0.13,-0.05
2024-03-25 16:58:55.7370,1.47,-1.62,0.18,-0.4,-0.04,-0.14
2024-03-25 16:58:55.7470,1.28,-1.15,-0.39,-0.31,0.06,-0.19
2024-03-25 16:58:55.7560,0.99,-0.71,-0.95,-0.23,0.13,-0.21
2024-03-25 16:58:55.7660,0.8,-0.38,-1.43,-0.15,0.14,-0.24
2024-03-25 16:58:55.7760,0.76,-0.11,-1.86,-0.09,0.11,-0.29
2024-03-25 16:58:55.7860,0.7,0.1,-2.33,-0.06,0.06,-0.32
2024-03-25 16:58:55.7960,0.43,0.21,-2.84,-0.04,0.01,-0.3
2024-03-25 16:58:55.8060,0.12,0.23,-3.15,-0.02,-0.0,-0.26
2024-03-25 16:58:55.8160,-0.07,0.14,-3.21,0.0,0.01,-0.2
2024-03-25 16:58:55.8260,-0.23,-0.02,-3.19,0.04,0.03,-0.12
2024-03-25 16:58:55.8360,-0.28,-0.06,-3.0,0.07,0.02,-0.07
2024-03-25 16:58:55.8460,-0.18,-0.02,-2.99,0.06,-0.01,-0.02
2024-03-25 16:58:55.8570,-0.03,0.02,-3.0,0.06,-0.04,-0.01
2024-03-25 16:58:55.8660,0.17,0.07,-2.79,0.05,-0.07,-0.01
2024-03-25 16:58:55.8760,0.28,0.06,-2.6,0.04,-0.11,0.0
2024-03-25 16:58:55.8870,0.15,0.07,-2.46,0.02,-0.15,0.04
2024-03-25 16:58:55.8970,0.02,0.06,-2.38,-0.02,-0.18,0.09
2024-03-25 16:58:55.9060,-0.07,0.04,-2.25,-0.04,-0.21,0.17
2024-03-25 16:58:55.9170,-0.16,0.04,-2.02,-0.07,-0.2,0.23
2024-03-25 16:58:55.9270,0.1,0.02,-1.93,-0.12,-0.11,0.24
2024-03-25 16:58:55.9370,0.65,-0.1,-1.78,-0.15,0.0,0.18
2024-03-25 16:58:55.9470,1.19,-0.07,-1.3,-0.18,0.13,0.1
2024-03-25 16:58:55.9560,1.29,0.06,-0.62,-0.16,0.25,0.02
2024-03-25 16:58:55.9660,1.14,0.25,0.34,-0.12,0.34,-0.04
2024-03-25 16:58:55.9760,0.78,0.38,1.06,-0.1,0.39,-0.06
2024-03-25 16:58:55.9860,0.29,0.64,1.6,-0.12,0.37,-0.02
2024-03-25 16:58:55.9960,-0.26,0.92,2.05,-0.15,0.28,0.05
2024-03-25 16:58:56.0060,-0.5,1.14,2.46,-0.19,0.17,0.1
2024-03-25 16:58:56.0160,-0.32,1.2,2.88,-0.17,0.05,0.09
2024-03-25 16:58:56.0260,0.05,1.15,3.35,-0.11,-0.07,0.03
2024-03-25 16:58:56.0360,0.55,1.37,3.65,-0.07,-0.13,-0.04
2024-03-25 16:58:56.0460,0.57,1.54,3.32,-0.13,-0.15,-0.07
2024-03-25 16:58:56.0560,0.09,1.5,2.76,-0.3,-0.1,0.01
2024-03-25 16:58:56.0660,-0.91,1.18,2.49,-0.46,-0.03,0.23
2024-03-25 16:58:56.0760,-1.76,0.61,3.33,-0.36,-0.02,0.41
2024-03-25 16:58:56.0860,-1.44,-0.22,5.17,-0.07,-0.03,0.4
2024-03-25 16:58:56.0960,-0.27,-1.34,6.18,0.23,-0.09,0.27
2024-03-25 16:58:56.1060,0.17,-2.28,5.81,0.37,-0.17,0.16
2024-03-25 16:58:56.1160,-0.12,-2.84,4.4,0.3,-0.24,0.1
2024-03-25 16:58:56.1260,-0.65,-3.28,2.94,0.16,-0.27,0.06
2024-03-25 16:58:56.1360,-1.06,-3.46,2.34,0.06,-0.23,0.06
2024-03-25 16:58:56.1460,-1.49,-3.61,2.29,0.04,-0.15,0.07
2024-03-25 16:58:56.1560,-1.79,-3.67,2.28,0.08,-0.04,0.04
2024-03-25 16:58:56.1660,-1.8,-3.6,1.94,0.11,0.04,-0.02
2024-03-25 16:58:56.1760,-1.77,-3.31,1.1,0.09,0.13,-0.1
2024-03-25 16:58:56.1860,-1.77,-2.75,0.18,0.07,0.2,-0.16
2024-03-25 16:58:56.1960,-1.87,-1.91,-0.48,0.05,0.29,-0.15
2024-03-25 16:58:56.2060,-2.13,-0.96,-1.05,0.03,0.4,-0.05
2024-03-25 16:58:56.2160,-2.46,-0.14,-1.55,-0.01,0.45,0.09
2024-03-25 16:58:56.2260,-2.57,0.45,-2.03,-0.08,0.4,0.24
2024-03-25 16:58:56.2360,-2.53,0.76,-2.56,-0.19,0.24,0.37
2024-03-25 16:58:56.2460,-2.37,0.91,-2.94,-0.28,0.04,0.5
2024-03-25 16:58:56.2560,-2.23,0.86,-3.13,-0.34,-0.18,0.62
2024-03-25 16:58:56.2660,-2.04,0.52,-3.27,-0.35,-0.33,0.7
2024-03-25 16:58:56.2760,-1.47,0.06,-3.31,-0.28,-0.37,0.71
2024-03-25 16:58:56.2860,-0.62,-0.43,-3.33,-0.17,-0.32,0.65
2024-03-25 16:58:56.2960,0.05,-0.77,-3.4,-0.05,-0.24,0.58
2024-03-25 16:58:56.3060,0.33,-0.91,-3.66,0.02,-0.16,0.51
2024-03-25 16:58:56.3160,0.48,-0.91,-4.06,0.0,-0.1,0.44
2024-03-25 16:58:56.3260,0.62,-0.83,-4.55,-0.06,-0.05,0.39
2024-03-25 16:58:56.3360,0.5,-0.7,-4.74,-0.15,-0.04,0.36
2024-03-25 16:58:56.3460,0.28,-0.53,-4.66,-0.23,-0.05,0.36
2024-03-25 16:58:56.3560,0.2,-0.28,-4.48,-0.29,-0.04,0.35
2024-03-25 16:58:56.3660,0.23,0.02,-4.13,-0.33,0.0,0.35
2024-03-25 16:58:56.3760,0.24,0.27,-3.66,-0.35,0.1,0.35
2024-03-25 16:58:56.3860,0.31,0.37,-3.08,-0.36,0.21,0.33
2024-03-25 16:58:56.3960,0.47,0.37,-2.36,-0.35,0.27,0.29
2024-03-25 16:58:56.4060,0.6,0.37,-1.49,-0.33,0.26,0.22
2024-03-25 16:58:56.4160,0.61,0.41,-0.73,-0.34,0.19,0.16
2024-03-25 16:58:56.4260,0.52,0.51,-0.2,-0.35,0.1,0.12
2024-03-25 16:58:56.4360,0.36,0.6,0.54,-0.3,0.0,0.08
2024-03-25 16:58:56.4460,0.34,0.73,1.5,-0.24,-0.1,0.02
2024-03-25 16:58:56.4560,0.33,0.9,2.15,-0.22,-0.18,-0.04
2024-03-25 16:58:56.4660,0.3,1.13,2.36,-0.26,-0.22,-0.09
2024-03-25 16:58:56.4760,0.21,1.38,2.59,-0.3,-0.24,-0.11
2024-03-25 16:58:56.4860,0.14,1.6,3.08,-0.31,-0.24,-0.13
2024-03-25 16:58:56.4960,0.22,1.71,3.73,-0.27,-0.2,-0.17
2024-03-25 16:58:56.5060,0.32,1.65,4.36,-0.17,-0.17,-0.26
2024-03-25 16:58:56.5160,0.42,1.54,5.02,-0.03,-0.16,-0.38
2024-03-25 16:58:56.5260,0.45,1.52,5.5,0.1,-0.23,-0.53
2024-03-25 16:58:56.5360,0.4,1.83,5.55,0.22,-0.35,-0.67
2024-03-25 16:58:56.5460,0.25,2.37,5.35,0.31,-0.41,-0.74
2024-03-25 16:58:56.5560,-0.03,2.99,4.87,0.3,-0.34,-0.67
2024-03-25 16:58:56.5660,-0.5,3.24,4.25,0.28,-0.18,-0.49
2024-03-25 16:58:56.5760,-0.95,2.85,4.26,0.35,-0.01,-0.29
2024-03-25 16:58:56.5860,-0.89,1.78,4.89,0.54,0.07,-0.21
2024-03-25 16:58:56.5960,-0.11,0.4,5.21,0.71,0.03,-0.27
2024-03-25 16:58:56.6060,0.63,-0.86,4.47,0.85,-0.08,-0.39
2024-03-25 16:58:56.6160,0.91,-1.74,3.66,0.95,-0.17,-0.52
2024-03-25 16:58:56.6260,0.93,-2.18,2.72,1.0,-0.23,-0.6
2024-03-25 16:58:56.6360,0.67,-2.34,1.59,1.0,-0.24,-0.59
2024-03-25 16:58:56.6460,0.39,-2.18,0.6,0.95,-0.21,-0.54
2024-03-25 16:58:56.6560,0.14,-2.04,-0.35,0.85,-0.14,-0.46
2024-03-25 16:58:56.6660,0.01,-1.84,-1.24,0.69,-0.04,-0.36
2024-03-25 16:58:56.6760,-0.13,-1.63,-2.01,0.49,0.08,-0.23
2024-03-25 16:58:56.6860,-0.42,-1.55,-2.55,0.26,0.24,-0.04
2024-03-25 16:58:56.6960,-0.88,-1.61,-2.84,0.03,0.36,0.18
2024-03-25 16:58:56.7060,-1.32,-1.88,-2.84,-0.21,0.35,0.36
2024-03-25 16:58:56.7160,-1.38,-2.36,-2.74,-0.44,0.24,0.44
2024-03-25 16:58:56.7260,-0.99,-2.97,-2.64,-0.56,0.09,0.41
2024-03-25 16:58:56.7360,-0.43,-3.53,-2.22,-0.55,-0.07,0.26
2024-03-25 16:58:56.7460,0.21,-3.65,-1.85,-0.47,-0.16,0.07
2024-03-25 16:58:56.7560,0.59,-3.33,-2.13,-0.39,-0.14,-0.09
2024-03-25 16:58:56.7660,0.61,-2.69,-2.88,-0.35,-0.05,-0.2
2024-03-25 16:58:56.7760,0.32,-1.97,-3.76,-0.33,0.06,-0.24
2024-03-25 16:58:56.7860,0.06,-1.28,-4.45,-0.38,0.15,-0.28
2024-03-25 16:58:56.7960,-0.08,-0.79,-5.13,-0.44,0.2,-0.28
2024-03-25 16:58:56.8060,-0.19,-0.24,-5.33,-0.48,0.23,-0.28
2024-03-25 16:58:56.8160,-0.22,0.18,-5.17,-0.46,0.24,-0.26
2024-03-25 16:58:56.8260,-0.26,0.45,-4.72,-0.4,0.24,-0.23
2024-03-25 16:58:56.8360,-0.18,0.5,-4.05,-0.29,0.23,-0.24
2024-03-25 16:58:56.8460,0.04,0.68,-3.53,-0.26,0.2,-0.21
2024-03-25 16:58:56.8560,-0.01,0.87,-3.53,-0.31,0.19,-0.14
2024-03-25 16:58:56.8660,-0.04,1.18,-3.32,-0.38,0.19,-0.03
2024-03-25 16:58:56.8760,-0.13,1.44,-2.92,-0.45,0.2,0.11
2024-03-25 16:58:56.8860,-0.19,1.6,-2.3,-0.49,0.17,0.25
2024-03-25 16:58:56.8960,-0.14,1.46,-1.57,-0.44,0.17,0.32
2024-03-25 16:58:56.9060,0.26,1.13,-0.35,-0.34,0.21,0.33
2024-03-25 16:58:56.9160,0.88,0.7,0.64,-0.17,0.15,0.21
2024-03-25 16:58:56.9260,1.43,0.42,1.35,-0.04,0.06,0.08
2024-03-25 16:58:56.9360,1.59,0.51,1.41,0.01,-0.09,-0.03
2024-03-25 16:58:56.9460,1.38,0.67,1.17,0.02,-0.2,-0.1
2024-03-25 16:58:56.9560,1.33,1.12,1.06,-0.05,-0.19,-0.09
2024-03-25 16:58:56.9660,1.11,1.46,0.8,-0.13,-0.08,-0.06
2024-03-25 16:58:56.9760,1.02,1.79,0.91,-0.22,0.06,-0.01
2024-03-25 16:58:56.9860,0.89,1.88,1.2,-0.33,0.19,0.04
2024-03-25 16:58:56.9960,0.74,1.78,1.66,-0.42,0.29,0.06
2024-03-25 16:58:57.0060,0.59,1.39,2.65,-0.36,0.34,0.03
2024-03-25 16:58:57.0160,0.61,0.97,4.34,-0.19,0.35,-0.06
2024-03-25 16:58:57.0260,0.75,0.63,5.62,0.05,0.31,-0.19
2024-03-25 16:58:57.0360,0.78,0.56,6.38,0.26,0.22,-0.32
2024-03-25 16:58:57.0460,0.52,0.82,6.48,0.39,0.1,-0.39
2024-03-25 16:58:57.0560,-0.07,1.4,5.88,0.37,-0.01,-0.37
2024-03-25 16:58:57.0660,-0.78,1.93,4.97,0.21,-0.04,-0.2
2024-03-25 16:58:57.0760,-1.72,2.09,4.23,-0.0,0.05,0.13
2024-03-25 16:58:57.0860,-2.49,1.74,4.31,0.01,0.14,0.46
2024-03-25 16:58:57.0960,-2.09,0.68,5.67,0.21,0.14,0.56
2024-03-25 16:58:57.1060,-0.74,-1.22,6.4,0.51,-0.01,0.44
2024-03-25 16:58:57.1160,0.49,-2.97,6.29,0.78,-0.21,0.14
2024-03-25 16:58:57.1260,1.41,-4.07,5.04,0.82,-0.33,-0.19
2024-03-25 16:58:57.1360,1.55,-4.4,2.77,0.7,-0.26,-0.38
2024-03-25 16:58:57.1460,0.84,-4.18,0.93,0.56,0.07,-0.39
2024-03-25 16:58:57.1560,-0.15,-3.75,0.29,0.47,0.44,-0.3
2024-03-25 16:58:57.1660,-0.81,-3.42,-0.25,0.35,0.7,-0.18
2024-03-25 16:58:57.1760,-1.51,-3.26,-0.84,0.21,0.79,-0.08
2024-03-25 16:58:57.1860,-1.99,-2.91,-1.43,0.05,0.66,-0.02
2024-03-25 16:58:57.1960,-2.4,-2.54,-1.85,-0.12,0.41,0.01
2024-03-25 16:58:57.2060,-2.56,-2.27,-2.11,-0.25,0.11,-0.0
2024-03-25 16:58:57.2160,-2.49,-1.78,-2.26,-0.34,-0.12,0.02
2024-03-25 16:58:57.2260,-2.51,-1.36,-2.58,-0.38,-0.21,0.1
2024-03-25 16:58:57.2360,-2.46,-0.93,-2.89,-0.38,-0.19,0.17
2024-03-25 16:58:57.2460,-2.16,-0.56,-3.27,-0.34,-0.13,0.21
2024-03-25 16:58:57.2560,-1.75,-0.31,-3.64,-0.31,-0.05,0.22
2024-03-25 16:58:57.2660,-1.52,-0.11,-4.02,-0.27,0.02,0.25
2024-03-25 16:58:57.2760,-1.56,0.02,-4.26,-0.21,0.05,0.28
2024-03-25 16:58:57.2860,-1.52,0.11,-4.43,-0.17,0.03,0.31
2024-03-25 16:58:57.2960,-1.43,0.16,-4.77,-0.17,-0.07,0.33
2024-03-25 16:58:57.3060,-1.31,0.14,-4.98,-0.15,-0.24,0.32
2024-03-25 16:58:57.3160,-0.95,0.13,-4.94,-0.17,-0.39,0.29
2024-03-25 16:58:57.3260,-0.6,0.1,-5.11,-0.18,-0.48,0.26
2024-03-25 16:58:57.3350,-0.51,0.16,-4.95,-0.17,-0.44,0.32
2024-03-25 16:58:57.3460,-0.49,0.53,-4.64,-0.15,-0.31,0.4
2024-03-25 16:58:57.3560,-0.46,0.69,-4.56,-0.18,-0.16,0.47
2024-03-25 16:58:57.3660,-0.34,0.79,-4.58,-0.27,0.0,0.58
2024-03-25 16:58:57.3760,-0.11,0.98,-4.33,-0.34,0.11,0.65
2024-03-25 16:58:57.3860,0.05,0.77,-3.44,-0.37,0.14,0.64
2024-03-25 16:58:57.3960,0.38,0.47,-2.38,-0.37,0.14,0.58
2024-03-25 16:58:57.4060,0.69,0.24,-1.4,-0.35,0.09,0.48
2024-03-25 16:58:57.4160,0.88,0.0,-0.47,-0.31,0.02,0.35
2024-03-25 16:58:57.4260,1.03,-0.03,0.45,-0.25,-0.04,0.23
2024-03-25 16:58:57.4360,1.03,0.1,1.13,-0.19,-0.1,0.14
2024-03-25 16:58:57.4460,0.95,0.41,1.57,-0.18,-0.13,0.05
2024-03-25 16:58:57.4560,0.99,0.78,1.71,-0.2,-0.13,-0.02
2024-03-25 16:58:57.4650,0.81,1.14,1.86,-0.27,-0.08,-0.06
2024-03-25 16:58:57.4760,0.4,1.44,1.97,-0.33,0.04,-0.01
2024-03-25 16:58:57.4860,-0.06,1.79,2.67,-0.35,0.16,0.03
2024-03-25 16:58:57.4960,-0.26,1.69,3.64,-0.31,0.21,0.04
2024-03-25 16:58:57.5060,-0.22,1.51,4.8,-0.19,0.18,-0.03
2024-03-25 16:58:57.5160,-0.13,1.31,5.81,0.02,0.08,-0.15
2024-03-25 16:58:57.5260,-0.09,1.22,6.61,0.23,-0.09,-0.31
2024-03-25 16:58:57.5360,-0.13,1.37,6.66,0.36,-0.25,-0.47
2024-03-25 16:58:57.5460,-0.24,2.0,5.93,0.42,-0.35,-0.55
2024-03-25 16:58:57.5560,-0.66,2.84,5.13,0.42,-0.35,-0.47
2024-03-25 16:58:57.5660,-1.48,3.43,4.62,0.4,-0.16,-0.26
2024-03-25 16:58:57.5760,-1.87,3.05,4.42,0.5,0.06,-0.01
2024-03-25 16:58:57.5860,-1.42,1.86,4.92,0.7,0.21,0.1
2024-03-25 16:58:57.5960,-0.36,0.23,5.02,0.85,0.17,0.06
2024-03-25 16:58:57.6060,0.47,-1.11,4.14,0.93,0.02,-0.07
2024-03-25 16:58:57.6160,1.19,-2.01,3.13,0.95,-0.12,-0.24
2024-03-25 16:58:57.6260,1.59,-2.49,2.16,0.94,-0.18,-0.34
2024-03-25 16:58:57.6350,1.43,-2.54,1.43,0.94,-0.16,-0.38
2024-03-25 16:58:57.6450,1.12,-2.35,0.92,0.9,-0.07,-0.31
2024-03-25 16:58:57.6560,0.65,-2.15,0.13,0.79,0.03,-0.2
2024-03-25 16:58:57.6660,0.4,-1.82,-0.76,0.6,0.12,-0.08
2024-03-25 16:58:57.6760,0.31,-1.67,-1.53,0.34,0.18,0.03
2024-03-25 16:58:57.6860,0.18,-1.63,-2.04,0.04,0.21,0.16
2024-03-25 16:58:57.6960,-0.03,-1.77,-2.25,-0.22,0.21,0.26
2024-03-25 16:58:57.7060,-0.15,-2.13,-1.91,-0.4,0.17,0.35
2024-03-25 16:58:57.7160,-0.18,-2.54,-1.37,-0.49,0.03,0.36
2024-03-25 16:58:57.7260,0.13,-3.01,-1.01,-0.51,-0.13,0.28
2024-03-25 16:58:57.7360,0.64,-3.18,-0.93,-0.48,-0.27,0.12
2024-03-25 16:58:57.7460,1.12,-3.01,-1.11,-0.42,-0.31,-0.03
2024-03-25 16:58:57.7570,1.18,-2.54,-1.57,-0.35,-0.27,-0.13
2024-03-25 16:58:57.7660,1.0,-2.01,-2.19,-0.26,-0.16,-0.21
2024-03-25 16:58:57.7750,0.71,-1.54,-2.89,-0.18,-0.02,-0.22
2024-03-25 16:58:57.7850,0.32,-1.05,-3.6,-0.12,0.07,-0.24
2024-03-25 16:58:57.7950,0.11,-0.69,-4.24,-0.12,0.08,-0.25
2024-03-25 16:58:57.8060,0.03,-0.32,-4.86,-0.12,0.03,-0.27
2024-03-25 16:58:57.8150,-0.04,-0.19,-5.12,-0.1,-0.08,-0.33
2024-03-25 16:58:57.8250,0.06,-0.1,-5.07,-0.06,-0.16,-0.4
2024-03-25 16:58:57.8350,0.18,-0.11,-4.94,-0.01,-0.22,-0.45
2024-03-25 16:58:57.8450,0.14,0.02,-4.87,-0.01,-0.23,-0.44
2024-03-25 16:58:57.8550,-0.09,0.31,-4.97,-0.05,-0.23,-0.34
2024-03-25 16:58:57.8650,-0.45,0.73,-4.97,-0.15,-0.2,-0.16
2024-03-25 16:58:57.8750,-0.79,1.14,-4.9,-0.29,-0.19,0.02
2024-03-25 16:58:57.8850,-0.62,1.36,-4.71,-0.44,-0.21,0.15
2024-03-25 16:58:57.8950,-0.25,1.34,-4.16,-0.54,-0.24,0.21
2024-03-25 16:58:57.9050,0.15,1.21,-3.29,-0.56,-0.24,0.23
2024-03-25 16:58:57.9150,0.5,0.96,-2.22,-0.53,-0.23,0.2
2024-03-25 16:58:57.9260,0.73,0.8,-1.26,-0.48,-0.21,0.18
2024-03-25 16:58:57.9350,0.64,0.83,-0.67,-0.46,-0.14,0.21
2024-03-25 16:58:57.9450,0.39,1.04,-0.12,-0.43,-0.05,0.26
2024-03-25 16:58:57.9550,0.33,1.32,0.49,-0.42,0.06,0.32
2024-03-25 16:58:57.9650,0.32,1.53,1.04,-0.41,0.18,0.37
2024-03-25 16:58:57.9750,0.29,1.7,1.62,-0.38,0.29,0.39
2024-03-25 16:58:57.9850,0.39,1.76,2.4,-0.3,0.35,0.35
2024-03-25 16:58:57.9950,0.56,1.65,3.21,-0.2,0.34,0.25
2024-03-25 16:58:58.0050,0.67,1.54,3.92,-0.05,0.33,0.13
2024-03-25 16:58:58.0150,0.61,1.5,4.61,0.14,0.29,0.04
2024-03-25 16:58:58.0250,0.26,1.58,4.98,0.32,0.25,-0.01
2024-03-25 16:58:58.0360,-0.11,1.79,5.04,0.49,0.25,0.02
2024-03-25 16:58:58.0450,-0.63,1.93,4.83,0.69,0.3,0.07
2024-03-25 16:58:58.0550,-0.65,1.91,4.63,0.85,0.38,0.07
2024-03-25 16:58:58.0650,-0.36,1.71,4.03,0.99,0.43,0.04
2024-03-25 16:58:58.0750,-0.3,1.53,3.63,1.12,0.39,-0.0
2024-03-25 16:58:58.0850,-0.48,1.44,3.35,1.18,0.28,-0.04
2024-03-25 16:58:58.0950,-0.96,1.44,2.75,1.06,0.19,0.05
2024-03-25 16:58:58.1050,-1.96,1.32,2.0,0.86,0.1,0.26
2024-03-25 16:58:58.1150,-2.8,0.89,2.07,0.72,-0.05,0.52
2024-03-25 16:58:58.1250,-3.08,0.17,2.73,0.66,-0.22,0.75
2024-03-25 16:58:58.1350,-2.6,-0.99,3.12,0.59,-0.38,0.87
2024-03-25 16:58:58.1450,-1.64,-2.29,2.72,0.55,-0.48,0.91
2024-03-25 16:58:58.1550,-0.86,-3.06,2.37,0.43,-0.5,0.87
2024-03-25 16:58:58.1650,-0.28,-3.41,1.58,0.2,-0.44,0.82
2024-03-25 16:58:58.1750,-0.22,-3.33,0.82,-0.13,-0.23,0.88
2024-03-25 16:58:58.1850,-0.76,-3.2,0.6,-0.44,0.02,1.05
2024-03-25 16:58:58.1950,-1.58,-3.33,1.19,-0.69,0.16,1.24
2024-03-25 16:58:58.2050,-2.06,-3.66,1.97,-0.93,0.09,1.32
2024-03-25 16:58:58.2150,-1.87,-4.15,2.1,-1.08,-0.12,1.2
2024-03-25 16:58:58.2250,-1.12,-4.37,2.36,-1.03,-0.33,0.91
2024-03-25 16:58:58.2350,-0.2,-3.95,2.87,-0.74,-0.42,0.61
2024-03-25 16:58:58.2450,0.31,-2.97,3.14,-0.34,-0.34,0.39
2024-03-25 16:58:58.2550,0.35,-1.78,2.6,-0.01,-0.14,0.28
2024-03-25 16:58:58.2650,0.29,-0.7,0.94,0.2,0.05,0.23
2024-03-25 16:58:58.2750,0.24,0.12,-0.95,0.35,0.19,0.22
2024-03-25 16:58:58.2850,0.17,0.67,-2.14,0.45,0.23,0.22
2024-03-25 16:58:58.2950,0.02,0.85,-3.15,0.48,0.17,0.22
2024-03-25 16:58:58.3050,0.0,0.83,-4.09,0.46,0.05,0.21
2024-03-25 16:58:58.3150,0.06,0.73,-4.88,0.4,-0.1,0.2
2024-03-25 16:58:58.3250,0.02,0.56,-5.37,0.36,-0.22,0.2
2024-03-25 16:58:58.3350,0.02,0.38,-5.55,0.34,-0.22,0.22
2024-03-25 16:58:58.3450,0.0,0.2,-5.55,0.36,-0.11,0.21
2024-03-25 16:58:58.3550,-0.01,0.0,-5.38,0.37,0.05,0.25
2024-03-25 16:58:58.3650,-0.33,-0.09,-5.18,0.36,0.14,0.32
2024-03-25 16:58:58.3750,-0.58,-0.12,-4.79,0.3,0.13,0.35
2024-03-25 16:58:58.3850,-0.46,-0.21,-4.64,0.22,0.06,0.33
2024-03-25 16:58:58.3950,-0.21,-0.3,-4.44,0.16,0.01,0.27
2024-03-25 16:58:58.4050,0.02,-0.28,-3.95,0.18,-0.0,0.18
2024-03-25 16:58:58.4150,0.22,-0.19,-3.23,0.27,0.03,0.09
2024-03-25 16:58:58.4250,0.3,0.05,-2.58,0.36,0.11,0.02
2024-03-25 16:58:58.4350,0.23,0.32,-2.29,0.42,0.21,-0.01
2024-03-25 16:58:58.4450,-0.02,0.7,-2.1,0.43,0.25,-0.01
2024-03-25 16:58:58.4550,-0.2,1.2,-1.98,0.33,0.19,-0.0
2024-03-25 16:58:58.4650,-0.29,1.8,-2.03,0.13,0.09,0.04
2024-03-25 16:58:58.4750,-0.46,2.44,-1.92,-0.11,0.01,0.17
2024-03-25 16:58:58.4850,-0.81,2.78,-1.34,-0.29,-0.01,0.35
2024-03-25 16:58:58.4950,-0.85,2.63,-0.12,-0.37,0.07,0.47
2024-03-25 16:58:58.5050,-0.46,2.02,1.33,-0.37,0.17,0.52
2024-03-25 16:58:58.5150,-0.07,1.22,2.83,-0.29,0.2,0.45
2024-03-25 16:58:58.5250,0.43,0.44,4.32,-0.13,0.07,0.22
2024-03-25 16:58:58.5350,1.07,-0.05,5.53,0.06,-0.25,-0.09
2024-03-25 16:58:58.5450,1.64,-0.13,6.21,0.27,-0.63,-0.43
2024-03-25 16:58:58.5550,2.07,0.45,6.13,0.41,-0.88,-0.67
2024-03-25 16:58:58.5650,2.11,1.54,4.94,0.39,-0.85,-0.7
2024-03-25 16:58:58.5750,1.51,2.42,3.46,0.24,-0.52,-0.51
2024-03-25 16:58:58.5850,0.84,2.74,2.47,0.16,-0.04,-0.2
2024-03-25 16:58:58.5950,0.78,2.29,3.15,0.31,0.2,-0.03
2024-03-25 16:58:58.6050,1.44,0.83,4.59,0.42,0.22,-0.05
2024-03-25 16:58:58.6150,2.07,-0.91,4.19,0.42,0.08,-0.2
2024-03-25 16:58:58.6250,2.55,-2.01,3.45,0.36,-0.08,-0.41
2024-03-25 16:58:58.6350,2.76,-2.85,3.17,0.35,-0.15,-0.61
2024-03-25 16:58:58.6450,2.58,-3.26,3.33,0.4,-0.09,-0.73
2024-03-25 16:58:58.6550,1.92,-3.18,3.22,0.4,0.02,-0.73
2024-03-25 16:58:58.6650,0.98,-2.8,2.48,0.29,0.09,-0.63
2024-03-25 16:58:58.6750,0.05,-2.34,1.41,0.05,0.17,-0.45
2024-03-25 16:58:58.6850,-0.88,-2.04,0.34,-0.22,0.26,-0.2
2024-03-25 16:58:58.6950,-1.62,-1.9,-0.09,-0.48,0.25,0.01
2024-03-25 16:58:58.7050,-1.88,-2.25,-0.17,-0.68,0.1,0.08
2024-03-25 16:58:58.7150,-1.53,-2.69,-0.1,-0.8,-0.11,-0.03
2024-03-25 16:58:58.7250,-0.85,-2.9,-0.05,-0.77,-0.28,-0.19
2024-03-25 16:58:58.7350,-0.42,-2.46,0.14,-0.63,-0.31,-0.32
2024-03-25 16:58:58.7460,-0.55,-1.95,-0.12,-0.46,-0.23,-0.41
2024-03-25 16:58:58.7550,-0.7,-1.33,-0.97,-0.34,-0.11,-0.44
2024-03-25 16:58:58.7650,-1.01,-0.74,-2.21,-0.27,-0.01,-0.43
2024-03-25 16:58:58.7750,-1.24,-0.19,-3.36,-0.25,0.04,-0.41
2024-03-25 16:58:58.7850,-1.27,0.22,-4.31,-0.26,0.03,-0.4
2024-03-25 16:58:58.7950,-1.25,0.51,-5.04,-0.28,0.01,-0.37
2024-03-25 16:58:58.8050,-1.16,0.71,-5.57,-0.3,-0.01,-0.35
2024-03-25 16:58:58.8150,-1.03,0.65,-5.88,-0.31,0.01,-0.32
2024-03-25 16:58:58.8250,-0.79,0.55,-5.94,-0.28,0.07,-0.29
2024-03-25 16:58:58.8350,-0.76,0.28,-5.65,-0.24,0.13,-0.24
2024-03-25 16:58:58.8450,-0.73,0.19,-5.38,-0.25,0.12,-0.16
2024-03-25 16:58:58.8550,-0.97,0.06,-5.31,-0.29,0.04,-0.02
2024-03-25 16:58:58.8650,-1.28,0.02,-4.92,-0.36,-0.05,0.11
2024-03-25 16:58:58.8750,-1.06,-0.17,-4.37,-0.41,-0.13,0.16
2024-03-25 16:58:58.8850,-0.46,-0.4,-3.83,-0.45,-0.17,0.16
2024-03-25 16:58:58.8950,0.01,-0.48,-3.2,-0.45,-0.2,0.14
2024-03-25 16:58:58.9050,0.4,-0.33,-2.59,-0.46,-0.24,0.1
2024-03-25 16:58:58.9150,0.71,0.01,-2.17,-0.5,-0.3,0.07
2024-03-25 16:58:58.9250,0.81,0.47,-1.89,-0.58,-0.32,0.07
2024-03-25 16:58:58.9350,0.85,1.04,-1.52,-0.68,-0.26,0.11
2024-03-25 16:58:58.9450,0.9,1.49,-1.02,-0.8,-0.12,0.18
2024-03-25 16:58:58.9550,0.9,1.78,-0.34,-0.92,0.09,0.28
2024-03-25 16:58:58.9650,0.84,1.82,0.7,-0.95,0.32,0.34
2024-03-25 16:58:58.9750,1.01,1.58,2.48,-0.84,0.47,0.34
2024-03-25 16:58:58.9850,1.09,1.2,4.72,-0.66,0.5,0.28
2024-03-25 16:58:58.9950,1.29,1.0,6.45,-0.47,0.42,0.13
2024-03-25 16:58:59.0050,1.59,0.8,7.55,-0.26,0.32,-0.06
2024-03-25 16:58:59.0150,1.77,0.79,8.24,0.01,0.22,-0.25
2024-03-25 16:58:59.0250,1.46,0.99,8.62,0.24,0.2,-0.33
2024-03-25 16:58:59.0350,0.95,1.81,8.22,0.37,0.22,-0.3
2024-03-25 16:58:59.0450,0.27,2.58,7.34,0.38,0.28,-0.17
2024-03-25 16:58:59.0550,-0.53,2.96,6.4,0.21,0.42,0.1
2024-03-25 16:58:59.0650,-1.51,2.49,5.83,0.16,0.45,0.39
2024-03-25 16:58:59.0750,-1.81,1.1,6.94,0.34,0.31,0.48
2024-03-25 16:58:59.0850,-0.88,-0.75,8.1,0.63,0.07,0.36
2024-03-25 16:58:59.0950,0.19,-2.36,7.85,0.83,-0.17,0.13
2024-03-25 16:58:59.1050,0.67,-3.21,6.3,0.82,-0.24,-0.04
2024-03-25 16:58:59.1150,0.28,-3.6,4.34,0.75,-0.16,-0.11
2024-03-25 16:58:59.1250,-0.42,-3.74,3.46,0.73,-0.03,-0.11
2024-03-25 16:58:59.1350,-1.13,-3.92,3.15,0.72,0.04,-0.07
2024-03-25 16:58:59.1450,-1.86,-3.94,2.46,0.64,0.0,-0.01
2024-03-25 16:58:59.1550,-2.41,-3.92,1.24,0.52,-0.09,0.01
2024-03-25 16:58:59.1650,-2.52,-3.9,0.09,0.4,-0.17,-0.01
2024-03-25 16:58:59.1750,-2.29,-3.79,-0.88,0.33,-0.19,-0.08
2024-03-25 16:58:59.1850,-2.01,-3.53,-1.79,0.28,-0.19,-0.15
2024-03-25 16:58:59.1950,-2.0,-2.94,-2.63,0.2,-0.11,-0.16
2024-03-25 16:58:59.2050,-2.13,-2.17,-3.64,0.08,-0.04,-0.11
2024-03-25 16:58:59.2150,-2.33,-1.43,-4.54,-0.06,0.02,-0.01
2024-03-25 16:58:59.2250,-2.54,-0.83,-5.15,-0.2,0.09,0.12
2024-03-25 16:58:59.2350,-2.62,-0.44,-5.53,-0.29,0.15,0.25
2024-03-25 16:58:59.2450,-2.52,-0.21,-5.4,-0.32,0.18,0.37
2024-03-25 16:58:59.2550,-2.45,-0.22,-5.14,-0.3,0.16,0.47
2024-03-25 16:58:59.2650,-2.32,-0.2,-4.98,-0.32,0.12,0.52
2024-03-25 16:58:59.2750,-1.97,-0.27,-5.23,-0.33,0.08,0.53
2024-03-25 16:58:59.2850,-1.58,-0.24,-5.26,-0.31,0.05,0.53
2024-03-25 16:58:59.2950,-1.32,-0.15,-5.15,-0.26,0.06,0.54
2024-03-25 16:58:59.3050,-1.14,-0.06,-5.09,-0.2,0.09,0.55
2024-03-25 16:58:59.3150,-0.99,0.15,-5.17,-0.21,0.11,0.56
2024-03-25 16:58:59.3250,-0.86,0.36,-5.51,-0.28,0.08,0.59
2024-03-25 16:58:59.3350,-0.89,0.64,-5.6,-0.34,0.01,0.66
2024-03-25 16:58:59.3450,-1.02,0.93,-5.17,-0.38,-0.01,0.75
2024-03-25 16:58:59.3550,-0.98,1.11,-4.57,-0.38,0.06,0.81
2024-03-25 16:58:59.3650,-0.55,1.12,-3.91,-0.36,0.17,0.81
2024-03-25 16:58:59.3750,0.05,0.94,-3.24,-0.35,0.27,0.78
2024-03-25 16:58:59.3850,0.35,0.81,-2.6,-0.34,0.34,0.76
2024-03-25 16:58:59.3950,0.41,0.75,-1.89,-0.36,0.38,0.73
2024-03-25 16:58:59.4050,0.53,0.72,-1.26,-0.35,0.38,0.68
2024-03-25 16:58:59.4150,0.68,0.64,-0.27,-0.29,0.32,0.64
2024-03-25 16:58:59.4250,0.59,0.56,1.0,-0.19,0.19,0.59
2024-03-25 16:58:59.4350,0.58,0.56,2.1,-0.12,0.09,0.5
2024-03-25 16:58:59.4450,0.88,0.53,2.61,-0.08,-0.01,0.38
2024-03-25 16:58:59.4550,1.06,0.49,2.92,-0.04,-0.08,0.26
2024-03-25 16:58:59.4650,1.08,0.56,3.46,0.03,-0.1,0.16
2024-03-25 16:58:59.4750,1.01,0.6,3.96,0.14,-0.06,0.09
2024-03-25 16:58:59.4850,1.04,0.69,4.37,0.25,-0.01,-0.0
2024-03-25 16:58:59.4950,1.12,0.66,4.52,0.35,-0.02,-0.12
2024-03-25 16:58:59.5050,1.16,0.62,4.55,0.45,-0.12,-0.27
2024-03-25 16:58:59.5150,1.09,0.82,4.58,0.54,-0.27,-0.45
2024-03-25 16:58:59.5250,1.27,1.32,4.31,0.6,-0.39,-0.62
2024-03-25 16:58:59.5350,1.42,2.02,3.66,0.53,-0.33,-0.67
2024-03-25 16:58:59.5450,0.92,2.5,2.97,0.43,-0.11,-0.55
2024-03-25 16:58:59.5550,0.23,2.41,3.05,0.43,0.15,-0.32
2024-03-25 16:58:59.5650,-0.23,1.47,4.05,0.59,0.31,-0.14
2024-03-25 16:58:59.5750,0.06,-0.02,5.11,0.73,0.26,-0.15
2024-03-25 16:58:59.5850,0.9,-1.47,4.63,0.77,0.09,-0.27
2024-03-25 16:58:59.5950,1.54,-2.37,3.61,0.76,-0.07,-0.44
2024-03-25 16:58:59.6040,1.91,-2.66,2.71,0.72,-0.1,-0.56
2024-03-25 16:58:59.6150,1.8,-2.6,1.98,0.68,-0.02,-0.56
2024-03-25 16:58:59.6250,1.41,-2.22,1.42,0.6,0.13,-0.49
2024-03-25 16:58:59.6350,1.1,-1.98,0.83,0.46,0.3,-0.4
2024-03-25 16:58:59.6440,0.76,-1.82,0.29,0.24,0.45,-0.26
2024-03-25 16:58:59.6550,0.24,-1.85,-0.15,0.01,0.54,-0.11
2024-03-25 16:58:59.6650,-0.2,-2.02,-0.06,-0.19,0.5,0.01
2024-03-25 16:58:59.6750,-0.5,-2.33,0.06,-0.39,0.37,0.06
2024-03-25 16:58:59.6850,-0.4,-2.74,-0.11,-0.54,0.14,0.04
2024-03-25 16:58:59.6950,-0.17,-3.13,-0.19,-0.59,-0.14,-0.03
2024-03-25 16:58:59.7050,0.12,-3.1,-0.11,-0.59,-0.35,-0.13
2024-03-25 16:58:59.7150,0.41,-2.79,-0.52,-0.56,-0.42,-0.24
2024-03-25 16:58:59.7250,0.65,-2.33,-1.29,-0.53,-0.38,-0.31
2024-03-25 16:58:59.7350,0.56,-1.82,-2.17,-0.49,-0.28,-0.32
2024-03-25 16:58:59.7450,0.2,-1.33,-2.85,-0.44,-0.16,-0.28
2024-03-25 16:58:59.7550,-0.14,-0.8,-3.42,-0.41,-0.06,-0.25
2024-03-25 16:58:59.7650,-0.13,-0.47,-4.04,-0.39,-0.03,-0.26
2024-03-25 16:58:59.7750,0.04,-0.29,-4.42,-0.34,-0.05,-0.32
2024-03-25 16:58:59.7840,0.13,-0.15,-4.51,-0.26,-0.07,-0.4
2024-03-25 16:58:59.7950,0.19,-0.11,-4.53,-0.17,-0.06,-0.49
2024-03-25 16:58:59.8050,0.15,0.03,-4.55,-0.11,-0.04,-0.53
2024-03-25 16:58:59.8140,-0.35,0.23,-4.66,-0.11,-0.01,-0.47
2024-03-25 16:58:59.8240,-1.05,0.49,-4.66,-0.15,0.01,-0.36
2024-03-25 16:58:59.8350,-1.39,0.78,-4.61,-0.21,-0.0,-0.24
2024-03-25 16:58:59.8440,-1.44,0.97,-4.41,-0.27,-0.03,-0.14
2024-03-25 16:58:59.8540,-1.39,1.11,-4.14,-0.31,-0.05,-0.03
2024-03-25 16:58:59.8640,-1.4,1.1,-3.54,-0.3,-0.02,0.05
2024-03-25 16:58:59.8740,-1.24,0.98,-2.55,-0.32,0.02,0.14
2024-03-25 16:58:59.8840,-1.2,0.85,-1.85,-0.33,0.02,0.23
2024-03-25 16:58:59.8940,-1.05,0.8,-0.81,-0.3,-0.01,0.3
2024-03-25 16:58:59.9050,-0.74,0.89,0.17,-0.3,-0.09,0.33
2024-03-25 16:58:59.9140,-0.26,1.12,0.51,-0.33,-0.18,0.34
2024-03-25 16:58:59.9240,0.11,1.3,0.68,-0.36,-0.22,0.34
2024-03-25 16:58:59.9340,0.42,1.6,1.02,-0.38,-0.14,0.36
2024-03-25 16:58:59.9450,0.5,1.78,1.52,-0.4,0.05,0.41
2024-03-25 16:58:59.9540,0.55,1.84,2.1,-0.38,0.33,0.48
2024-03-25 16:58:59.9640,0.53,1.65,3.1,-0.29,0.56,0.51
2024-03-25 16:58:59.9740,0.59,1.35,4.57,-0.15,0.63,0.47
2024-03-25 16:58:59.9840,0.77,1.1,5.76,-0.03,0.52,0.37
2024-03-25 16:58:59.9940,1.02,1.05,6.44,0.1,0.27,0.21
2024-03-25 16:59:00.0040,1.3,1.3,6.96,0.24,0.04,0.04
2024-03-25 16:59:00.0140,1.54,1.86,7.06,0.37,-0.02,-0.05
2024-03-25 16:59:00.0240,1.38,2.48,6.59,0.4,0.07,-0.01
2024-03-25 16:59:00.0340,0.69,2.67,5.85,0.37,0.32,0.2
2024-03-25 16:59:00.0440,-0.41,2.35,5.51,0.33,0.5,0.52
2024-03-25 16:59:00.0540,-1.08,1.35,5.96,0.45,0.42,0.69
2024-03-25 16:59:00.0640,-0.63,-0.33,6.76,0.63,0.15,0.73
2024-03-25 16:59:00.0740,-0.05,-1.99,6.56,0.75,-0.24,0.59
2024-03-25 16:59:00.0840,0.65,-3.1,5.35,0.7,-0.51,0.42
2024-03-25 16:59:00.0940,1.02,-3.8,3.6,0.64,-0.58,0.27
2024-03-25 16:59:00.1040,0.89,-4.09,2.75,0.68,-0.48,0.16
2024-03-25 16:59:00.1140,0.48,-4.27,2.41,0.75,-0.29,0.09
2024-03-25 16:59:00.1240,-0.02,-4.41,1.56,0.74,-0.13,0.02
2024-03-25 16:59:00.1340,-0.55,-4.43,0.25,0.64,-0.04,-0.0
2024-03-25 16:59:00.1440,-1.2,-4.41,-1.01,0.5,-0.03,-0.03
2024-03-25 16:59:00.1540,-1.57,-4.23,-2.01,0.35,-0.04,-0.06
2024-03-25 16:59:00.1640,-1.81,-3.93,-2.86,0.18,-0.05,-0.08
2024-03-25 16:59:00.1740,-1.94,-3.51,-3.62,0.0,-0.07,-0.1
2024-03-25 16:59:00.1840,-1.99,-3.09,-4.31,-0.17,-0.09,-0.1
2024-03-25 16:59:00.1940,-1.98,-2.6,-4.77,-0.31,-0.07,-0.09
2024-03-25 16:59:00.2040,-1.88,-1.99,-4.98,-0.41,-0.02,-0.05
2024-03-25 16:59:00.2140,-1.86,-1.34,-5.0,-0.47,0.04,0.01
2024-03-25 16:59:00.2240,-1.87,-0.91,-4.96,-0.51,0.08,0.07
2024-03-25 16:59:00.2340,-1.83,-0.58,-4.87,-0.51,0.11,0.13
2024-03-25 16:59:00.2440,-1.83,-0.35,-4.73,-0.49,0.12,0.18
2024-03-25 16:59:00.2540,-1.77,-0.14,-4.59,-0.44,0.13,0.27
2024-03-25 16:59:00.2640,-1.91,0.04,-4.21,-0.35,0.12,0.36
2024-03-25 16:59:00.2740,-1.84,0.28,-3.88,-0.28,0.11,0.44
2024-03-25 16:59:00.2840,-1.61,0.46,-3.91,-0.24,0.06,0.48
2024-03-25 16:59:00.2940,-1.31,0.7,-4.0,-0.25,0.01,0.51
2024-03-25 16:59:00.3040,-1.09,0.94,-4.22,-0.32,-0.0,0.56
2024-03-25 16:59:00.3140,-1.02,1.18,-4.3,-0.37,0.0,0.61
2024-03-25 16:59:00.3240,-0.89,1.35,-3.89,-0.4,0.05,0.67
2024-03-25 16:59:00.3340,-0.76,1.3,-3.34,-0.4,0.14,0.73
2024-03-25 16:59:00.3440,-0.6,1.14,-2.55,-0.37,0.24,0.76
2024-03-25 16:59:00.3540,-0.21,0.92,-1.69,-0.32,0.32,0.75
2024-03-25 16:59:00.3640,0.12,0.65,-0.96,-0.25,0.34,0.69
2024-03-25 16:59:00.3740,0.44,0.48,-0.17,-0.17,0.28,0.61
2024-03-25 16:59:00.3840,0.63,0.34,0.55,-0.06,0.16,0.49
2024-03-25 16:59:00.3940,0.89,0.31,1.36,0.04,0.04,0.35
2024-03-25 16:59:00.4040,1.07,0.36,1.71,0.07,-0.04,0.23
2024-03-25 16:59:00.4140,0.95,0.55,1.74,0.06,-0.05,0.17
2024-03-25 16:59:00.4240,0.59,0.8,1.89,0.04,0.01,0.16
2024-03-25 16:59:00.4340,0.29,0.99,2.4,0.05,0.09,0.15
2024-03-25 16:59:00.4440,0.2,1.07,3.08,0.1,0.11,0.12
2024-03-25 16:59:00.4540,0.28,1.01,3.63,0.17,0.08,0.05
2024-03-25 16:59:00.4640,0.38,0.86,4.02,0.28,-0.02,-0.07
2024-03-25 16:59:00.4740,0.43,0.81,4.46,0.41,-0.15,-0.21
2024-03-25 16:59:00.4840,0.43,0.8,4.48,0.55,-0.23,-0.35
2024-03-25 16:59:00.4940,0.38,0.89,4.21,0.68,-0.28,-0.48
2024-03-25 16:59:00.5040,0.4,1.36,3.62,0.69,-0.3,-0.58
2024-03-25 16:59:00.5140,0.49,2.09,2.67,0.61,-0.29,-0.61
2024-03-25 16:59:00.5240,0.26,2.76,2.01,0.46,-0.11,-0.47
2024-03-25 16:59:00.5340,-0.48,2.77,1.93,0.34,0.12,-0.17
2024-03-25 16:59:00.5440,-1.1,2.05,2.66,0.39,0.19,0.05
2024-03-25 16:59:00.5540,-0.66,0.85,4.01,0.51,0.1,0.1
2024-03-25 16:59:00.5640,0.28,-0.45,4.21,0.59,-0.09,0.06
2024-03-25 16:59:00.5740,0.91,-1.49,3.7,0.61,-0.26,-0.07
2024-03-25 16:59:00.5840,1.54,-2.23,3.04,0.61,-0.33,-0.21
2024-03-25 16:59:00.5940,1.84,-2.67,2.47,0.63,-0.27,-0.31
2024-03-25 16:59:00.6040,1.7,-2.77,2.12,0.65,-0.15,-0.34
2024-03-25 16:59:00.6140,1.25,-2.72,1.7,0.64,-0.05,-0.32
2024-03-25 16:59:00.6240,0.84,-2.56,1.05,0.55,0.01,-0.27
2024-03-25 16:59:00.6340,0.42,-2.39,0.2,0.38,0.07,-0.17
2024-03-25 16:59:00.6440,-0.03,-2.25,-0.57,0.17,0.13,-0.05
2024-03-25 16:59:00.6540,-0.49,-2.28,-1.1,-0.05,0.14,0.1
2024-03-25 16:59:00.6640,-0.86,-2.51,-1.3,-0.22,0.09,0.19
2024-03-25 16:59:00.6740,-0.8,-2.95,-1.2,-0.3,-0.03,0.17
2024-03-25 16:59:00.6840,-0.39,-3.25,-1.17,-0.34,-0.16,0.03
2024-03-25 16:59:00.6940,0.28,-3.12,-1.58,-0.35,-0.25,-0.13
2024-03-25 16:59:00.7040,0.58,-2.64,-2.19,-0.33,-0.27,-0.25
2024-03-25 16:59:00.7140,0.45,-2.08,-2.8,-0.31,-0.21,-0.32
2024-03-25 16:59:00.7240,0.24,-1.52,-3.5,-0.29,-0.07,-0.35
2024-03-25 16:59:00.7340,-0.03,-1.04,-4.14,-0.28,0.06,-0.32
2024-03-25 16:59:00.7440,-0.35,-0.5,-4.66,-0.29,0.15,-0.3
2024-03-25 16:59:00.7540,-0.37,-0.02,-5.14,-0.32,0.15,-0.29
2024-03-25 16:59:00.7640,-0.33,0.36,-5.48,-0.38,0.08,-0.3
2024-03-25 16:59:00.7740,-0.29,0.67,-5.67,-0.42,0.01,-0.28
2024-03-25 16:59:00.7840,-0.34,0.98,-5.6,-0.45,-0.0,-0.23
2024-03-25 16:59:00.7940,-0.43,1.15,-5.39,-0.47,0.02,-0.13
2024-03-25 16:59:00.8040,-0.6,1.19,-5.06,-0.47,0.07,0.02
2024-03-25 16:59:00.8140,-0.71,1.18,-4.49,-0.48,0.1,0.15
2024-03-25 16:59:00.8240,-0.52,1.06,-3.97,-0.53,0.13,0.25
2024-03-25 16:59:00.8340,-0.18,0.89,-3.63,-0.58,0.16,0.3
2024-03-25 16:59:00.8440,0.19,0.61,-2.91,-0.54,0.2,0.3
2024-03-25 16:59:00.8540,0.57,0.34,-1.79,-0.47,0.22,0.28
2024-03-25 16:59:00.8640,0.64,0.1,-0.98,-0.43,0.17,0.25
2024-03-25 16:59:00.8740,0.54,0.03,-0.53,-0.45,0.05,0.23
2024-03-25 16:59:00.8840,0.45,0.11,-0.19,-0.5,-0.08,0.21
2024-03-25 16:59:00.8940,0.51,0.34,0.24,-0.54,-0.17,0.19
2024-03-25 16:59:00.9040,0.6,0.66,0.8,-0.54,-0.18,0.2
2024-03-25 16:59:00.9140,0.6,1.05,1.39,-0.53,-0.11,0.22
2024-03-25 16:59:00.9240,0.72,1.36,1.76,-0.53,0.05,0.22
2024-03-25 16:59:00.9340,0.92,1.44,2.32,-0.45,0.26,0.18
2024-03-25 16:59:00.9440,1.12,1.43,3.3,-0.32,0.48,0.11
2024-03-25 16:59:00.9540,1.19,1.39,4.21,-0.15,0.62,0.02
2024-03-25 16:59:00.9640,1.07,1.36,5.05,0.01,0.62,-0.09
2024-03-25 16:59:00.9740,0.81,1.27,5.72,0.23,0.5,-0.19
2024-03-25 16:59:00.9840,0.41,1.29,6.49,0.45,0.33,-0.24
2024-03-25 16:59:00.9940,0.03,1.39,6.61,0.68,0.2,-0.28
2024-03-25 16:59:01.0040,-0.08,1.66,6.36,0.82,0.13,-0.3
2024-03-25 16:59:01.0140,0.0,1.9,5.47,0.86,0.12,-0.3
2024-03-25 16:59:01.0240,-0.08,2.0,4.58,0.82,0.15,-0.24
2024-03-25 16:59:01.0340,-0.45,1.93,3.97,0.73,0.24,-0.07
2024-03-25 16:59:01.0440,-1.03,1.47,3.79,0.71,0.33,0.15
2024-03-25 16:59:01.0540,-1.52,0.32,4.38,0.81,0.29,0.31
2024-03-25 16:59:01.0640,-1.25,-1.02,4.99,0.89,0.08,0.33
2024-03-25 16:59:01.0740,-0.65,-2.35,4.49,0.91,-0.18,0.28
2024-03-25 16:59:01.0840,-0.45,-3.24,3.56,0.84,-0.38,0.24
2024-03-25 16:59:01.0940,-0.43,-3.86,2.41,0.68,-0.45,0.2
2024-03-25 16:59:01.1040,-0.5,-4.16,1.36,0.47,-0.39,0.2
2024-03-25 16:59:01.1140,-0.81,-4.37,0.66,0.28,-0.27,0.22
2024-03-25 16:59:01.1240,-1.16,-4.49,0.38,0.1,-0.16,0.25
2024-03-25 16:59:01.1340,-1.51,-4.6,0.08,-0.09,-0.08,0.26
2024-03-25 16:59:01.1440,-1.79,-4.72,-0.24,-0.24,-0.06,0.24
2024-03-25 16:59:01.1540,-1.99,-4.64,-0.35,-0.33,-0.08,0.17
2024-03-25 16:59:01.1640,-2.04,-4.21,-0.49,-0.38,-0.11,0.11
2024-03-25 16:59:01.1740,-2.13,-3.25,-1.0,-0.42,-0.11,0.09
2024-03-25 16:59:01.1840,-2.39,-2.11,-1.66,-0.48,-0.04,0.17
2024-03-25 16:59:01.1940,-2.83,-1.27,-2.54,-0.55,0.03,0.24
2024-03-25 16:59:01.2040,-2.63,-0.58,-3.22,-0.62,0.05,0.31
2024-03-25 16:59:01.2140,-2.39,-0.03,-3.65,-0.66,0.1,0.35
2024-03-25 16:59:01.2240,-2.17,0.28,-3.88,-0.65,0.14,0.38
2024-03-25 16:59:01.2340,-1.95,0.4,-3.92,-0.58,0.18,0.42
2024-03-25 16:59:01.2440,-1.9,0.47,-3.79,-0.44,0.18,0.47
2024-03-25 16:59:01.2540,-1.74,0.49,-3.51,-0.28,0.14,0.5
2024-03-25 16:59:01.2640,-1.44,0.36,-3.48,-0.11,0.09,0.54
2024-03-25 16:59:01.2740,-1.21,0.33,-3.54,-0.01,0.04,0.58
2024-03-25 16:59:01.2840,-0.95,0.48,-4.07,-0.02,-0.02,0.59
2024-03-25 16:59:01.2940,-0.61,0.51,-4.8,-0.06,-0.06,0.59
2024-03-25 16:59:01.3040,-0.26,0.59,-4.99,-0.1,-0.04,0.59
2024-03-25 16:59:01.3140,-0.05,0.72,-4.88,-0.12,0.02,0.61
2024-03-25 16:59:01.3240,0.12,0.83,-4.71,-0.15,0.1,0.63
2024-03-25 16:59:01.3340,0.21,0.9,-4.69,-0.21,0.18,0.67
2024-03-25 16:59:01.3440,0.24,0.94,-4.45,-0.24,0.27,0.72
2024-03-25 16:59:01.3540,0.31,0.84,-3.58,-0.21,0.37,0.76
2024-03-25 16:59:01.3640,0.47,0.59,-2.43,-0.17,0.44,0.76
2024-03-25 16:59:01.3740,0.77,0.34,-1.54,-0.14,0.47,0.72
2024-03-25 16:59:01.3840,0.98,0.06,-0.68,-0.13,0.42,0.64
2024-03-25 16:59:01.3940,1.24,-0.12,0.2,-0.11,0.3,0.51
2024-03-25 16:59:01.4040,1.49,-0.24,0.99,-0.08,0.12,0.35
2024-03-25 16:59:01.4140,1.58,-0.15,1.58,-0.06,-0.05,0.2
2024-03-25 16:59:01.4240,1.48,0.07,1.81,-0.07,-0.15,0.09
2024-03-25 16:59:01.4340,1.22,0.38,1.91,-0.09,-0.15,0.05
2024-03-25 16:59:01.4440,0.84,0.68,2.16,-0.1,-0.1,0.05
2024-03-25 16:59:01.4540,0.61,0.92,2.57,-0.11,-0.05,0.03
2024-03-25 16:59:01.4640,0.59,1.0,3.02,-0.07,-0.0,-0.02
2024-03-25 16:59:01.4740,0.66,0.99,3.65,0.01,0.02,-0.12
2024-03-25 16:59:01.4840,0.73,0.88,4.18,0.13,-0.02,-0.28
2024-03-25 16:59:01.4930,0.73,0.82,4.63,0.31,-0.09,-0.47
2024-03-25 16:59:01.5030,0.65,0.99,4.95,0.46,-0.2,-0.67
2024-03-25 16:59:01.5140,0.58,1.52,4.5,0.53,-0.28,-0.8
2024-03-25 16:59:01.5240,0.23,2.34,3.75,0.52,-0.23,-0.82
2024-03-25 16:59:01.5340,-0.25,3.02,3.19,0.49,-0.07,-0.68
2024-03-25 16:59:01.5440,-0.88,3.25,3.08,0.46,0.12,-0.42
2024-03-25 16:59:01.5540,-1.4,2.74,3.45,0.53,0.21,-0.16
2024-03-25 16:59:01.5640,-1.26,1.52,4.12,0.65,0.15,-0.06
2024-03-25 16:59:01.5740,-0.43,0.16,4.12,0.7,-0.03,-0.11
2024-03-25 16:59:01.5840,0.42,-0.91,3.28,0.69,-0.21,-0.22
2024-03-25 16:59:01.5940,0.88,-1.49,2.41,0.64,-0.26,-0.31
2024-03-25 16:59:01.6040,0.96,-1.83,1.73,0.61,-0.22,-0.34
2024-03-25 16:59:01.6140,0.87,-1.92,1.46,0.6,-0.15,-0.35
2024-03-25 16:59:01.6240,0.77,-1.92,1.13,0.54,-0.06,-0.32
2024-03-25 16:59:01.6340,0.55,-1.85,0.48,0.43,0.03,-0.25
2024-03-25 16:59:01.6440,0.2,-1.74,-0.12,0.26,0.14,-0.13
2024-03-25 16:59:01.6540,-0.08,-1.68,-0.67,0.03,0.26,0.0
2024-03-25 16:59:01.6640,-0.28,-1.85,-1.06,-0.19,0.3,0.13
2024-03-25 16:59:01.6740,-0.41,-2.16,-1.07,-0.35,0.25,0.22
2024-03-25 16:59:01.6840,-0.35,-2.59,-0.82,-0.44,0.11,0.22
2024-03-25 16:59:01.6940,0.04,-2.93,-0.77,-0.48,-0.07,0.11
2024-03-25 16:59:01.7040,0.75,-3.15,-1.07,-0.46,-0.24,-0.1
2024-03-25 16:59:01.7140,1.48,-3.0,-1.43,-0.4,-0.32,-0.31
2024-03-25 16:59:01.7240,1.64,-2.58,-2.0,-0.32,-0.29,-0.45
2024-03-25 16:59:01.7340,1.36,-2.05,-2.59,-0.25,-0.19,-0.52
2024-03-25 16:59:01.7440,1.03,-1.55,-3.31,-0.2,-0.09,-0.55
2024-03-25 16:59:01.7540,0.71,-1.09,-4.01,-0.17,-0.0,-0.54
2024-03-25 16:59:01.7640,0.43,-0.64,-4.49,-0.15,0.06,-0.5
2024-03-25 16:59:01.7730,0.22,-0.29,-4.83,-0.14,0.06,-0.48
2024-03-25 16:59:01.7830,0.09,0.0,-5.07,-0.16,0.02,-0.43
2024-03-25 16:59:01.7940,-0.17,0.19,-5.24,-0.17,-0.06,-0.37
2024-03-25 16:59:01.8030,-0.43,0.42,-5.11,-0.2,-0.15,-0.28
2024-03-25 16:59:01.8140,-0.51,0.59,-5.22,-0.29,-0.21,-0.19
2024-03-25 16:59:01.8230,-0.48,0.74,-5.4,-0.43,-0.2,-0.07
2024-03-25 16:59:01.8340,-0.56,0.85,-5.37,-0.59,-0.17,0.09
2024-03-25 16:59:01.8430,-0.67,0.96,-4.92,-0.72,-0.11,0.24
2024-03-25 16:59:01.8540,-0.6,0.91,-3.93,-0.78,-0.03,0.37
2024-03-25 16:59:01.8640,-0.42,0.77,-2.69,-0.76,0.03,0.44
2024-03-25 16:59:01.8730,-0.1,0.53,-1.5,-0.69,0.06,0.45
2024-03-25 16:59:01.8830,0.22,0.34,-0.45,-0.61,0.0,0.39
2024-03-25 16:59:01.8940,0.67,0.34,0.35,-0.58,-0.13,0.28
2024-03-25 16:59:01.9030,1.01,0.64,0.68,-0.63,-0.29,0.19
2024-03-25 16:59:01.9140,1.07,1.12,0.93,-0.71,-0.39,0.15
2024-03-25 16:59:01.9230,0.76,1.56,1.45,-0.75,-0.31,0.22
2024-03-25 16:59:01.9330,0.38,1.83,2.56,-0.69,-0.06,0.32
2024-03-25 16:59:01.9430,0.25,1.86,3.94,-0.56,0.26,0.39
2024-03-25 16:59:01.9530,0.51,1.56,5.32,-0.31,0.51,0.34
2024-03-25 16:59:01.9630,0.96,1.08,6.72,-0.01,0.59,0.17
2024-03-25 16:59:01.9740,1.24,0.57,7.65,0.29,0.42,-0.1
2024-03-25 16:59:01.9830,1.27,0.43,8.04,0.58,0.12,-0.35
2024-03-25 16:59:01.9940,0.79,0.5,7.99,0.85,-0.12,-0.51
2024-03-25 16:59:02.0030,0.32,0.88,7.3,1.04,-0.3,-0.61
2024-03-25 16:59:02.0130,0.14,1.29,6.02,1.14,-0.39,-0.68
2024-03-25 16:59:02.0230,-0.1,1.68,4.67,1.13,-0.32,-0.64
2024-03-25 16:59:02.0340,-0.69,1.99,3.36,1.01,-0.07,-0.43
2024-03-25 16:59:02.0430,-1.62,1.86,2.61,0.91,0.29,-0.08
2024-03-25 16:59:02.0540,-2.42,1.09,2.85,0.91,0.47,0.24
2024-03-25 16:59:02.0630,-2.37,0.06,3.56,0.93,0.41,0.41
2024-03-25 16:59:02.0730,-1.68,-1.37,3.68,0.9,0.15,0.42
2024-03-25 16:59:02.0830,-1.06,-2.76,3.3,0.87,-0.17,0.35
2024-03-25 16:59:02.0930,-0.7,-3.53,2.76,0.78,-0.41,0.27
2024-03-25 16:59:02.1030,-0.57,-3.91,1.81,0.65,-0.52,0.26
2024-03-25 16:59:02.1130,-0.7,-3.95,0.93,0.46,-0.51,0.29
2024-03-25 16:59:02.1230,-0.89,-3.88,0.12,0.23,-0.4,0.34
2024-03-25 16:59:02.1330,-1.0,-3.85,-0.56,-0.01,-0.23,0.39
2024-03-25 16:59:02.1430,-1.06,-3.89,-0.87,-0.21,-0.08,0.4
2024-03-25 16:59:02.1530,-1.03,-3.85,-0.93,-0.36,0.02,0.32
2024-03-25 16:59:02.1630,-0.75,-3.61,-0.83,-0.43,0.04,0.18
2024-03-25 16:59:02.1730,-0.6,-2.96,-0.77,-0.46,0.03,0.09
2024-03-25 16:59:02.1830,-0.76,-2.1,-0.97,-0.47,0.01,0.05
2024-03-25 16:59:02.1930,-0.83,-1.4,-1.36,-0.46,0.02,0.03
2024-03-25 16:59:02.2030,-0.73,-0.96,-1.74,-0.38,0.07,0.01
2024-03-25 16:59:02.2130,-0.64,-0.57,-2.01,-0.33,0.12,0.01
2024-03-25 16:59:02.2230,-0.66,-0.24,-2.56,-0.28,0.13,0.06
2024-03-25 16:59:02.2330,-0.86,0.02,-3.12,-0.24,0.1,0.12
2024-03-25 16:59:02.2430,-0.98,0.15,-3.48,-0.18,0.04,0.18
2024-03-25 16:59:02.2530,-0.96,0.17,-3.82,-0.13,-0.05,0.24
2024-03-25 16:59:02.2630,-0.98,0.11,-4.12,-0.06,-0.18,0.28
2024-03-25 16:59:02.2730,-0.91,0.15,-4.25,-0.03,-0.28,0.29
2024-03-25 16:59:02.2830,-0.58,0.12,-4.9,-0.06,-0.32,0.27
2024-03-25 16:59:02.2930,-0.29,0.11,-5.59,-0.11,-0.27,0.28
2024-03-25 16:59:02.3030,-0.32,0.07,-5.86,-0.16,-0.18,0.32
2024-03-25 16:59:02.3130,-0.31,0.08,-5.72,-0.17,-0.0,0.33
2024-03-25 16:59:02.3230,-0.04,0.06,-5.59,-0.22,0.14,0.31
2024-03-25 16:59:02.3330,0.14,0.08,-5.5,-0.29,0.25,0.29
2024-03-25 16:59:02.3440,0.1,0.19,-5.01,-0.31,0.32,0.27
2024-03-25 16:59:02.3530,-0.04,0.31,-3.84,-0.3,0.39,0.28
2024-03-25 16:59:02.3630,-0.24,0.43,-2.74,-0.27,0.44,0.29
2024-03-25 16:59:02.3730,-0.29,0.45,-1.57,-0.2,0.42,0.27
2024-03-25 16:59:02.3830,-0.11,0.44,-0.41,-0.13,0.32,0.21
2024-03-25 16:59:02.3930,0.12,0.43,0.3,-0.11,0.17,0.1
2024-03-25 16:59:02.4030,0.27,0.52,0.72,-0.1,0.0,-0.01
2024-03-25 16:59:02.4130,0.26,0.71,1.13,-0.09,-0.12,-0.07
2024-03-25 16:59:02.4230,0.09,0.99,1.67,-0.05,-0.17,-0.1
2024-03-25 16:59:02.4330,-0.21,1.21,2.07,-0.03,-0.13,-0.07
2024-03-25 16:59:02.4430,-0.5,1.44,2.28,-0.04,-0.05,-0.01
2024-03-25 16:59:02.4530,-0.68,1.62,2.5,-0.06,0.07,0.06
2024-03-25 16:59:02.4630,-0.79,1.59,2.97,-0.06,0.11,0.09
2024-03-25 16:59:02.4730,-0.8,1.41,3.78,-0.01,0.02,0.08
2024-03-25 16:59:02.4830,-0.67,1.17,4.53,0.08,-0.19,0.01
2024-03-25 16:59:02.4930,-0.23,1.1,4.91,0.13,-0.44,-0.1
2024-03-25 16:59:02.5030,0.52,1.19,4.72,0.18,-0.62,-0.31
2024-03-25 16:59:02.5130,1.43,1.64,4.27,0.18,-0.53,-0.43
2024-03-25 16:59:02.5230,1.37,2.04,3.86,0.14,-0.18,-0.36
2024-03-25 16:59:02.5330,0.59,1.98,3.9,0.16,0.23,-0.14
2024-03-25 16:59:02.5430,-0.17,1.13,4.93,0.34,0.43,0.02
2024-03-25 16:59:02.5530,-0.03,-0.04,6.07,0.53,0.4,0.02
2024-03-25 16:59:02.5630,0.66,-1.29,5.84,0.69,0.14,-0.15
2024-03-25 16:59:02.5730,1.24,-2.01,5.01,0.74,-0.2,-0.36
2024-03-25 16:59:02.5830,1.21,-2.3,3.68,0.68,-0.41,-0.47
2024-03-25 16:59:02.5930,0.61,-2.32,2.48,0.68,-0.43,-0.45
2024-03-25 16:59:02.6030,0.05,-2.17,2.05,0.75,-0.33,-0.39
2024-03-25 16:59:02.6130,-0.12,-2.11,1.53,0.75,-0.2,-0.33
2024-03-25 16:59:02.6230,-0.16,-2.04,0.33,0.61,-0.05,-0.25
2024-03-25 16:59:02.6330,-0.31,-1.9,-0.97,0.37,0.09,-0.13
2024-03-25 16:59:02.6430,-0.51,-1.82,-1.79,0.08,0.22,0.01
2024-03-25 16:59:02.6530,-0.68,-1.96,-2.17,-0.19,0.29,0.14
2024-03-25 16:59:02.6630,-0.66,-2.25,-1.98,-0.4,0.28,0.2
2024-03-25 16:59:02.6730,-0.32,-2.67,-1.64,-0.52,0.21,0.14
2024-03-25 16:59:02.6830,0.39,-2.87,-1.39,-0.55,0.12,-0.0
2024-03-25 16:59:02.6930,0.98,-2.77,-1.11,-0.47,0.06,-0.17
2024-03-25 16:59:02.7030,1.31,-2.41,-0.89,-0.33,0.06,-0.32
2024-03-25 16:59:02.7130,1.33,-2.04,-1.14,-0.19,0.09,-0.43
2024-03-25 16:59:02.7230,1.18,-1.53,-1.8,-0.11,0.11,-0.51
2024-03-25 16:59:02.7330,1.03,-1.02,-2.77,-0.09,0.11,-0.56
2024-03-25 16:59:02.7430,0.82,-0.5,-3.62,-0.1,0.08,-0.57
2024-03-25 16:59:02.7530,0.7,0.11,-4.18,-0.13,0.04,-0.53
2024-03-25 16:59:02.7630,0.62,0.67,-4.59,-0.16,0.01,-0.45
2024-03-25 16:59:02.7730,0.53,1.17,-4.68,-0.16,-0.01,-0.34
2024-03-25 16:59:02.7830,0.38,1.41,-4.56,-0.19,-0.05,-0.22
2024-03-25 16:59:02.7930,0.19,1.42,-4.56,-0.26,-0.1,-0.07
2024-03-25 16:59:02.8030,-0.02,1.21,-4.52,-0.35,-0.15,0.06
2024-03-25 16:59:02.8130,-0.08,0.81,-4.16,-0.43,-0.18,0.15
2024-03-25 16:59:02.8230,0.14,0.37,-3.51,-0.45,-0.19,0.2
2024-03-25 16:59:02.8330,0.29,-0.03,-2.59,-0.43,-0.19,0.25
2024-03-25 16:59:02.8430,0.3,-0.36,-1.75,-0.39,-0.17,0.28
2024-03-25 16:59:02.8530,0.31,-0.71,-1.16,-0.34,-0.14,0.29
2024-03-25 16:59:02.8630,0.21,-0.91,-0.73,-0.3,-0.15,0.3
2024-03-25 16:59:02.8730,0.07,-0.97,-0.44,-0.3,-0.22,0.26
2024-03-25 16:59:02.8830,0.19,-0.98,-0.35,-0.29,-0.32,0.14
2024-03-25 16:59:02.8930,0.61,-0.9,-0.27,-0.31,-0.39,-0.06
2024-03-25 16:59:02.9030,1.1,-0.6,-0.36,-0.38,-0.39,-0.27
2024-03-25 16:59:02.9130,1.18,-0.07,-0.46,-0.47,-0.29,-0.4
2024-03-25 16:59:02.9230,0.69,0.58,-0.07,-0.5,-0.09,-0.41
2024-03-25 16:59:02.9330,-0.1,1.14,1.05,-0.44,0.19,-0.32
2024-03-25 16:59:02.9430,-0.72,1.67,2.42,-0.33,0.43,-0.21
2024-03-25 16:59:02.9530,-0.95,2.0,3.53,-0.18,0.56,-0.15
2024-03-25 16:59:02.9630,-0.87,2.34,4.43,-0.03,0.58,-0.15
2024-03-25 16:59:02.9730,-0.81,2.45,4.97,0.12,0.52,-0.18
2024-03-25 16:59:02.9830,-0.74,2.48,5.38,0.26,0.46,-0.2
2024-03-25 16:59:02.9930,-0.82,2.5,5.53,0.42,0.45,-0.18
2024-03-25 16:59:03.0030,-1.02,2.56,5.53,0.57,0.42,-0.13
2024-03-25 16:59:03.0130,-1.32,2.62,5.36,0.74,0.38,-0.08
2024-03-25 16:59:03.0230,-1.3,2.53,4.96,0.83,0.32,0.0
2024-03-25 16:59:03.0330,-1.46,2.57,4.02,0.85,0.26,0.06
2024-03-25 16:59:03.0430,-1.21,2.31,3.15,0.83,0.25,0.14
2024-03-25 16:59:03.0530,-0.98,1.9,2.69,0.8,0.24,0.25
2024-03-25 16:59:03.0630,-1.06,1.29,2.43,0.74,0.22,0.41
2024-03-25 16:59:03.0730,-1.14,0.34,2.32,0.73,0.14,0.55
2024-03-25 16:59:03.0830,-0.73,-0.83,2.44,0.74,0.01,0.59
2024-03-25 16:59:03.0930,-0.02,-2.12,2.12,0.72,-0.18,0.57
2024-03-25 16:59:03.1030,0.42,-3.12,1.41,0.66,-0.37,0.52
2024-03-25 16:59:03.1130,0.64,-3.67,0.77,0.49,-0.55,0.46
2024-03-25 16:59:03.1230,0.72,-4.0,-0.1,0.26,-0.69,0.41
2024-03-25 16:59:03.1330,0.59,-4.11,-0.66,-0.01,-0.75,0.37
2024-03-25 16:59:03.1430,0.49,-4.21,-1.09,-0.26,-0.68,0.33
2024-03-25 16:59:03.1530,0.41,-4.27,-1.32,-0.47,-0.48,0.29
2024-03-25 16:59:03.1630,0.43,-4.24,-1.38,-0.6,-0.2,0.22
2024-03-25 16:59:03.1730,0.6,-3.86,-1.05,-0.62,0.02,0.1
2024-03-25 16:59:03.1830,0.65,-3.06,-0.65,-0.65,0.14,-0.02
2024-03-25 16:59:03.1930,0.53,-2.24,-1.03,-0.75,0.16,-0.12
2024-03-25 16:59:03.2030,0.29,-1.62,-1.67,-0.8,0.12,-0.16
2024-03-25 16:59:03.2130,-0.05,-0.9,-1.82,-0.84,0.08,-0.15
2024-03-25 16:59:03.2230,-0.37,-0.31,-2.03,-0.85,0.06,-0.1
2024-03-25 16:59:03.2330,-0.48,0.14,-2.29,-0.87,0.07,-0.03
2024-03-25 16:59:03.2430,-0.48,0.42,-2.58,-0.88,0.1,0.04
2024-03-25 16:59:03.2530,-0.47,0.59,-2.67,-0.85,0.14,0.12
2024-03-25 16:59:03.2630,-0.43,0.59,-2.6,-0.77,0.17,0.19
2024-03-25 16:59:03.2730,-0.41,0.45,-2.21,-0.6,0.17,0.24
2024-03-25 16:59:03.2830,-0.3,0.28,-1.75,-0.4,0.11,0.23
2024-03-25 16:59:03.2930,0.0,0.06,-1.56,-0.23,0.03,0.16
2024-03-25 16:59:03.3030,0.37,-0.11,-1.71,-0.1,-0.03,0.06
2024-03-25 16:59:03.3130,0.59,-0.19,-2.15,-0.02,-0.06,-0.02
2024-03-25 16:59:03.3230,0.56,-0.08,-2.5,0.03,-0.07,-0.03
2024-03-25 16:59:03.3330,0.25,0.14,-2.71,0.07,-0.06,-0.0
2024-03-25 16:59:03.3430,0.07,0.38,-2.86,0.08,-0.06,0.05
2024-03-25 16:59:03.3530,0.0,0.63,-3.03,0.04,-0.08,0.08
2024-03-25 16:59:03.3630,0.09,0.8,-3.22,-0.01,-0.09,0.09
2024-03-25 16:59:03.3730,0.24,0.92,-3.25,-0.04,-0.06,0.08
2024-03-25 16:59:03.3830,0.34,0.87,-2.86,0.0,-0.01,0.07
2024-03-25 16:59:03.3930,0.42,0.7,-2.14,0.12,0.07,0.03
2024-03-25 16:59:03.4030,0.6,0.47,-1.28,0.23,0.09,-0.04
2024-03-25 16:59:03.4130,0.78,0.39,-0.92,0.21,0.07,-0.13
2024-03-25 16:59:03.4230,0.84,0.42,-1.06,0.11,0.02,-0.21
2024-03-25 16:59:03.4330,0.76,0.52,-0.96,-0.04,0.03,-0.25
2024-03-25 16:59:03.4430,0.59,0.61,-0.48,-0.15,0.07,-0.25
2024-03-25 16:59:03.4530,0.27,0.68,0.45,-0.19,0.11,-0.23
2024-03-25 16:59:03.4630,0.03,0.72,1.53,-0.19,0.13,-0.23
2024-03-25 16:59:03.4730,0.06,0.74,2.3,-0.2,0.09,-0.29
2024-03-25 16:59:03.4830,0.21,0.74,2.57,-0.24,0.03,-0.37
2024-03-25 16:59:03.4930,0.3,0.75,2.73,-0.26,-0.03,-0.5
2024-03-25 16:59:03.5030,0.53,0.83,2.86,-0.26,-0.04,-0.67
2024-03-25 16:59:03.5130,0.7,0.99,2.92,-0.23,-0.02,-0.83
2024-03-25 16:59:03.5230,0.59,1.18,2.97,-0.13,-0.0,-0.98
2024-03-25 16:59:03.5330,0.55,1.64,3.07,-0.08,0.0,-1.11
2024-03-25 16:59:03.5430,0.48,2.22,2.72,-0.12,0.09,-1.1
2024-03-25 16:59:03.5530,-0.16,2.54,2.5,-0.22,0.3,-0.85
2024-03-25 16:59:03.5630,-1.29,2.24,3.07,-0.2,0.58,-0.44
2024-03-25 16:59:03.5730,-1.98,1.31,4.66,-0.01,0.78,-0.1
2024-03-25 16:59:03.5830,-1.44,-0.06,6.22,0.26,0.68,-0.02
2024-03-25 16:59:03.5930,-0.15,-1.43,6.58,0.47,0.32,-0.18
2024-03-25 16:59:03.6030,0.97,-2.38,5.76,0.53,-0.07,-0.44
2024-03-25 16:59:03.6130,1.62,-2.81,4.51,0.54,-0.3,-0.65
2024-03-25 16:59:03.6230,1.46,-2.9,3.6,0.61,-0.3,-0.7
2024-03-25 16:59:03.6330,0.72,-2.69,3.19,0.71,-0.21,-0.63
2024-03-25 16:59:03.6420,0.15,-2.48,2.56,0.76,-0.12,-0.54
2024-03-25 16:59:03.6530,-0.06,-2.42,1.47,0.73,-0.05,-0.47
2024-03-25 16:59:03.6630,-0.13,-2.26,0.36,0.62,-0.02,-0.4
2024-03-25 16:59:03.6730,-0.29,-2.11,-0.68,0.43,0.0,-0.3
2024-03-25 16:59:03.6830,-0.64,-2.02,-1.5,0.2,-0.02,-0.17
2024-03-25 16:59:03.6930,-0.94,-2.04,-2.0,0.0,-0.08,-0.05
2024-03-25 16:59:03.7030,-0.95,-2.17,-2.15,-0.14,-0.19,0.0
2024-03-25 16:59:03.7130,-0.55,-2.29,-2.26,-0.22,-0.3,-0.03
2024-03-25 16:59:03.7230,0.08,-2.21,-2.44,-0.26,-0.38,-0.11
2024-03-25 16:59:03.7330,0.51,-1.88,-2.66,-0.27,-0.41,-0.18
2024-03-25 16:59:03.7430,0.69,-1.52,-3.01,-0.27,-0.38,-0.25
2024-03-25 16:59:03.7520,0.75,-1.16,-3.41,-0.28,-0.32,-0.3
2024-03-25 16:59:03.7630,0.69,-0.79,-3.87,-0.31,-0.25,-0.33
2024-03-25 16:59:03.7730,0.59,-0.37,-4.25,-0.34,-0.18,-0.34
2024-03-25 16:59:03.7830,0.52,0.05,-4.45,-0.37,-0.13,-0.33
2024-03-25 16:59:03.7930,0.4,0.28,-4.61,-0.4,-0.1,-0.33
2024-03-25 16:59:03.8030,0.4,0.49,-4.59,-0.41,-0.1,-0.34
2024-03-25 16:59:03.8120,0.48,0.69,-4.42,-0.42,-0.15,-0.35
2024-03-25 16:59:03.8230,0.52,0.83,-4.28,-0.43,-0.2,-0.34
2024-03-25 16:59:03.8330,0.47,0.99,-4.05,-0.45,-0.2,-0.27
2024-03-25 16:59:03.8420,0.25,1.03,-3.74,-0.44,-0.09,-0.17
2024-03-25 16:59:03.8530,0.3,1.04,-3.18,-0.42,0.06,-0.05
2024-03-25 16:59:03.8630,0.25,0.77,-2.63,-0.4,0.17,0.1
2024-03-25 16:59:03.8720,0.01,0.68,-1.84,-0.41,0.18,0.21
2024-03-25 16:59:03.8820,0.06,0.43,-1.33,-0.46,0.08,0.25
2024-03-25 16:59:03.8930,0.28,0.17,-0.97,-0.5,-0.07,0.23
2024-03-25 16:59:03.9020,0.41,-0.04,-0.32,-0.5,-0.18,0.17
2024-03-25 16:59:03.9130,0.64,-0.12,0.34,-0.48,-0.2,0.11
2024-03-25 16:59:03.9220,0.61,-0.17,0.88,-0.45,-0.13,0.09
2024-03-25 16:59:03.9330,0.5,0.04,1.46,-0.43,0.02,0.1
2024-03-25 16:59:03.9430,0.34,0.23,1.95,-0.43,0.23,0.15
2024-03-25 16:59:03.9520,0.07,0.36,2.65,-0.4,0.37,0.18
2024-03-25 16:59:03.9620,-0.04,0.39,3.56,-0.34,0.43,0.16
2024-03-25 16:59:03.9720,0.03,0.37,4.31,-0.26,0.39,0.07
2024-03-25 16:59:03.9820,0.09,0.29,4.9,-0.14,0.31,-0.05
2024-03-25 16:59:03.9920,0.07,0.34,5.39,0.03,0.27,-0.15
2024-03-25 16:59:04.0020,-0.22,0.5,5.74,0.24,0.24,-0.21
2024-03-25 16:59:04.0120,-0.68,0.73,5.79,0.48,0.26,-0.22
2024-03-25 16:59:04.0220,-0.95,0.99,5.52,0.67,0.33,-0.2
2024-03-25 16:59:04.0320,-0.91,1.2,4.86,0.77,0.29,-0.23
2024-03-25 16:59:04.0420,-0.5,1.61,3.91,0.74,0.17,-0.26
2024-03-25 16:59:04.0520,-0.58,1.89,2.79,0.61,0.15,-0.14
2024-03-25 16:59:04.0620,-1.32,1.6,2.17,0.5,0.21,0.14
2024-03-25 16:59:04.0720,-1.76,0.74,2.51,0.59,0.19,0.39
2024-03-25 16:59:04.0820,-1.06,-0.65,3.48,0.83,-0.04,0.42
2024-03-25 16:59:04.0930,0.29,-2.06,3.64,1.0,-0.4,0.28
2024-03-25 16:59:04.1020,1.38,-2.86,2.48,1.0,-0.71,0.07
2024-03-25 16:59:04.1120,2.04,-3.37,0.76,0.88,-0.81,-0.11
2024-03-25 16:59:04.1220,2.38,-3.49,-0.57,0.72,-0.68,-0.19
2024-03-25 16:59:04.1320,2.0,-3.61,-1.28,0.62,-0.47,-0.18
2024-03-25 16:59:04.1420,1.31,-3.69,-1.52,0.6,-0.26,-0.13
2024-03-25 16:59:04.1520,0.53,-3.56,-1.68,0.5,-0.15,-0.08
2024-03-25 16:59:04.1620,-0.08,-3.23,-2.6,0.28,-0.22,-0.07
2024-03-25 16:59:04.1720,-0.66,-2.6,-3.8,-0.12,-0.35,-0.05
2024-03-25 16:59:04.1820,-1.12,-2.0,-4.63,-0.49,-0.48,-0.03
2024-03-25 16:59:04.1920,-1.42,-1.33,-4.41,-0.77,-0.53,0.08
2024-03-25 16:59:04.2020,-2.08,-0.84,-3.68,-0.96,-0.52,0.26
2024-03-25 16:59:04.2120,-2.61,-0.46,-2.88,-1.06,-0.48,0.42
2024-03-25 16:59:04.2220,-2.39,-0.28,-2.24,-1.1,-0.39,0.5
2024-03-25 16:59:04.2320,-1.75,-0.24,-1.82,-1.05,-0.27,0.49
2024-03-25 16:59:04.2420,-1.23,-0.14,-1.37,-0.92,-0.14,0.46
2024-03-25 16:59:04.2520,-0.98,0.05,-0.86,-0.73,-0.03,0.43
2024-03-25 16:59:04.2620,-0.76,0.24,-0.5,-0.47,0.14,0.39
2024-03-25 16:59:04.2720,-0.49,0.38,-0.39,-0.25,0.28,0.34
2024-03-25 16:59:04.2820,-0.3,0.51,-0.76,-0.14,0.31,0.31
2024-03-25 16:59:04.2920,-0.35,0.7,-1.44,-0.11,0.27,0.31
2024-03-25 16:59:04.3020,-0.49,0.91,-1.96,-0.12,0.2,0.34
2024-03-25 16:59:04.3120,-0.59,1.03,-2.24,-0.13,0.15,0.39
2024-03-25 16:59:04.3220,-0.57,1.05,-2.28,-0.1,0.13,0.43
2024-03-25 16:59:04.3320,-0.34,1.0,-2.13,-0.07,0.16,0.44
2024-03-25 16:59:04.3420,-0.02,0.85,-2.14,-0.04,0.18,0.41
2024-03-25 16:59:04.3520,0.35,0.69,-2.05,-0.02,0.23,0.34
2024-03-25 16:59:04.3620,0.7,0.48,-1.76,0.02,0.27,0.25
2024-03-25 16:59:04.3720,0.88,0.34,-1.22,0.04,0.28,0.15
2024-03-25 16:59:04.3820,0.88,0.36,-0.8,0.02,0.25,0.07
2024-03-25 16:59:04.3920,0.73,0.52,-0.3,0.03,0.19,0.0
2024-03-25 16:59:04.4020,0.54,0.81,0.39,0.05,0.18,-0.03
2024-03-25 16:59:04.4120,0.35,1.06,0.89,0.05,0.22,-0.05
2024-03-25 16:59:04.4220,0.36,1.21,1.37,0.05,0.3,-0.07
2024-03-25 16:59:04.4320,0.36,1.34,1.94,0.08,0.38,-0.07
2024-03-25 16:59:04.4420,0.21,1.37,2.79,0.12,0.43,-0.05
2024-03-25 16:59:04.4520,0.17,1.25,3.44,0.12,0.42,-0.04
2024-03-25 16:59:04.4620,0.16,1.01,3.77,0.1,0.34,-0.06
2024-03-25 16:59:04.4720,0.25,0.8,4.27,0.12,0.16,-0.11
2024-03-25 16:59:04.4820,0.25,0.55,4.92,0.21,-0.04,-0.19
2024-03-25 16:59:04.4920,0.38,0.35,5.44,0.35,-0.28,-0.32
2024-03-25 16:59:04.5020,0.57,0.45,5.48,0.5,-0.44,-0.42
2024-03-25 16:59:04.5120,0.66,0.77,4.91,0.64,-0.38,-0.51
2024-03-25 16:59:04.5220,0.93,0.99,3.88,0.69,-0.25,-0.51
2024-03-25 16:59:04.5320,0.81,1.05,2.71,0.72,-0.15,-0.44
2024-03-25 16:59:04.5420,0.67,0.7,2.05,0.76,-0.14,-0.36
2024-03-25 16:59:04.5520,0.95,-0.01,1.56,0.77,-0.22,-0.38
2024-03-25 16:59:04.5620,1.61,-0.86,0.65,0.72,-0.31,-0.44
2024-03-25 16:59:04.5720,2.09,-1.48,-0.37,0.6,-0.33,-0.49
2024-03-25 16:59:04.5820,2.28,-1.94,-1.08,0.44,-0.29,-0.55
2024-03-25 16:59:04.5920,2.47,-2.21,-1.5,0.25,-0.23,-0.57
2024-03-25 16:59:04.6020,2.35,-2.41,-1.64,0.12,-0.21,-0.54
2024-03-25 16:59:04.6120,1.96,-2.44,-1.25,0.02,-0.23,-0.47
2024-03-25 16:59:04.6220,1.76,-2.48,-1.22,-0.1,-0.28,-0.43
2024-03-25 16:59:04.6320,1.66,-2.6,-1.64,-0.26,-0.29,-0.38
2024-03-25 16:59:04.6420,1.44,-2.69,-2.11,-0.41,-0.28,-0.33
2024-03-25 16:59:04.6520,1.12,-2.77,-2.32,-0.52,-0.29,-0.29
2024-03-25 16:59:04.6620,0.71,-2.78,-2.28,-0.57,-0.33,-0.28
2024-03-25 16:59:04.6720,0.63,-2.63,-2.29,-0.59,-0.37,-0.34
2024-03-25 16:59:04.6820,0.65,-2.18,-2.54,-0.6,-0.39,-0.39
2024-03-25 16:59:04.6920,0.43,-1.43,-2.8,-0.61,-0.39,-0.41
2024-03-25 16:59:04.7020,0.07,-0.66,-3.08,-0.62,-0.37,-0.41
2024-03-25 16:59:04.7120,-0.32,-0.04,-3.23,-0.61,-0.34,-0.4
2024-03-25 16:59:04.7220,-0.63,0.38,-3.13,-0.55,-0.25,-0.37
2024-03-25 16:59:04.7320,-0.91,0.72,-2.78,-0.45,-0.13,-0.33
2024-03-25 16:59:04.7420,-1.15,1.0,-2.44,-0.33,-0.02,-0.29
2024-03-25 16:59:04.7520,-1.24,1.11,-2.11,-0.22,0.01,-0.28
2024-03-25 16:59:04.7620,-1.22,1.21,-1.98,-0.17,0.01,-0.26
2024-03-25 16:59:04.7720,-1.26,1.35,-2.08,-0.17,0.0,-0.19
2024-03-25 16:59:04.7820,-1.18,1.55,-2.0,-0.17,0.05,-0.08
2024-03-25 16:59:04.7920,-1.08,1.61,-1.6,-0.14,0.12,0.07
2024-03-25 16:59:04.8020,-1.07,1.57,-1.05,-0.1,0.16,0.2
2024-03-25 16:59:04.8120,-0.86,1.43,-0.55,-0.08,0.13,0.28
2024-03-25 16:59:04.8220,-0.42,1.08,-0.18,-0.07,0.04,0.29
2024-03-25 16:59:04.8320,0.2,0.75,0.24,-0.02,-0.08,0.22
2024-03-25 16:59:04.8420,0.89,0.48,0.81,0.02,-0.18,0.11
2024-03-25 16:59:04.8520,1.5,0.33,1.07,0.04,-0.21,0.01
2024-03-25 16:59:04.8620,1.9,0.31,1.15,0.05,-0.14,-0.07
2024-03-25 16:59:04.8720,2.13,0.4,1.26,0.02,-0.0,-0.13
2024-03-25 16:59:04.8820,2.26,0.57,1.3,-0.04,0.21,-0.15
2024-03-25 16:59:04.8920,2.17,0.74,1.6,-0.09,0.46,-0.15
2024-03-25 16:59:04.9020,1.93,0.75,2.33,-0.1,0.69,-0.13
2024-03-25 16:59:04.9120,1.63,0.62,3.39,-0.08,0.83,-0.13
2024-03-25 16:59:04.9220,1.3,0.41,4.6,-0.03,0.84,-0.17
2024-03-25 16:59:04.9320,1.12,0.27,5.67,0.06,0.67,-0.28
2024-03-25 16:59:04.9420,0.96,0.17,6.53,0.23,0.41,-0.42
2024-03-25 16:59:04.9520,0.66,0.28,7.1,0.45,0.12,-0.54
2024-03-25 16:59:04.9620,0.14,0.49,6.84,0.61,-0.08,-0.56
2024-03-25 16:59:04.9720,-0.35,0.95,5.52,0.69,-0.18,-0.51
2024-03-25 16:59:04.9820,-0.56,1.44,3.88,0.66,-0.19,-0.39
2024-03-25 16:59:04.9920,-0.61,1.68,2.24,0.56,-0.1,-0.22
2024-03-25 16:59:05.0020,-0.52,1.56,1.07,0.46,0.06,-0.04
2024-03-25 16:59:05.0120,-0.31,0.82,0.58,0.41,0.2,0.08
2024-03-25 16:59:05.0220,-0.01,-0.33,0.6,0.44,0.23,0.11
2024-03-25 16:59:05.0320,0.24,-1.57,0.91,0.51,0.17,0.03
2024-03-25 16:59:05.0420,0.55,-2.64,0.99,0.52,0.07,-0.11
2024-03-25 16:59:05.0520,0.53,-3.4,0.58,0.47,-0.03,-0.2
2024-03-25 16:59:05.0620,0.08,-3.86,0.3,0.48,-0.13,-0.23
2024-03-25 16:59:05.0720,-0.34,-4.01,0.5,0.5,-0.2,-0.24
2024-03-25 16:59:05.0820,-0.58,-4.07,0.19,0.5,-0.24,-0.25
2024-03-25 16:59:05.0920,-0.68,-3.99,-0.49,0.44,-0.27,-0.24
2024-03-25 16:59:05.1020,-0.91,-3.8,-1.41,0.29,-0.26,-0.21
2024-03-25 16:59:05.1120,-1.24,-3.5,-2.34,0.05,-0.2,-0.14
2024-03-25 16:59:05.1220,-1.51,-3.23,-3.14,-0.21,-0.11,-0.07
2024-03-25 16:59:05.1320,-1.78,-3.03,-3.37,-0.4,-0.04,0.01
2024-03-25 16:59:05.1420,-2.05,-2.74,-2.9,-0.51,-0.01,0.05
2024-03-25 16:59:05.1520,-1.99,-2.26,-2.31,-0.57,-0.05,0.06
2024-03-25 16:59:05.1620,-1.9,-1.71,-2.02,-0.62,-0.09,0.07
2024-03-25 16:59:05.1720,-1.89,-1.15,-1.93,-0.63,-0.1,0.1
2024-03-25 16:59:05.1820,-1.89,-0.67,-1.85,-0.6,-0.08,0.14
2024-03-25 16:59:05.1920,-1.89,-0.19,-1.85,-0.57,-0.01,0.21
2024-03-25 16:59:05.2020,-1.88,0.22,-1.95,-0.54,0.06,0.3
2024-03-25 16:59:05.2120,-1.92,0.59,-2.16,-0.51,0.08,0.4
2024-03-25 16:59:05.2220,-1.83,0.82,-2.35,-0.48,0.08,0.47
2024-03-25 16:59:05.2320,-1.6,0.89,-2.63,-0.45,0.07,0.52
2024-03-25 16:59:05.2420,-1.31,0.86,-2.77,-0.35,0.05,0.55
2024-03-25 16:59:05.2520,-1.06,0.66,-2.5,-0.19,0.03,0.55
2024-03-25 16:59:05.2620,-0.74,0.48,-2.22,-0.09,0.04,0.53
2024-03-25 16:59:05.2720,-0.5,0.23,-2.55,-0.05,0.07,0.52
2024-03-25 16:59:05.2820,-0.3,0.07,-2.82,-0.04,0.1,0.51
2024-03-25 16:59:05.2920,-0.16,-0.03,-2.82,-0.03,0.15,0.51
2024-03-25 16:59:05.3020,-0.11,-0.05,-2.63,-0.02,0.16,0.5
2024-03-25 16:59:05.3120,0.05,0.0,-2.49,-0.04,0.15,0.49
2024-03-25 16:59:05.3220,0.09,0.04,-2.28,-0.05,0.15,0.5
2024-03-25 16:59:05.3320,-0.02,0.15,-1.72,-0.05,0.16,0.54
2024-03-25 16:59:05.3420,-0.12,0.32,-0.84,-0.03,0.1,0.56
2024-03-25 16:59:05.3520,0.02,0.56,-0.03,-0.03,-0.02,0.5
2024-03-25 16:59:05.3620,0.41,0.76,0.36,-0.06,-0.12,0.37
2024-03-25 16:59:05.3720,0.72,1.01,0.64,-0.08,-0.15,0.24
2024-03-25 16:59:05.3820,0.72,1.35,1.11,-0.06,-0.12,0.17
2024-03-25 16:59:05.3920,0.39,1.73,1.78,-0.01,-0.09,0.16
2024-03-25 16:59:05.4020,0.1,2.09,2.33,0.02,-0.1,0.18
2024-03-25 16:59:05.4120,0.09,2.26,2.58,0.02,-0.19,0.16
2024-03-25 16:59:05.4220,0.42,2.31,2.71,0.03,-0.27,0.08
2024-03-25 16:59:05.4320,0.88,2.32,2.8,0.08,-0.25,-0.04
2024-03-25 16:59:05.4420,1.08,2.36,2.93,0.18,-0.16,-0.14
2024-03-25 16:59:05.4520,0.91,2.52,2.97,0.24,-0.1,-0.19
2024-03-25 16:59:05.4620,0.58,2.76,2.68,0.27,-0.07,-0.2
2024-03-25 16:59:05.4720,0.32,2.97,2.34,0.23,-0.07,-0.2
2024-03-25 16:59:05.4820,0.14,2.88,2.11,0.19,-0.01,-0.2
2024-03-25 16:59:05.4920,-0.01,2.46,2.51,0.22,0.04,-0.22
2024-03-25 16:59:05.5020,-0.2,1.96,3.39,0.32,0.04,-0.31
2024-03-25 16:59:05.5110,-0.19,1.51,3.97,0.53,-0.02,-0.44
2024-03-25 16:59:05.5220,-0.25,1.23,4.38,0.76,-0.13,-0.59
2024-03-25 16:59:05.5320,-0.3,1.27,4.03,0.91,-0.26,-0.72
2024-03-25 16:59:05.5420,-0.3,1.84,2.86,0.87,-0.32,-0.67
2024-03-25 16:59:05.5520,-0.69,2.25,1.33,0.72,-0.3,-0.48
2024-03-25 16:59:05.5620,-0.83,2.2,0.32,0.55,-0.18,-0.25
2024-03-25 16:59:05.5720,-0.56,1.54,0.41,0.44,-0.05,-0.06
2024-03-25 16:59:05.5820,0.0,0.46,1.27,0.4,0.0,0.03
2024-03-25 16:59:05.5920,0.7,-0.79,2.14,0.43,0.02,0.08
2024-03-25 16:59:05.6020,1.06,-1.84,2.76,0.48,0.0,0.06
2024-03-25 16:59:05.6120,1.55,-2.6,2.9,0.51,-0.02,0.0
2024-03-25 16:59:05.6220,1.97,-3.19,2.55,0.51,0.0,-0.05
2024-03-25 16:59:05.6320,2.05,-3.52,2.12,0.5,0.1,-0.07
2024-03-25 16:59:05.6420,1.83,-3.7,1.7,0.47,0.26,-0.06
2024-03-25 16:59:05.6520,1.54,-3.81,1.43,0.46,0.44,-0.01
2024-03-25 16:59:05.6620,1.09,-3.95,1.3,0.44,0.53,0.05
2024-03-25 16:59:05.6720,0.55,-4.02,0.98,0.37,0.48,0.08
2024-03-25 16:59:05.6820,0.24,-4.24,0.38,0.29,0.32,0.07
2024-03-25 16:59:05.6920,0.08,-4.49,-0.08,0.27,0.11,0.01
2024-03-25 16:59:05.7020,-0.03,-4.57,-0.46,0.24,-0.09,-0.06
2024-03-25 16:59:05.7120,-0.03,-4.43,-1.38,0.18,-0.26,-0.13
2024-03-25 16:59:05.7220,0.03,-4.08,-2.51,0.12,-0.38,-0.19
2024-03-25 16:59:05.7320,0.24,-3.57,-3.48,0.06,-0.41,-0.26
2024-03-25 16:59:05.7420,0.47,-2.96,-4.3,-0.01,-0.35,-0.31
2024-03-25 16:59:05.7520,0.61,-2.27,-4.94,-0.09,-0.22,-0.33
2024-03-25 16:59:05.7620,0.61,-1.62,-5.47,-0.2,-0.05,-0.31
2024-03-25 16:59:05.7720,0.41,-1.09,-5.84,-0.33,0.13,-0.23
2024-03-25 16:59:05.7820,0.11,-0.68,-5.83,-0.43,0.27,-0.14
2024-03-25 16:59:05.7920,-0.04,-0.42,-5.34,-0.48,0.35,-0.05
2024-03-25 16:59:05.8020,-0.14,-0.34,-4.51,-0.47,0.33,-0.01
2024-03-25 16:59:05.8120,0.08,-0.34,-3.66,-0.46,0.23,-0.03
2024-03-25 16:59:05.8220,0.39,-0.33,-3.22,-0.46,0.1,-0.08
2024-03-25 16:59:05.8320,0.6,-0.24,-3.06,-0.47,-0.0,-0.13
2024-03-25 16:59:05.8420,0.7,-0.15,-2.87,-0.48,-0.01,-0.14
2024-03-25 16:59:05.8520,0.58,-0.04,-2.55,-0.46,0.08,-0.07
2024-03-25 16:59:05.8620,0.28,0.14,-2.06,-0.4,0.19,0.01
2024-03-25 16:59:05.8710,0.23,0.26,-1.59,-0.35,0.25,0.07
2024-03-25 16:59:05.8820,0.36,0.27,-1.33,-0.3,0.2,0.08
2024-03-25 16:59:05.8910,0.47,0.31,-1.18,-0.28,0.07,0.07
2024-03-25 16:59:05.9020,0.5,0.4,-1.0,-0.25,-0.1,0.04
2024-03-25 16:59:05.9120,0.55,0.51,-0.82,-0.25,-0.23,0.02
2024-03-25 16:59:05.9220,0.51,0.59,-0.89,-0.26,-0.27,0.04
2024-03-25 16:59:05.9310,0.29,0.66,-0.89,-0.24,-0.23,0.09
2024-03-25 16:59:05.9410,0.1,0.72,-0.56,-0.19,-0.11,0.16
2024-03-25 16:59:05.9520,-0.02,0.7,-0.29,-0.14,-0.01,0.23
2024-03-25 16:59:05.9620,-0.13,0.73,-0.19,-0.15,0.01,0.26
2024-03-25 16:59:05.9710,-0.02,0.7,-0.35,-0.2,-0.03,0.23
2024-03-25 16:59:05.9810,0.24,0.72,-0.41,-0.24,-0.11,0.16
2024-03-25 16:59:05.9910,0.43,0.79,-0.19,-0.28,-0.14,0.11
2024-03-25 16:59:06.0010,0.47,0.91,0.13,-0.35,-0.08,0.1
2024-03-25 16:59:06.0110,0.45,1.13,0.38,-0.46,0.04,0.11
2024-03-25 16:59:06.0220,0.35,1.34,0.59,-0.55,0.24,0.16
2024-03-25 16:59:06.0310,0.18,1.46,1.42,-0.54,0.47,0.24
2024-03-25 16:59:06.0410,0.02,1.57,2.8,-0.43,0.72,0.31
2024-03-25 16:59:06.0510,0.03,1.52,4.23,-0.27,0.83,0.34
2024-03-25 16:59:06.0610,0.18,1.47,5.1,-0.12,0.75,0.25
2024-03-25 16:59:06.0710,0.52,1.31,5.52,0.0,0.5,0.0
2024-03-25 16:59:06.0810,0.64,1.04,5.65,0.08,0.22,-0.22
2024-03-25 16:59:06.0910,0.34,0.95,5.64,0.19,0.03,-0.34
2024-03-25 16:59:06.1010,-0.2,1.11,5.75,0.38,-0.04,-0.37
2024-03-25 16:59:06.1110,-0.64,1.41,5.8,0.6,-0.07,-0.33
2024-03-25 16:59:06.1210,-0.97,1.67,5.19,0.78,-0.07,-0.28
2024-03-25 16:59:06.1310,-1.0,2.07,4.23,0.89,-0.01,-0.19
2024-03-25 16:59:06.1410,-1.25,2.46,3.38,0.98,0.07,-0.09
2024-03-25 16:59:06.1510,-1.51,2.4,2.83,1.05,0.13,-0.01
2024-03-25 16:59:06.1610,-1.53,2.18,2.42,1.11,0.1,0.03
2024-03-25 16:59:06.1710,-1.42,2.0,2.06,1.13,-0.01,0.09
2024-03-25 16:59:06.1810,-1.55,1.57,1.5,1.09,-0.14,0.21
2024-03-25 16:59:06.1910,-1.73,0.65,0.81,1.04,-0.28,0.38
2024-03-25 16:59:06.2010,-1.56,-0.45,0.24,0.95,-0.36,0.55
2024-03-25 16:59:06.2110,-1.08,-1.65,-0.5,0.78,-0.4,0.65
2024-03-25 16:59:06.2210,-0.41,-2.49,-1.51,0.5,-0.34,0.72
2024-03-25 16:59:06.2310,0.01,-2.98,-2.45,0.17,-0.18,0.79
2024-03-25 16:59:06.2410,0.01,-3.57,-2.78,-0.12,0.09,0.85
2024-03-25 16:59:06.2510,0.15,-4.17,-2.18,-0.27,0.32,0.81
2024-03-25 16:59:06.2610,0.45,-4.54,-1.27,-0.31,0.4,0.72
2024-03-25 16:59:06.2710,0.27,-4.66,-0.73,-0.3,0.39,0.6
2024-03-25 16:59:06.2810,0.05,-4.32,-0.51,-0.24,0.29,0.47
2024-03-25 16:59:06.2910,-0.11,-3.48,-0.5,-0.22,0.16,0.39
2024-03-25 16:59:06.3010,-0.38,-2.55,-1.09,-0.26,0.05,0.38
2024-03-25 16:59:06.3110,-0.63,-1.66,-1.95,-0.36,0.01,0.43
2024-03-25 16:59:06.3210,-0.82,-0.89,-2.86,-0.47,0.08,0.58
2024-03-25 16:59:06.3310,-1.12,-0.29,-3.56,-0.56,0.25,0.79
2024-03-25 16:59:06.3410,-1.23,0.25,-3.97,-0.63,0.43,0.99
2024-03-25 16:59:06.3510,-0.97,0.24,-4.31,-0.67,0.53,1.09
2024-03-25 16:59:06.3610,-0.44,-0.06,-4.4,-0.65,0.55,1.05
2024-03-25 16:59:06.3710,0.16,-0.64,-4.0,-0.55,0.5,0.88
2024-03-25 16:59:06.3810,0.69,-1.14,-3.38,-0.44,0.42,0.68
2024-03-25 16:59:06.3910,0.73,-1.31,-3.22,-0.36,0.29,0.48
2024-03-25 16:59:06.4010,0.43,-1.22,-3.31,-0.35,0.17,0.36
2024-03-25 16:59:06.4110,-0.02,-0.76,-3.67,-0.39,0.07,0.36
2024-03-25 16:59:06.4210,-0.5,-0.26,-3.97,-0.44,0.06,0.42
2024-03-25 16:59:06.4310,-0.44,0.3,-4.11,-0.5,0.13,0.46
2024-03-25 16:59:06.4410,0.08,0.59,-4.06,-0.52,0.23,0.46
2024-03-25 16:59:06.4510,0.62,0.76,-3.59,-0.48,0.36,0.45
2024-03-25 16:59:06.4610,0.79,0.86,-2.78,-0.44,0.49,0.44
2024-03-25 16:59:06.4710,0.69,0.9,-2.06,-0.4,0.56,0.44
2024-03-25 16:59:06.4810,0.54,0.93,-1.26,-0.37,0.56,0.46
2024-03-25 16:59:06.4910,0.42,1.03,-0.29,-0.35,0.47,0.46
2024-03-25 16:59:06.5020,0.57,1.31,0.43,-0.37,0.25,0.44
2024-03-25 16:59:06.5110,0.85,1.61,0.84,-0.41,0.02,0.41
2024-03-25 16:59:06.5210,1.18,1.9,1.31,-0.43,-0.12,0.38
2024-03-25 16:59:06.5310,1.53,2.03,1.82,-0.39,-0.13,0.37
2024-03-25 16:59:06.5410,1.78,2.03,2.4,-0.33,-0.07,0.36
2024-03-25 16:59:06.5510,2.02,1.9,2.83,-0.3,0.01,0.34
2024-03-25 16:59:06.5610,2.11,1.63,3.17,-0.3,0.04,0.31
2024-03-25 16:59:06.5710,2.19,1.42,3.83,-0.26,-0.02,0.2
2024-03-25 16:59:06.5810,2.54,1.19,4.73,-0.18,-0.12,0.01
2024-03-25 16:59:06.5910,2.93,0.94,5.59,-0.02,-0.24,-0.24
2024-03-25 16:59:06.6010,3.31,0.87,6.46,0.2,-0.37,-0.53
2024-03-25 16:59:06.6110,3.45,1.02,6.89,0.41,-0.49,-0.78
2024-03-25 16:59:06.6210,3.34,1.57,6.54,0.56,-0.57,-0.94
2024-03-25 16:59:06.6310,3.01,2.33,5.83,0.65,-0.61,-1.02
2024-03-25 16:59:06.6410,2.71,3.0,5.22,0.73,-0.63,-1.02
2024-03-25 16:59:06.6510,2.26,3.32,4.8,0.84,-0.67,-1.04
2024-03-25 16:59:06.6610,2.21,3.18,4.7,1.04,-0.74,-1.13
2024-03-25 16:59:06.6710,2.41,2.8,4.8,1.27,-0.81,-1.27
2024-03-25 16:59:06.6810,2.47,2.24,4.54,1.47,-0.83,-1.38
2024-03-25 16:59:06.6910,2.25,1.56,3.86,1.57,-0.77,-1.4
2024-03-25 16:59:06.7010,1.77,0.63,2.9,1.55,-0.61,-1.36
2024-03-25 16:59:06.7110,1.21,-0.42,2.17,1.45,-0.39,-1.28
2024-03-25 16:59:06.7210,0.72,-1.42,1.82,1.29,-0.23,-1.17
2024-03-25 16:59:06.7310,0.23,-2.21,1.89,1.12,-0.2,-1.05
2024-03-25 16:59:06.7410,-0.2,-2.97,2.27,1.01,-0.26,-0.95
2024-03-25 16:59:06.7510,-0.37,-3.88,2.93,0.98,-0.34,-0.91
2024-03-25 16:59:06.7610,-0.3,-4.7,3.38,0.98,-0.39,-0.9
2024-03-25 16:59:06.7710,-0.25,-5.12,3.18,0.94,-0.39,-0.89
2024-03-25 16:59:06.7810,-0.35,-5.2,2.42,0.79,-0.33,-0.81
2024-03-25 16:59:06.7910,-0.7,-5.06,1.3,0.56,-0.23,-0.66
2024-03-25 16:59:06.8010,-1.22,-4.9,0.57,0.34,-0.13,-0.47
2024-03-25 16:59:06.8110,-1.61,-4.89,0.37,0.13,-0.1,-0.29
2024-03-25 16:59:06.8210,-1.78,-5.11,0.15,-0.09,-0.16,-0.2
2024-03-25 16:59:06.8310,-1.7,-5.35,-0.35,-0.29,-0.27,-0.15
2024-03-25 16:59:06.8410,-1.63,-5.55,-0.87,-0.4,-0.38,-0.19
2024-03-25 16:59:06.8510,-1.31,-5.43,-1.14,-0.44,-0.42,-0.28
2024-03-25 16:59:06.8610,-1.0,-5.03,-1.61,-0.41,-0.38,-0.37
2024-03-25 16:59:06.8710,-0.87,-4.25,-2.11,-0.34,-0.26,-0.41
2024-03-25 16:59:06.8810,-1.04,-3.43,-2.73,-0.25,-0.07,-0.41
2024-03-25 16:59:06.8910,-1.17,-2.59,-3.35,-0.16,0.19,-0.35
2024-03-25 16:59:06.9010,-1.44,-1.76,-3.79,-0.02,0.48,-0.26
2024-03-25 16:59:06.9110,-1.58,-0.94,-3.74,0.2,0.72,-0.15
2024-03-25 16:59:06.9210,-1.64,-0.14,-3.28,0.44,0.86,-0.08
2024-03-25 16:59:06.9310,-1.32,0.34,-3.09,0.66,0.86,-0.1
2024-03-25 16:59:06.9410,-0.73,0.6,-3.33,0.8,0.67,-0.18
2024-03-25 16:59:06.9510,-0.47,0.62,-3.77,0.83,0.27,-0.27
2024-03-25 16:59:06.9610,-0.64,0.73,-4.54,0.73,-0.21,-0.27
2024-03-25 16:59:06.9710,-1.2,0.84,-5.71,0.53,-0.64,-0.18
2024-03-25 16:59:06.9810,-1.56,0.74,-6.62,0.27,-0.86,-0.06
2024-03-25 16:59:06.9910,-1.38,0.53,-7.12,0.04,-0.83,0.02
2024-03-25 16:59:07.0010,-0.89,0.37,-7.13,-0.17,-0.6,0.09
2024-03-25 16:59:07.0110,-0.43,0.32,-6.85,-0.29,-0.25,0.1
2024-03-25 16:59:07.0210,0.03,0.12,-5.78,-0.29,0.11,0.09
2024-03-25 16:59:07.0310,0.22,-0.2,-4.02,-0.21,0.38,0.06
2024-03-25 16:59:07.0410,0.13,-0.45,-2.47,-0.15,0.52,0.01
2024-03-25 16:59:07.0510,-0.09,-0.54,-1.59,-0.13,0.48,-0.01
2024-03-25 16:59:07.0610,-0.51,-0.59,-0.86,-0.15,0.33,-0.02
2024-03-25 16:59:07.0710,-0.77,-0.43,-0.25,-0.21,0.15,-0.02
2024-03-25 16:59:07.0810,-0.86,-0.15,0.05,-0.31,0.02,0.01
2024-03-25 16:59:07.0910,-0.89,0.25,0.24,-0.45,-0.04,0.05
2024-03-25 16:59:07.1010,-0.89,0.62,0.32,-0.6,-0.01,0.13
2024-03-25 16:59:07.1110,-0.88,0.89,0.62,-0.69,0.07,0.24
2024-03-25 16:59:07.1210,-0.86,1.0,1.45,-0.66,0.16,0.32
2024-03-25 16:59:07.1310,-0.7,0.98,2.62,-0.58,0.2,0.34
2024-03-25 16:59:07.1410,-0.46,0.89,3.37,-0.5,0.2,0.33
2024-03-25 16:59:07.1510,-0.26,0.82,3.63,-0.46,0.17,0.27
2024-03-25 16:59:07.1610,-0.05,0.86,3.6,-0.41,0.1,0.2
2024-03-25 16:59:07.1710,-0.02,0.92,3.65,-0.35,0.04,0.13
2024-03-25 16:59:07.1810,0.1,1.25,3.54,-0.35,-0.0,0.06
2024-03-25 16:59:07.1910,0.07,1.67,2.92,-0.46,-0.03,0.08
2024-03-25 16:59:07.2010,-0.48,2.07,2.13,-0.75,0.03,0.28
2024-03-25 16:59:07.2110,-1.58,2.02,1.5,-1.04,0.15,0.64
2024-03-25 16:59:07.2210,-2.15,1.34,2.44,-1.03,0.25,0.96
2024-03-25 16:59:07.2310,-1.44,0.32,4.67,-0.8,0.26,1.02
2024-03-25 16:59:07.2410,0.01,-1.3,5.83,-0.49,0.14,0.85
2024-03-25 16:59:07.2510,1.29,-2.32,5.94,-0.28,-0.06,0.58
2024-03-25 16:59:07.2610,1.76,-2.88,4.91,-0.22,-0.2,0.35
2024-03-25 16:59:07.2710,1.62,-3.19,3.81,-0.14,-0.24,0.18
2024-03-25 16:59:07.2810,1.14,-3.24,3.56,0.04,-0.17,0.1
2024-03-25 16:59:07.2910,0.46,-3.2,3.48,0.27,-0.07,0.04
2024-03-25 16:59:07.3010,-0.02,-3.03,2.8,0.43,-0.03,-0.03
2024-03-25 16:59:07.3110,-0.2,-2.68,1.34,0.48,-0.03,-0.13
2024-03-25 16:59:07.3210,-0.34,-2.19,-0.29,0.48,-0.07,-0.21
2024-03-25 16:59:07.3310,-0.58,-1.69,-1.63,0.46,-0.08,-0.24
2024-03-25 16:59:07.3410,-0.97,-1.2,-2.56,0.42,-0.05,-0.17
2024-03-25 16:59:07.3510,-1.45,-0.72,-3.38,0.37,-0.02,-0.02
2024-03-25 16:59:07.3610,-1.92,-0.19,-4.1,0.25,-0.01,0.19
2024-03-25 16:59:07.3710,-2.19,0.2,-4.81,0.05,-0.05,0.4
2024-03-25 16:59:07.3810,-2.04,0.45,-5.44,-0.24,-0.09,0.59
2024-03-25 16:59:07.3910,-1.63,0.4,-5.88,-0.51,-0.08,0.74
2024-03-25 16:59:07.4010,-1.23,0.07,-5.46,-0.62,0.0,0.84
2024-03-25 16:59:07.4110,-0.76,-0.33,-4.25,-0.61,0.13,0.87
2024-03-25 16:59:07.4210,-0.32,-0.75,-3.19,-0.55,0.22,0.84
2024-03-25 16:59:07.4310,0.01,-1.06,-2.62,-0.51,0.23,0.75
2024-03-25 16:59:07.4410,0.3,-1.2,-2.36,-0.49,0.18,0.63
2024-03-25 16:59:07.4510,0.4,-1.22,-2.21,-0.49,0.08,0.52
2024-03-25 16:59:07.4610,0.31,-1.11,-2.06,-0.49,-0.01,0.44
2024-03-25 16:59:07.4710,0.17,-0.9,-1.89,-0.48,-0.06,0.39
2024-03-25 16:59:07.4810,0.13,-0.65,-1.87,-0.47,-0.07,0.34
2024-03-25 16:59:07.4910,0.3,-0.44,-2.01,-0.47,-0.03,0.28
2024-03-25 16:59:07.5010,0.52,-0.21,-2.21,-0.47,0.04,0.21
2024-03-25 16:59:07.5110,0.63,0.04,-2.34,-0.48,0.14,0.15
2024-03-25 16:59:07.5210,0.57,0.29,-2.32,-0.47,0.24,0.11
2024-03-25 16:59:07.5310,0.37,0.42,-2.12,-0.46,0.32,0.09
2024-03-25 16:59:07.5410,0.21,0.53,-1.77,-0.43,0.36,0.04
2024-03-25 16:59:07.5510,0.22,0.64,-1.36,-0.38,0.35,-0.02
2024-03-25 16:59:07.5610,0.07,0.76,-0.9,-0.3,0.31,-0.04
2024-03-25 16:59:07.5710,-0.14,0.96,-0.43,-0.23,0.28,-0.06
2024-03-25 16:59:07.5810,-0.27,1.19,-0.3,-0.22,0.28,-0.05
2024-03-25 16:59:07.5910,-0.44,1.41,-0.29,-0.22,0.32,-0.01
2024-03-25 16:59:07.6010,-0.67,1.59,0.2,-0.17,0.38,0.05
2024-03-25 16:59:07.6110,-0.73,1.66,1.1,-0.1,0.42,0.06
2024-03-25 16:59:07.6210,-0.56,1.68,1.76,-0.01,0.41,0.04
2024-03-25 16:59:07.6310,-0.37,1.62,2.32,0.09,0.34,-0.01
2024-03-25 16:59:07.6410,-0.28,1.63,2.9,0.21,0.2,-0.08
2024-03-25 16:59:07.6510,-0.28,1.73,3.28,0.28,0.03,-0.14
2024-03-25 16:59:07.6610,-0.36,1.88,3.23,0.33,-0.12,-0.18
2024-03-25 16:59:07.6710,-0.26,2.09,3.04,0.36,-0.21,-0.23
2024-03-25 16:59:07.6810,-0.15,2.25,2.84,0.39,-0.25,-0.26
2024-03-25 16:59:07.6910,0.09,2.34,2.72,0.42,-0.24,-0.3
2024-03-25 16:59:07.7010,0.5,2.45,2.59,0.42,-0.17,-0.35
2024-03-25 16:59:07.7110,0.86,2.57,2.48,0.36,-0.06,-0.36
2024-03-25 16:59:07.7210,0.95,2.56,2.41,0.26,0.09,-0.28
2024-03-25 16:59:07.7310,0.49,1.86,2.82,0.22,0.24,-0.12
2024-03-25 16:59:07.7410,0.16,0.68,3.96,0.28,0.3,-0.02
2024-03-25 16:59:07.7510,0.54,-0.6,5.02,0.4,0.14,-0.08
2024-03-25 16:59:07.7610,1.22,-1.7,5.23,0.51,-0.19,-0.26
2024-03-25 16:59:07.7710,1.86,-2.42,4.66,0.56,-0.49,-0.5
2024-03-25 16:59:07.7810,2.29,-2.74,3.47,0.57,-0.63,-0.69
2024-03-25 16:59:07.7910,2.32,-2.64,2.43,0.64,-0.64,-0.78
2024-03-25 16:59:07.8000,2.07,-2.33,1.87,0.72,-0.56,-0.81
2024-03-25 16:59:07.8110,1.91,-1.97,0.96,0.7,-0.43,-0.79
2024-03-25 16:59:07.8210,1.79,-1.56,-0.34,0.55,-0.27,-0.75
2024-03-25 16:59:07.8300,1.65,-1.11,-1.57,0.3,-0.07,-0.66
2024-03-25 16:59:07.8400,1.31,-0.78,-2.23,0.03,0.11,-0.5
2024-03-25 16:59:07.8510,0.77,-0.69,-2.16,-0.23,0.23,-0.31
2024-03-25 16:59:07.8610,0.28,-0.89,-1.7,-0.44,0.28,-0.13
2024-03-25 16:59:07.8700,0.04,-1.23,-1.16,-0.62,0.25,-0.01
2024-03-25 16:59:07.8810,0.1,-1.75,-0.66,-0.69,0.16,0.03
2024-03-25 16:59:07.8900,0.44,-2.26,-0.01,-0.64,0.04,-0.04
2024-03-25 16:59:07.9000,0.8,-2.62,0.41,-0.54,-0.06,-0.18
2024-03-25 16:59:07.9110,1.06,-2.7,0.22,-0.42,-0.13,-0.35
2024-03-25 16:59:07.9200,1.16,-2.52,-0.35,-0.3,-0.14,-0.52
2024-03-25 16:59:07.9300,1.03,-2.19,-1.02,-0.19,-0.12,-0.65
2024-03-25 16:59:07.9400,0.62,-1.77,-1.81,-0.08,-0.06,-0.7
2024-03-25 16:59:07.9500,0.08,-1.23,-2.52,-0.01,-0.0,-0.71
2024-03-25 16:59:07.9610,-0.29,-0.76,-3.22,0.06,0.04,-0.7
2024-03-25 16:59:07.9700,-0.43,-0.27,-3.78,0.12,0.08,-0.68
2024-03-25 16:59:07.9800,-0.55,0.07,-4.29,0.13,0.09,-0.64
2024-03-25 16:59:07.9900,-0.72,0.36,-4.83,0.1,0.09,-0.57
2024-03-25 16:59:08.0000,-0.95,0.61,-5.15,0.05,0.08,-0.46
2024-03-25 16:59:08.0110,-1.12,0.78,-5.22,-0.06,0.08,-0.33
2024-03-25 16:59:08.0210,-1.16,0.84,-5.35,-0.2,0.11,-0.17
2024-03-25 16:59:08.0300,-1.13,0.8,-5.06,-0.3,0.14,-0.03
2024-03-25 16:59:08.0400,-0.91,0.69,-4.33,-0.33,0.16,0.08
2024-03-25 16:59:08.0500,-0.6,0.47,-3.41,-0.32,0.16,0.12
2024-03-25 16:59:08.0610,-0.15,0.23,-2.67,-0.31,0.13,0.12
2024-03-25 16:59:08.0700,0.27,0.2,-2.2,-0.35,0.07,0.11
2024-03-25 16:59:08.0800,0.49,0.41,-1.82,-0.43,-0.02,0.14
2024-03-25 16:59:08.0900,0.62,0.7,-1.3,-0.48,-0.14,0.16
2024-03-25 16:59:08.1000,0.85,1.04,-0.51,-0.51,-0.26,0.19
2024-03-25 16:59:08.1100,1.17,1.28,0.15,-0.5,-0.32,0.18
2024-03-25 16:59:08.1200,1.6,1.43,0.61,-0.49,-0.3,0.14
2024-03-25 16:59:08.1300,1.92,1.42,0.93,-0.48,-0.22,0.07
2024-03-25 16:59:08.1400,2.09,1.24,1.32,-0.46,-0.04,-0.02
2024-03-25 16:59:08.1500,2.02,0.97,2.05,-0.4,0.2,-0.09
2024-03-25 16:59:08.1600,1.81,0.72,3.1,-0.29,0.43,-0.18
2024-03-25 16:59:08.1700,1.58,0.57,4.16,-0.15,0.53,-0.28
2024-03-25 16:59:08.1800,1.29,0.6,5.09,-0.01,0.46,-0.39
2024-03-25 16:59:08.1900,1.03,0.77,5.78,0.12,0.28,-0.51
2024-03-25 16:59:08.2000,0.66,1.05,6.21,0.23,0.08,-0.6
2024-03-25 16:59:08.2100,0.34,1.52,6.43,0.35,-0.11,-0.64
2024-03-25 16:59:08.2200,-0.13,2.14,6.59,0.41,-0.14,-0.54
2024-03-25 16:59:08.2300,-1.17,2.46,6.35,0.35,0.02,-0.25
2024-03-25 16:59:08.2400,-2.11,2.28,5.87,0.31,0.22,0.11
2024-03-25 16:59:08.2500,-2.25,1.43,6.21,0.5,0.3,0.36
2024-03-25 16:59:08.2600,-1.47,0.07,7.28,0.91,0.19,0.36
2024-03-25 16:59:08.2700,-0.13,-1.24,7.4,1.18,-0.11,0.09
2024-03-25 16:59:08.2800,1.03,-2.17,5.28,1.16,-0.4,-0.2
2024-03-25 16:59:08.2900,1.17,-2.66,2.66,0.98,-0.55,-0.42
2024-03-25 16:59:08.3000,0.69,-2.75,1.19,0.86,-0.5,-0.52
2024-03-25 16:59:08.3100,-0.18,-2.61,1.05,0.82,-0.34,-0.48
2024-03-25 16:59:08.3200,-1.39,-2.39,0.96,0.78,-0.17,-0.36
2024-03-25 16:59:08.3300,-2.33,-2.44,0.43,0.7,-0.12,-0.23
2024-03-25 16:59:08.3400,-2.78,-2.25,-0.37,0.53,-0.15,-0.11
2024-03-25 16:59:08.3500,-3.02,-2.12,-1.46,0.3,-0.18,0.01
2024-03-25 16:59:08.3600,-2.93,-2.03,-2.27,0.08,-0.16,0.09
2024-03-25 16:59:08.3700,-2.66,-2.05,-2.74,-0.1,-0.1,0.16
2024-03-25 16:59:08.3800,-2.31,-2.14,-3.0,-0.21,-0.06,0.2
2024-03-25 16:59:08.3900,-1.99,-2.18,-3.01,-0.21,0.02,0.23
2024-03-25 16:59:08.4000,-1.62,-2.1,-2.94,-0.21,0.09,0.23
2024-03-25 16:59:08.4100,-1.27,-2.13,-3.43,-0.22,0.12,0.18
2024-03-25 16:59:08.4200,-0.92,-2.03,-3.93,-0.23,0.14,0.14
2024-03-25 16:59:08.4300,-0.86,-1.93,-4.23,-0.21,0.18,0.14
2024-03-25 16:59:08.4400,-1.0,-1.74,-4.34,-0.2,0.19,0.16
2024-03-25 16:59:08.4500,-1.24,-1.55,-4.64,-0.21,0.17,0.22
2024-03-25 16:59:08.4600,-1.38,-1.28,-5.02,-0.25,0.14,0.3
2024-03-25 16:59:08.4700,-1.44,-1.09,-5.28,-0.29,0.16,0.39
2024-03-25 16:59:08.4800,-1.33,-0.89,-5.34,-0.29,0.19,0.47
2024-03-25 16:59:08.4900,-1.17,-0.69,-5.17,-0.25,0.29,0.54
2024-03-25 16:59:08.5000,-0.92,-0.52,-4.94,-0.18,0.38,0.59
2024-03-25 16:59:08.5100,-0.59,-0.3,-4.71,-0.16,0.41,0.6
2024-03-25 16:59:08.5200,-0.34,-0.02,-4.75,-0.22,0.37,0.61
2024-03-25 16:59:08.5300,-0.23,0.33,-4.86,-0.35,0.33,0.62
2024-03-25 16:59:08.5400,-0.22,0.77,-4.7,-0.48,0.42,0.71
2024-03-25 16:59:08.5500,-0.3,1.08,-4.08,-0.5,0.66,0.85
2024-03-25 16:59:08.5600,-0.33,1.26,-2.64,-0.4,0.89,1.0
2024-03-25 16:59:08.5700,-0.33,1.38,-1.07,-0.32,0.95,1.1
2024-03-25 16:59:08.5800,-0.05,1.47,-0.22,-0.31,0.81,1.09
2024-03-25 16:59:08.5900,0.61,1.43,0.33,-0.32,0.56,0.95
2024-03-25 16:59:08.6000,1.47,1.17,1.05,-0.31,0.3,0.7
2024-03-25 16:59:08.6100,2.28,1.11,1.82,-0.3,0.09,0.43
2024-03-25 16:59:08.6200,2.61,1.23,2.28,-0.3,0.0,0.22
2024-03-25 16:59:08.6300,2.4,1.37,2.66,-0.29,0.02,0.1
2024-03-25 16:59:08.6400,2.02,1.59,3.25,-0.26,0.07,0.04
2024-03-25 16:59:08.6500,1.54,1.86,3.87,-0.23,0.09,0.03
2024-03-25 16:59:08.6600,1.25,2.03,4.3,-0.21,0.02,-0.02
2024-03-25 16:59:08.6700,1.27,2.15,4.68,-0.17,-0.1,-0.06
2024-03-25 16:59:08.6800,1.31,2.13,5.0,-0.1,-0.25,-0.15
2024-03-25 16:59:08.6900,1.59,2.1,5.33,-0.02,-0.39,-0.29
2024-03-25 16:59:08.7000,2.09,2.16,5.33,0.04,-0.49,-0.48
2024-03-25 16:59:08.7100,2.48,2.39,4.97,0.03,-0.52,-0.62
2024-03-25 16:59:08.7200,2.4,2.61,4.47,-0.05,-0.43,-0.63
2024-03-25 16:59:08.7300,1.78,2.38,4.11,-0.14,-0.27,-0.5
2024-03-25 16:59:08.7400,0.95,1.53,4.47,-0.12,-0.17,-0.33
2024-03-25 16:59:08.7500,0.77,0.47,5.24,-0.07,-0.2,-0.31
2024-03-25 16:59:08.7600,1.37,-0.58,5.16,-0.07,-0.39,-0.42
2024-03-25 16:59:08.7700,2.03,-1.31,4.36,-0.07,-0.62,-0.62
2024-03-25 16:59:08.7800,2.4,-1.76,3.76,-0.02,-0.76,-0.85
2024-03-25 16:59:08.7900,2.51,-1.89,3.44,0.12,-0.77,-1.02
2024-03-25 16:59:08.8000,2.32,-1.82,3.1,0.31,-0.7,-1.12
2024-03-25 16:59:08.8100,2.03,-1.66,2.36,0.45,-0.58,-1.16
2024-03-25 16:59:08.8200,1.83,-1.4,1.11,0.49,-0.43,-1.16
2024-03-25 16:59:08.8300,1.66,-1.04,-0.21,0.41,-0.27,-1.12
2024-03-25 16:59:08.8400,1.44,-0.65,-1.3,0.22,-0.1,-1.02
2024-03-25 16:59:08.8500,0.94,-0.41,-1.87,0.03,0.09,-0.82
2024-03-25 16:59:08.8600,0.23,-0.4,-1.53,-0.1,0.22,-0.6
2024-03-25 16:59:08.8700,-0.25,-0.68,-0.7,-0.17,0.25,-0.4
2024-03-25 16:59:08.8800,-0.38,-1.23,-0.06,-0.19,0.18,-0.28
2024-03-25 16:59:08.8900,-0.31,-1.78,0.28,-0.14,0.01,-0.25
2024-03-25 16:59:08.9000,0.05,-2.26,0.57,-0.03,-0.16,-0.31
2024-03-25 16:59:08.9100,0.52,-2.54,0.44,0.13,-0.28,-0.41
2024-03-25 16:59:08.9200,0.82,-2.57,-0.01,0.3,-0.33,-0.51
2024-03-25 16:59:08.9300,0.87,-2.44,-0.76,0.43,-0.33,-0.58
2024-03-25 16:59:08.9400,0.74,-2.19,-1.82,0.49,-0.29,-0.62
2024-03-25 16:59:08.9500,0.58,-1.85,-3.03,0.5,-0.25,-0.65
2024-03-25 16:59:08.9600,0.61,-1.54,-4.04,0.49,-0.22,-0.7
2024-03-25 16:59:08.9700,0.62,-1.3,-4.68,0.49,-0.21,-0.73
2024-03-25 16:59:08.9800,0.53,-0.95,-5.06,0.48,-0.25,-0.74
2024-03-25 16:59:08.9900,0.32,-0.64,-5.49,0.4,-0.32,-0.71
2024-03-25 16:59:09.0000,0.13,-0.37,-5.97,0.25,-0.4,-0.67
2024-03-25 16:59:09.0100,0.2,-0.17,-6.37,0.06,-0.39,-0.63
2024-03-25 16:59:09.0200,0.46,-0.08,-6.41,-0.1,-0.26,-0.56
2024-03-25 16:59:09.0300,0.63,-0.05,-5.85,-0.2,-0.07,-0.49
2024-03-25 16:59:09.0400,0.9,-0.11,-5.03,-0.23,0.14,-0.47
2024-03-25 16:59:09.0500,1.2,-0.24,-4.16,-0.23,0.31,-0.47
2024-03-25 16:59:09.0600,1.24,-0.42,-3.49,-0.24,0.37,-0.47
2024-03-25 16:59:09.0700,0.98,-0.4,-2.87,-0.27,0.35,-0.46
2024-03-25 16:59:09.0800,0.74,-0.28,-2.4,-0.35,0.29,-0.41
2024-03-25 16:59:09.0900,0.48,-0.08,-2.08,-0.47,0.24,-0.37
2024-03-25 16:59:09.1000,0.45,0.21,-1.69,-0.57,0.23,-0.32
2024-03-25 16:59:09.1100,0.48,0.54,-1.19,-0.67,0.33,-0.25
2024-03-25 16:59:09.1200,0.31,0.74,-0.53,-0.73,0.46,-0.19
2024-03-25 16:59:09.1300,0.26,0.86,0.19,-0.83,0.66,-0.12
2024-03-25 16:59:09.1400,-0.05,0.82,0.86,-0.93,0.79,-0.03
2024-03-25 16:59:09.1500,-0.58,0.6,1.94,-0.98,0.79,0.05
2024-03-25 16:59:09.1600,-1.09,0.32,3.38,-0.94,0.62,0.08
2024-03-25 16:59:09.1700,-1.21,0.08,4.85,-0.8,0.34,0.03
2024-03-25 16:59:09.1800,-0.9,-0.13,5.99,-0.58,0.08,-0.11
2024-03-25 16:59:09.1900,-0.37,-0.17,6.58,-0.3,-0.08,-0.3
2024-03-25 16:59:09.2000,0.16,-0.04,6.75,0.01,-0.08,-0.49
2024-03-25 16:59:09.2100,0.29,0.19,6.56,0.33,0.03,-0.63
2024-03-25 16:59:09.2200,0.07,0.62,6.15,0.65,0.15,-0.74
2024-03-25 16:59:09.2300,-0.11,0.95,5.7,0.92,0.18,-0.87
2024-03-25 16:59:09.2400,-0.13,1.65,5.0,1.02,0.14,-0.94
2024-03-25 16:59:09.2500,-0.88,2.29,3.77,0.86,0.09,-0.83
2024-03-25 16:59:09.2600,-2.15,2.52,2.26,0.55,0.04,-0.44
2024-03-25 16:59:09.2700,-3.44,2.49,1.79,0.34,0.02,0.11
2024-03-25 16:59:09.2800,-3.8,1.74,2.54,0.25,-0.03,0.53
2024-03-25 16:59:09.2900,-2.53,0.08,2.86,0.23,-0.15,0.69
2024-03-25 16:59:09.3000,-1.01,-1.63,2.62,0.19,-0.3,0.63
2024-03-25 16:59:09.3100,0.12,-2.73,1.91,0.09,-0.44,0.44
2024-03-25 16:59:09.3200,0.86,-3.47,1.19,0.01,-0.48,0.27
2024-03-25 16:59:09.3300,0.87,-3.68,1.13,-0.0,-0.39,0.19
2024-03-25 16:59:09.3400,0.43,-3.75,1.22,0.02,-0.25,0.18
2024-03-25 16:59:09.3500,-0.06,-3.77,1.1,0.05,-0.11,0.2
2024-03-25 16:59:09.3600,-0.37,-3.77,0.75,0.09,-0.11,0.2
2024-03-25 16:59:09.3700,-0.58,-3.65,0.29,0.13,-0.21,0.15
2024-03-25 16:59:09.3800,-0.59,-3.36,-0.42,0.17,-0.33,0.09
2024-03-25 16:59:09.3900,-0.55,-2.95,-1.26,0.21,-0.46,0.04
2024-03-25 16:59:09.4000,-0.52,-2.49,-2.11,0.26,-0.55,-0.0
2024-03-25 16:59:09.4100,-0.44,-1.91,-3.0,0.27,-0.57,-0.0
2024-03-25 16:59:09.4200,-0.48,-1.42,-4.01,0.23,-0.51,0.02
2024-03-25 16:59:09.4300,-0.51,-1.01,-4.93,0.18,-0.39,0.08
2024-03-25 16:59:09.4400,-0.51,-0.6,-5.56,0.11,-0.25,0.16
2024-03-25 16:59:09.4500,-0.54,-0.3,-6.02,0.01,-0.09,0.26
2024-03-25 16:59:09.4600,-0.65,-0.04,-6.39,-0.13,0.02,0.37
2024-03-25 16:59:09.4700,-0.73,0.21,-6.6,-0.34,0.06,0.47
2024-03-25 16:59:09.4800,-0.62,0.39,-6.77,-0.58,0.09,0.56
2024-03-25 16:59:09.4900,-0.56,0.44,-6.52,-0.78,0.15,0.66
2024-03-25 16:59:09.5000,-0.53,0.42,-5.62,-0.89,0.24,0.73
2024-03-25 16:59:09.5100,-0.35,0.39,-4.42,-0.96,0.34,0.78
2024-03-25 16:59:09.5200,-0.11,0.38,-3.39,-0.99,0.43,0.78
2024-03-25 16:59:09.5300,0.18,0.24,-2.19,-0.94,0.48,0.73
2024-03-25 16:59:09.5400,0.56,0.07,-0.67,-0.77,0.47,0.59
2024-03-25 16:59:09.5500,1.09,0.0,0.69,-0.59,0.37,0.39
2024-03-25 16:59:09.5600,1.45,0.12,1.42,-0.43,0.22,0.19
2024-03-25 16:59:09.5700,1.43,0.36,1.69,-0.28,0.07,0.04
2024-03-25 16:59:09.5800,1.23,0.74,1.94,-0.13,-0.03,-0.07
2024-03-25 16:59:09.5900,1.04,1.07,2.03,0.02,-0.06,-0.14
2024-03-25 16:59:09.6000,0.89,1.39,1.94,0.15,-0.03,-0.17
2024-03-25 16:59:09.6100,0.8,1.67,1.6,0.23,-0.01,-0.2
2024-03-25 16:59:09.6200,0.81,1.82,1.17,0.25,-0.02,-0.22
2024-03-25 16:59:09.6300,0.69,1.9,0.87,0.23,-0.07,-0.23
2024-03-25 16:59:09.6400,0.64,1.97,0.83,0.19,-0.12,-0.23
2024-03-25 16:59:09.6490,0.66,1.93,0.84,0.13,-0.15,-0.24
2024-03-25 16:59:09.6600,0.75,1.8,1.06,0.09,-0.12,-0.28
2024-03-25 16:59:09.6700,0.92,1.45,1.71,0.12,-0.06,-0.37
2024-03-25 16:59:09.6800,1.16,1.08,2.63,0.21,0.02,-0.49
2024-03-25 16:59:09.6900,1.25,0.79,3.49,0.33,0.05,-0.64
2024-03-25 16:59:09.7000,1.21,0.61,4.01,0.45,-0.0,-0.79
2024-03-25 16:59:09.7100,1.11,0.63,4.08,0.53,-0.14,-0.93
2024-03-25 16:59:09.7200,0.94,0.8,3.76,0.57,-0.29,-1.03
2024-03-25 16:59:09.7300,0.82,1.04,3.44,0.6,-0.43,-1.12
2024-03-25 16:59:09.7400,0.9,1.45,3.03,0.58,-0.47,-1.15
2024-03-25 16:59:09.7500,0.97,1.94,2.49,0.51,-0.39,-1.11
2024-03-25 16:59:09.7600,0.88,2.13,2.11,0.46,-0.25,-1.01
2024-03-25 16:59:09.7700,0.86,1.94,2.3,0.46,-0.11,-0.87
2024-03-25 16:59:09.7800,0.84,1.45,2.71,0.5,-0.06,-0.73
2024-03-25 16:59:09.7900,0.77,0.51,2.93,0.54,-0.09,-0.62
2024-03-25 16:59:09.8000,0.98,-0.61,2.78,0.53,-0.2,-0.61
2024-03-25 16:59:09.8100,1.55,-1.49,2.22,0.5,-0.37,-0.69
2024-03-25 16:59:09.8190,2.03,-2.05,1.53,0.45,-0.49,-0.78
2024-03-25 16:59:09.8300,2.31,-2.19,0.86,0.38,-0.49,-0.84
2024-03-25 16:59:09.8400,2.32,-1.92,0.14,0.29,-0.36,-0.8
2024-03-25 16:59:09.8490,2.06,-1.63,-0.33,0.17,-0.16,-0.7
2024-03-25 16:59:09.8600,1.62,-1.46,-0.76,-0.0,0.08,-0.54
2024-03-25 16:59:09.8690,1.07,-1.53,-0.98,-0.18,0.27,-0.34
2024-03-25 16:59:09.8790,0.53,-1.82,-0.6,-0.28,0.3,-0.15
2024-03-25 16:59:09.8890,0.19,-2.21,0.12,-0.33,0.21,-0.04
2024-03-25 16:59:09.9000,0.3,-2.75,0.49,-0.35,0.03,-0.04
2024-03-25 16:59:09.9100,0.67,-3.27,0.51,-0.34,-0.18,-0.11
2024-03-25 16:59:09.9190,0.98,-3.63,0.3,-0.31,-0.33,-0.23
2024-03-25 16:59:09.9290,1.07,-3.74,-0.13,-0.28,-0.39,-0.33
2024-03-25 16:59:09.9400,1.02,-3.65,-0.63,-0.24,-0.36,-0.42
2024-03-25 16:59:09.9490,0.85,-3.43,-1.07,-0.17,-0.3,-0.48
2024-03-25 16:59:09.9600,0.63,-3.07,-1.48,-0.09,-0.25,-0.53
2024-03-25 16:59:09.9700,0.45,-2.64,-1.93,-0.02,-0.21,-0.58
2024-03-25 16:59:09.9790,0.34,-2.15,-2.57,0.01,-0.21,-0.65
2024-03-25 16:59:09.9890,0.34,-1.65,-3.36,-0.01,-0.24,-0.72
2024-03-25 16:59:09.9990,0.31,-1.2,-4.08,-0.07,-0.27,-0.76
2024-03-25 16:59:10.0090,0.11,-0.8,-4.64,-0.15,-0.25,-0.76
2024-03-25 16:59:10.0190,-0.2,-0.46,-4.89,-0.22,-0.13,-0.7
2024-03-25 16:59:10.0300,-0.61,-0.11,-4.74,-0.25,0.03,-0.59
2024-03-25 16:59:10.0390,-0.92,0.31,-4.39,-0.28,0.18,-0.5
2024-03-25 16:59:10.0500,-0.87,0.59,-4.16,-0.35,0.28,-0.45
2024-03-25 16:59:10.0590,-0.67,0.86,-4.19,-0.47,0.36,-0.43
2024-03-25 16:59:10.0690,-0.51,1.01,-4.11,-0.58,0.41,-0.42
2024-03-25 16:59:10.0790,-0.42,1.08,-3.6,-0.67,0.48,-0.43
2024-03-25 16:59:10.0890,-0.38,1.06,-2.99,-0.72,0.55,-0.44
2024-03-25 16:59:10.0990,-0.38,1.03,-2.2,-0.68,0.61,-0.43
2024-03-25 16:59:10.1090,-0.66,1.05,-1.17,-0.56,0.61,-0.37
2024-03-25 16:59:10.1190,-1.0,1.15,-0.26,-0.4,0.49,-0.29
2024-03-25 16:59:10.1290,-1.29,1.23,0.56,-0.28,0.3,-0.19
2024-03-25 16:59:10.1390,-1.37,1.55,1.02,-0.29,0.17,-0.11
2024-03-25 16:59:10.1490,-1.04,1.6,0.77,-0.39,0.12,-0.07
2024-03-25 16:59:10.1590,-0.55,1.6,0.8,-0.47,0.15,-0.04
2024-03-25 16:59:10.1690,-0.3,1.6,1.47,-0.47,0.26,-0.02
2024-03-25 16:59:10.1790,-0.08,1.44,2.46,-0.38,0.38,-0.04
2024-03-25 16:59:10.1890,0.14,1.36,3.39,-0.24,0.53,-0.03
2024-03-25 16:59:10.1990,0.2,1.29,4.04,-0.06,0.61,-0.03
2024-03-25 16:59:10.2090,0.2,1.21,4.64,0.13,0.62,-0.04
2024-03-25 16:59:10.2190,0.24,1.01,4.88,0.23,0.6,-0.08
2024-03-25 16:59:10.2290,0.19,0.71,4.5,0.27,0.52,-0.12
2024-03-25 16:59:10.2390,0.04,0.5,4.12,0.27,0.4,-0.13
2024-03-25 16:59:10.2490,-0.27,0.41,3.92,0.27,0.27,-0.09
2024-03-25 16:59:10.2590,-0.65,0.45,3.82,0.27,0.18,-0.03
2024-03-25 16:59:10.2690,-0.86,0.35,3.64,0.26,0.13,0.07
2024-03-25 16:59:10.2790,-1.16,0.05,3.25,0.27,0.08,0.23
2024-03-25 16:59:10.2890,-1.29,-0.37,3.15,0.36,-0.01,0.34
2024-03-25 16:59:10.3000,-0.67,-0.93,3.07,0.44,-0.09,0.38
2024-03-25 16:59:10.3090,-0.07,-1.76,2.33,0.46,-0.14,0.4
2024-03-25 16:59:10.3190,0.23,-2.41,1.34,0.36,-0.13,0.37
2024-03-25 16:59:10.3290,0.53,-3.01,0.33,0.19,-0.08,0.3
2024-03-25 16:59:10.3390,0.59,-3.32,-0.2,0.01,-0.04,0.24
2024-03-25 16:59:10.3490,0.34,-3.44,-0.19,-0.12,-0.02,0.2
2024-03-25 16:59:10.3590,-0.05,-3.27,0.13,-0.2,-0.02,0.2
2024-03-25 16:59:10.3690,-0.52,-2.75,0.37,-0.25,-0.05,0.23
2024-03-25 16:59:10.3790,-0.83,-2.1,0.33,-0.3,-0.1,0.28
2024-03-25 16:59:10.3890,-0.95,-1.55,0.07,-0.35,-0.17,0.31
2024-03-25 16:59:10.3990,-0.96,-1.0,-0.36,-0.39,-0.26,0.35
2024-03-25 16:59:10.4090,-1.09,-0.49,-0.86,-0.36,-0.33,0.4
2024-03-25 16:59:10.4190,-1.21,-0.04,-1.22,-0.32,-0.26,0.5
2024-03-25 16:59:10.4290,-1.41,0.2,-1.84,-0.32,-0.11,0.64
2024-03-25 16:59:10.4390,-1.45,0.3,-2.53,-0.35,0.06,0.77
2024-03-25 16:59:10.4490,-1.31,0.23,-2.96,-0.35,0.22,0.87
2024-03-25 16:59:10.4590,-0.97,-0.03,-2.73,-0.24,0.33,0.88
2024-03-25 16:59:10.4690,-0.4,-0.47,-2.03,-0.03,0.38,0.81
2024-03-25 16:59:10.4790,0.03,-0.94,-1.53,0.18,0.34,0.7
2024-03-25 16:59:10.4890,0.33,-1.24,-1.46,0.36,0.23,0.53
2024-03-25 16:59:10.5000,0.63,-1.29,-1.93,0.44,0.11,0.38
2024-03-25 16:59:10.5090,0.73,-1.18,-2.68,0.43,0.01,0.27
2024-03-25 16:59:10.5190,0.75,-0.88,-3.35,0.34,-0.07,0.21
2024-03-25 16:59:10.5290,0.66,-0.6,-4.03,0.22,-0.09,0.2
2024-03-25 16:59:10.5390,0.57,-0.32,-4.34,0.12,-0.04,0.21
2024-03-25 16:59:10.5490,0.76,0.1,-4.35,0.04,0.08,0.23
2024-03-25 16:59:10.5590,0.97,0.4,-4.25,-0.02,0.25,0.26
2024-03-25 16:59:10.5690,1.03,0.62,-3.91,-0.06,0.41,0.29
2024-03-25 16:59:10.5790,1.1,0.71,-3.44,-0.08,0.53,0.31
2024-03-25 16:59:10.5890,1.13,0.63,-2.74,-0.07,0.53,0.32
2024-03-25 16:59:10.5990,0.96,0.52,-1.67,-0.03,0.43,0.29
2024-03-25 16:59:10.6090,1.11,0.54,-0.78,-0.04,0.25,0.23
2024-03-25 16:59:10.6190,1.23,0.73,-0.44,-0.12,0.03,0.17
2024-03-25 16:59:10.6290,1.26,0.95,-0.28,-0.22,-0.13,0.14
2024-03-25 16:59:10.6390,1.14,1.15,0.23,-0.27,-0.22,0.13
2024-03-25 16:59:10.6490,1.01,1.22,1.17,-0.24,-0.23,0.12
2024-03-25 16:59:10.6590,1.07,1.25,2.34,-0.15,-0.17,0.1
2024-03-25 16:59:10.6690,1.23,1.21,3.18,-0.03,-0.13,0.07
2024-03-25 16:59:10.6790,1.03,1.08,4.01,0.07,-0.18,0.03
2024-03-25 16:59:10.6890,1.02,1.13,4.3,0.11,-0.3,-0.04
2024-03-25 16:59:10.6990,1.04,1.17,4.28,0.07,-0.44,-0.13
2024-03-25 16:59:10.7090,1.15,1.3,3.97,0.02,-0.54,-0.22
2024-03-25 16:59:10.7190,1.34,1.34,3.92,0.02,-0.58,-0.35
2024-03-25 16:59:10.7290,1.63,1.43,4.14,0.09,-0.52,-0.48
2024-03-25 16:59:10.7390,1.78,1.47,4.28,0.19,-0.43,-0.61
2024-03-25 16:59:10.7490,1.76,1.58,4.23,0.28,-0.37,-0.74
2024-03-25 16:59:10.7590,1.64,1.81,4.07,0.37,-0.33,-0.88
2024-03-25 16:59:10.7690,1.6,2.14,3.91,0.49,-0.25,-0.94
2024-03-25 16:59:10.7790,1.17,2.16,3.85,0.69,-0.15,-0.88
2024-03-25 16:59:10.7890,0.57,1.94,3.91,0.86,-0.17,-0.76
2024-03-25 16:59:10.7990,0.31,1.54,3.4,0.93,-0.37,-0.69
2024-03-25 16:59:10.8090,0.66,0.99,2.13,0.9,-0.55,-0.69
2024-03-25 16:59:10.8190,1.24,0.34,0.82,0.81,-0.55,-0.67
2024-03-25 16:59:10.8290,1.45,-0.32,0.02,0.74,-0.4,-0.6
2024-03-25 16:59:10.8390,1.41,-0.84,-0.28,0.66,-0.21,-0.51
2024-03-25 16:59:10.8490,1.32,-1.32,-0.56,0.52,-0.08,-0.43
2024-03-25 16:59:10.8590,1.36,-1.74,-0.86,0.38,-0.02,-0.37
2024-03-25 16:59:10.8690,1.33,-2.0,-0.81,0.25,-0.01,-0.32
2024-03-25 16:59:10.8790,1.14,-2.18,-0.66,0.14,0.02,-0.25
2024-03-25 16:59:10.8890,0.94,-2.34,-0.62,0.01,0.05,-0.18
2024-03-25 16:59:10.8990,0.71,-2.55,-0.77,-0.14,0.04,-0.1
2024-03-25 16:59:10.9090,0.38,-2.76,-0.89,-0.25,-0.03,-0.05
2024-03-25 16:59:10.9190,0.25,-2.91,-0.96,-0.35,-0.15,-0.06
2024-03-25 16:59:10.9290,0.44,-3.02,-1.26,-0.43,-0.27,-0.15
2024-03-25 16:59:10.9390,0.81,-2.91,-1.64,-0.46,-0.35,-0.29
2024-03-25 16:59:10.9490,1.16,-2.56,-1.87,-0.44,-0.32,-0.42
2024-03-25 16:59:10.9590,1.3,-2.14,-2.0,-0.33,-0.2,-0.53
2024-03-25 16:59:10.9690,1.32,-1.75,-1.98,-0.21,-0.04,-0.63
2024-03-25 16:59:10.9790,1.21,-1.37,-2.31,-0.15,0.11,-0.68
2024-03-25 16:59:10.9890,0.71,-0.93,-2.72,-0.12,0.19,-0.66
2024-03-25 16:59:10.9990,0.15,-0.48,-2.92,-0.11,0.17,-0.65
2024-03-25 16:59:11.0090,0.0,-0.11,-3.06,-0.12,0.1,-0.65
2024-03-25 16:59:11.0190,0.06,0.11,-3.21,-0.12,0.03,-0.64
2024-03-25 16:59:11.0290,0.05,0.27,-3.27,-0.1,-0.0,-0.62
2024-03-25 16:59:11.0390,-0.03,0.33,-3.29,-0.09,0.01,-0.56
2024-03-25 16:59:11.0490,-0.15,0.25,-3.35,-0.11,0.05,-0.51
2024-03-25 16:59:11.0590,-0.18,0.16,-3.28,-0.11,0.11,-0.44
2024-03-25 16:59:11.0690,-0.29,0.07,-2.99,-0.11,0.13,-0.36
2024-03-25 16:59:11.0790,-0.32,0.08,-2.57,-0.12,0.07,-0.31
2024-03-25 16:59:11.0890,-0.14,0.23,-2.32,-0.15,-0.02,-0.26
2024-03-25 16:59:11.0990,-0.04,0.43,-2.02,-0.21,-0.14,-0.19
2024-03-25 16:59:11.1090,-0.02,0.64,-1.76,-0.29,-0.23,-0.11
2024-03-25 16:59:11.1190,0.07,0.72,-1.52,-0.37,-0.27,-0.03
2024-03-25 16:59:11.1290,0.22,0.7,-1.14,-0.42,-0.25,0.02
2024-03-25 16:59:11.1390,0.54,0.69,-0.63,-0.42,-0.17,0.02
2024-03-25 16:59:11.1490,1.02,0.71,0.0,-0.38,-0.03,-0.06
2024-03-25 16:59:11.1590,1.45,0.75,0.58,-0.35,0.14,-0.14
2024-03-25 16:59:11.1690,1.53,0.74,1.17,-0.32,0.3,-0.23
2024-03-25 16:59:11.1790,1.51,0.77,2.09,-0.27,0.42,-0.32
2024-03-25 16:59:11.1890,1.21,0.97,3.07,-0.21,0.49,-0.37
2024-03-25 16:59:11.1990,0.7,1.21,3.97,-0.13,0.51,-0.41
2024-03-25 16:59:11.2090,0.31,1.35,4.73,-0.01,0.47,-0.44
2024-03-25 16:59:11.2190,-0.03,1.34,5.33,0.17,0.38,-0.47
2024-03-25 16:59:11.2290,-0.26,1.24,5.72,0.38,0.24,-0.54
2024-03-25 16:59:11.2390,-0.22,1.27,5.61,0.54,0.09,-0.62
2024-03-25 16:59:11.2490,-0.09,1.5,4.83,0.55,0.04,-0.63
2024-03-25 16:59:11.2590,-0.62,1.45,3.62,0.38,0.16,-0.44
2024-03-25 16:59:11.2690,-1.8,0.83,3.01,0.32,0.26,-0.16
2024-03-25 16:59:11.2790,-2.37,0.01,3.92,0.57,0.29,0.07
2024-03-25 16:59:11.2890,-2.0,-1.05,5.34,0.83,0.28,0.09
2024-03-25 16:59:11.2990,-1.08,-2.55,4.59,0.94,0.14,-0.04
2024-03-25 16:59:11.3090,-0.81,-3.62,2.82,0.95,0.02,-0.14
2024-03-25 16:59:11.3190,-1.23,-3.95,1.73,0.86,-0.06,-0.17
2024-03-25 16:59:11.3290,-1.86,-3.85,0.72,0.68,-0.08,-0.08
2024-03-25 16:59:11.3390,-2.67,-3.65,-0.1,0.48,-0.1,0.07
2024-03-25 16:59:11.3490,-3.09,-3.29,-0.56,0.21,-0.14,0.26
2024-03-25 16:59:11.3590,-3.23,-3.06,-1.27,-0.1,-0.22,0.45
2024-03-25 16:59:11.3690,-3.07,-2.87,-1.76,-0.39,-0.25,0.59
2024-03-25 16:59:11.3790,-2.53,-2.64,-1.84,-0.6,-0.25,0.68
2024-03-25 16:59:11.3890,-1.99,-2.36,-1.54,-0.68,-0.19,0.74
2024-03-25 16:59:11.3990,-1.57,-2.15,-1.02,-0.68,-0.07,0.77
2024-03-25 16:59:11.4090,-1.16,-1.98,-0.91,-0.63,0.04,0.75
2024-03-25 16:59:11.4190,-0.87,-1.75,-0.92,-0.55,0.11,0.71
2024-03-25 16:59:11.4290,-0.81,-1.44,-1.09,-0.47,0.14,0.66
2024-03-25 16:59:11.4390,-0.91,-1.1,-1.45,-0.38,0.16,0.64
2024-03-25 16:59:11.4490,-1.09,-0.81,-1.83,-0.24,0.17,0.64
2024-03-25 16:59:11.4590,-1.2,-0.48,-1.97,-0.06,0.23,0.67
2024-03-25 16:59:11.4690,-1.22,-0.23,-2.1,0.09,0.23,0.71
2024-03-25 16:59:11.4790,-1.12,-0.03,-2.53,0.19,0.14,0.7
2024-03-25 16:59:11.4890,-0.76,0.21,-3.13,0.18,0.0,0.67
2024-03-25 16:59:11.4990,-0.48,0.37,-3.96,0.13,-0.12,0.65
2024-03-25 16:59:11.5090,-0.22,0.52,-4.51,0.08,-0.17,0.66
2024-03-25 16:59:11.5190,0.07,0.64,-4.58,0.04,-0.12,0.66
2024-03-25 16:59:11.5290,0.4,0.64,-4.61,-0.01,0.02,0.67
2024-03-25 16:59:11.5380,0.64,0.68,-4.44,-0.03,0.17,0.7
2024-03-25 16:59:11.5490,0.77,0.44,-3.9,-0.01,0.31,0.69
2024-03-25 16:59:11.5590,1.03,0.17,-3.04,-0.0,0.37,0.66
2024-03-25 16:59:11.5690,1.08,-0.11,-2.22,-0.0,0.35,0.64
2024-03-25 16:59:11.5790,0.94,-0.22,-1.36,-0.0,0.22,0.6
2024-03-25 16:59:11.5890,0.99,-0.14,-0.63,-0.01,0.07,0.54
2024-03-25 16:59:11.5990,1.13,-0.07,-0.03,-0.01,-0.1,0.46
2024-03-25 16:59:11.6090,1.29,0.17,0.55,-0.01,-0.24,0.35
2024-03-25 16:59:11.6190,1.41,0.47,0.8,-0.01,-0.28,0.24
2024-03-25 16:59:11.6290,1.4,0.77,1.04,0.01,-0.22,0.17
2024-03-25 16:59:11.6380,1.19,1.03,1.44,0.06,-0.11,0.12
2024-03-25 16:59:11.6480,1.01,1.33,1.99,0.1,-0.02,0.09
2024-03-25 16:59:11.6590,0.73,1.53,2.32,0.12,-0.06,0.04
2024-03-25 16:59:11.6690,0.48,1.78,2.71,0.13,-0.19,0.0
2024-03-25 16:59:11.6790,0.28,1.94,3.02,0.12,-0.31,-0.03
2024-03-25 16:59:11.6880,0.3,2.04,3.15,0.1,-0.38,-0.07
2024-03-25 16:59:11.6990,0.44,1.99,3.26,0.13,-0.37,-0.13
2024-03-25 16:59:11.7090,0.57,1.85,3.74,0.26,-0.31,-0.21
2024-03-25 16:59:11.7190,0.74,1.61,4.2,0.41,-0.3,-0.33
2024-03-25 16:59:11.7290,0.86,1.45,4.13,0.53,-0.38,-0.49
2024-03-25 16:59:11.7390,0.95,1.48,3.62,0.62,-0.54,-0.66
2024-03-25 16:59:11.7480,0.94,1.7,2.88,0.66,-0.63,-0.76
2024-03-25 16:59:11.7590,0.54,1.72,2.24,0.66,-0.6,-0.72
2024-03-25 16:59:11.7690,-0.23,1.61,1.86,0.63,-0.47,-0.53
2024-03-25 16:59:11.7790,-0.96,1.11,1.68,0.7,-0.33,-0.31
2024-03-25 16:59:11.7880,-1.17,0.21,2.2,0.88,-0.25,-0.2
2024-03-25 16:59:11.7990,-0.85,-0.91,2.48,1.05,-0.28,-0.19
2024-03-25 16:59:11.8090,-0.41,-1.82,1.94,1.09,-0.41,-0.25
2024-03-25 16:59:11.8190,0.16,-2.22,0.71,0.97,-0.58,-0.27
2024-03-25 16:59:11.8290,0.39,-2.21,-0.44,0.77,-0.71,-0.21
2024-03-25 16:59:11.8380,0.54,-1.98,-1.18,0.5,-0.78,-0.1
2024-03-25 16:59:11.8480,0.71,-1.83,-1.88,0.18,-0.76,0.07
2024-03-25 16:59:11.8590,0.8,-1.73,-2.53,-0.2,-0.57,0.28
2024-03-25 16:59:11.8690,0.89,-1.8,-2.94,-0.55,-0.24,0.51
2024-03-25 16:59:11.8780,0.95,-2.03,-2.78,-0.85,0.13,0.69
2024-03-25 16:59:11.8880,1.24,-2.53,-2.17,-1.06,0.45,0.75
2024-03-25 16:59:11.8990,1.57,-3.18,-1.34,-1.17,0.65,0.63
2024-03-25 16:59:11.9080,2.24,-3.91,-0.3,-1.14,0.72,0.29
2024-03-25 16:59:11.9180,3.02,-4.09,0.97,-0.96,0.7,-0.12
2024-03-25 16:59:11.9280,2.96,-3.6,1.85,-0.71,0.64,-0.46
2024-03-25 16:59:11.9380,2.28,-2.79,1.99,-0.47,0.59,-0.69
2024-03-25 16:59:11.9480,1.43,-1.97,1.42,-0.27,0.54,-0.8
2024-03-25 16:59:11.9580,0.59,-1.14,0.59,-0.12,0.46,-0.8
2024-03-25 16:59:11.9680,-0.21,-0.34,-0.3,-0.03,0.34,-0.7
2024-03-25 16:59:11.9780,-0.67,0.26,-1.23,0.04,0.14,-0.59
2024-03-25 16:59:11.9880,-0.74,0.65,-2.06,0.07,-0.07,-0.5
2024-03-25 16:59:11.9990,-0.55,0.77,-2.97,0.05,-0.23,-0.43
2024-03-25 16:59:12.0080,-0.29,0.7,-3.9,0.02,-0.28,-0.36
2024-03-25 16:59:12.0180,-0.2,0.56,-4.45,0.0,-0.24,-0.26
2024-03-25 16:59:12.0290,-0.21,0.38,-4.58,-0.02,-0.13,-0.17
2024-03-25 16:59:12.0380,-0.07,0.19,-4.66,-0.07,-0.01,-0.09
2024-03-25 16:59:12.0480,0.09,-0.06,-4.59,-0.11,0.05,-0.06
2024-03-25 16:59:12.0580,0.32,-0.2,-4.17,-0.16,0.09,-0.04
2024-03-25 16:59:12.0680,0.37,-0.36,-3.78,-0.18,0.11,-0.03
2024-03-25 16:59:12.0780,0.36,-0.5,-2.98,-0.18,0.1,-0.04
2024-03-25 16:59:12.0880,0.38,-0.46,-2.15,-0.18,0.06,-0.03
2024-03-25 16:59:12.0980,0.41,-0.24,-1.62,-0.22,-0.04,-0.07
2024-03-25 16:59:12.1080,0.62,0.01,-1.28,-0.28,-0.15,-0.12
2024-03-25 16:59:12.1180,0.77,0.25,-1.01,-0.32,-0.22,-0.18
2024-03-25 16:59:12.1280,0.91,0.58,-0.59,-0.31,-0.2,-0.24
2024-03-25 16:59:12.1380,1.03,0.94,-0.07,-0.29,-0.1,-0.29
2024-03-25 16:59:12.1480,1.07,1.34,0.46,-0.24,0.08,-0.29
2024-03-25 16:59:12.1580,0.98,1.57,1.24,-0.16,0.27,-0.27
2024-03-25 16:59:12.1680,0.92,1.67,2.26,-0.09,0.42,-0.25
2024-03-25 16:59:12.1780,0.78,1.72,2.96,-0.07,0.48,-0.24
2024-03-25 16:59:12.1880,0.67,1.85,3.44,-0.11,0.45,-0.25
2024-03-25 16:59:12.1980,0.35,1.73,3.84,-0.18,0.41,-0.24
2024-03-25 16:59:12.2080,0.03,1.65,4.35,-0.21,0.37,-0.21
2024-03-25 16:59:12.2180,-0.25,1.4,4.92,-0.17,0.34,-0.19
2024-03-25 16:59:12.2280,-0.23,1.22,5.5,-0.05,0.29,-0.2
2024-03-25 16:59:12.2380,-0.12,1.04,5.84,0.16,0.26,-0.25
2024-03-25 16:59:12.2480,0.07,1.01,5.96,0.38,0.26,-0.3
2024-03-25 16:59:12.2580,0.03,1.0,5.56,0.6,0.33,-0.33
2024-03-25 16:59:12.2680,-0.31,0.98,4.99,0.77,0.45,-0.3
2024-03-25 16:59:12.2780,-0.75,0.88,4.22,0.88,0.48,-0.28
2024-03-25 16:59:12.2880,-1.21,0.7,3.19,0.87,0.37,-0.22
2024-03-25 16:59:12.2980,-1.88,0.31,2.13,0.8,0.2,-0.07
2024-03-25 16:59:12.3080,-2.51,-0.39,1.47,0.76,0.03,0.08
2024-03-25 16:59:12.3180,-2.46,-1.33,1.13,0.73,-0.1,0.16
2024-03-25 16:59:12.3280,-1.92,-2.41,0.47,0.68,-0.18,0.2
2024-03-25 16:59:12.3380,-1.58,-3.34,-0.32,0.63,-0.24,0.21
2024-03-25 16:59:12.3480,-1.52,-3.83,-0.91,0.49,-0.26,0.19
2024-03-25 16:59:12.3580,-1.29,-3.98,-2.01,0.2,-0.21,0.18
2024-03-25 16:59:12.3680,-1.38,-3.86,-3.11,-0.18,-0.11,0.24
2024-03-25 16:59:12.3780,-1.6,-3.52,-3.69,-0.57,0.06,0.35
2024-03-25 16:59:12.3880,-1.79,-3.35,-3.39,-0.77,0.25,0.45
2024-03-25 16:59:12.3980,-1.71,-3.2,-2.04,-0.82,0.35,0.47
2024-03-25 16:59:12.4080,-1.46,-3.03,-0.93,-0.79,0.32,0.43
2024-03-25 16:59:12.4180,-1.35,-2.73,-0.53,-0.72,0.17,0.36
2024-03-25 16:59:12.4280,-1.22,-2.28,-0.41,-0.63,0.01,0.28
2024-03-25 16:59:12.4380,-1.03,-1.78,-0.69,-0.52,-0.06,0.23
2024-03-25 16:59:12.4480,-0.92,-1.24,-1.24,-0.43,-0.06,0.22
2024-03-25 16:59:12.4580,-0.82,-0.66,-2.12,-0.39,-0.02,0.23
2024-03-25 16:59:12.4680,-0.74,-0.18,-2.96,-0.34,0.06,0.27
2024-03-25 16:59:12.4780,-0.74,0.16,-3.51,-0.31,0.15,0.34
2024-03-25 16:59:12.4880,-0.85,0.4,-3.91,-0.26,0.25,0.44
2024-03-25 16:59:12.4980,-0.93,0.54,-4.06,-0.19,0.34,0.56
2024-03-25 16:59:12.5080,-0.85,0.67,-4.02,-0.14,0.4,0.66
2024-03-25 16:59:12.5180,-0.53,0.64,-4.07,-0.13,0.39,0.72
2024-03-25 16:59:12.5280,-0.31,0.51,-4.14,-0.13,0.33,0.78
2024-03-25 16:59:12.5380,-0.21,0.52,-3.88,-0.22,0.24,0.8
2024-03-25 16:59:12.5480,0.12,0.48,-4.01,-0.37,0.11,0.8
2024-03-25 16:59:12.5580,0.44,0.49,-4.06,-0.56,0.01,0.77
2024-03-25 16:59:12.5680,0.71,0.34,-3.69,-0.67,0.01,0.73
2024-03-25 16:59:12.5780,1.1,0.32,-2.74,-0.69,0.14,0.68
2024-03-25 16:59:12.5880,1.4,0.22,-1.65,-0.63,0.3,0.6
2024-03-25 16:59:12.5980,1.75,0.16,-0.49,-0.51,0.46,0.49
2024-03-25 16:59:12.6080,1.99,0.08,0.72,-0.37,0.5,0.34
2024-03-25 16:59:12.6180,2.13,0.12,1.83,-0.23,0.41,0.19
2024-03-25 16:59:12.6280,2.0,0.18,2.62,-0.11,0.22,0.03
2024-03-25 16:59:12.6380,1.88,0.36,3.25,-0.02,-0.0,-0.13
2024-03-25 16:59:12.6480,1.82,0.61,3.54,0.04,-0.18,-0.25
2024-03-25 16:59:12.6580,1.51,0.95,3.67,0.09,-0.26,-0.29
2024-03-25 16:59:12.6680,1.08,1.31,3.71,0.1,-0.25,-0.29
2024-03-25 16:59:12.6780,0.73,1.56,3.79,0.14,-0.18,-0.28
2024-03-25 16:59:12.6880,0.53,1.73,4.11,0.2,-0.12,-0.29
2024-03-25 16:59:12.6980,0.43,1.73,4.48,0.29,-0.12,-0.33
2024-03-25 16:59:12.7080,0.28,1.64,4.84,0.42,-0.2,-0.39
2024-03-25 16:59:12.7180,-0.04,1.62,5.08,0.56,-0.31,-0.46
2024-03-25 16:59:12.7280,-0.24,1.48,4.97,0.69,-0.43,-0.56
2024-03-25 16:59:12.7380,-0.28,1.4,4.57,0.82,-0.53,-0.67
2024-03-25 16:59:12.7480,-0.34,1.4,3.97,0.95,-0.62,-0.78
2024-03-25 16:59:12.7580,-0.47,1.45,3.36,1.1,-0.72,-0.9
2024-03-25 16:59:12.7680,-0.56,1.74,2.68,1.22,-0.76,-0.95
2024-03-25 16:59:12.7780,-0.66,2.2,1.65,1.24,-0.74,-0.92
2024-03-25 16:59:12.7880,-0.72,2.75,0.45,1.13,-0.64,-0.76
2024-03-25 16:59:12.7980,-0.91,2.82,-0.54,0.91,-0.47,-0.54
2024-03-25 16:59:12.8080,-0.84,2.38,-1.07,0.66,-0.21,-0.27
2024-03-25 16:59:12.8180,-0.83,1.44,-0.9,0.46,0.04,0.03
2024-03-25 16:59:12.8280,-0.9,0.14,0.02,0.38,0.23,0.27
2024-03-25 16:59:12.8380,-0.53,-1.24,1.24,0.32,0.28,0.35
2024-03-25 16:59:12.8480,0.28,-2.41,1.78,0.25,0.22,0.29
2024-03-25 16:59:12.8580,0.92,-3.31,2.17,0.23,0.11,0.17
2024-03-25 16:59:12.8680,1.16,-3.84,2.75,0.27,0.06,0.09
2024-03-25 16:59:12.8780,0.87,-4.14,2.98,0.29,0.1,0.08
2024-03-25 16:59:12.8880,0.45,-4.35,2.68,0.26,0.17,0.11
2024-03-25 16:59:12.8980,-0.03,-4.55,2.08,0.19,0.23,0.17
2024-03-25 16:59:12.9080,-0.48,-4.74,1.46,0.14,0.23,0.22
2024-03-25 16:59:12.9180,-0.73,-4.89,0.81,0.06,0.14,0.2
2024-03-25 16:59:12.9280,-0.61,-5.08,-0.27,-0.0,-0.0,0.1
2024-03-25 16:59:12.9380,-0.12,-5.05,-1.23,-0.05,-0.19,-0.12
2024-03-25 16:59:12.9480,0.56,-4.56,-2.35,-0.11,-0.3,-0.38
2024-03-25 16:59:12.9580,0.96,-3.63,-3.55,-0.16,-0.29,-0.55
2024-03-25 16:59:12.9680,0.79,-2.62,-4.3,-0.18,-0.19,-0.65
2024-03-25 16:59:12.9780,0.49,-1.75,-4.76,-0.19,-0.04,-0.66
2024-03-25 16:59:12.9880,0.16,-0.88,-5.14,-0.22,0.11,-0.59
2024-03-25 16:59:12.9980,-0.15,-0.16,-5.43,-0.26,0.23,-0.48
2024-03-25 16:59:13.0080,-0.32,0.34,-5.49,-0.29,0.28,-0.37
2024-03-25 16:59:13.0180,-0.34,0.65,-5.38,-0.32,0.28,-0.29
2024-03-25 16:59:13.0280,-0.29,0.83,-5.15,-0.33,0.2,-0.19
2024-03-25 16:59:13.0380,-0.45,0.89,-4.76,-0.37,0.1,-0.09
2024-03-25 16:59:13.0480,-0.51,0.92,-4.48,-0.44,0.01,0.03
2024-03-25 16:59:13.0580,-0.62,0.82,-4.11,-0.5,-0.07,0.15
2024-03-25 16:59:13.0680,-0.61,0.74,-3.52,-0.56,-0.15,0.27
2024-03-25 16:59:13.0780,-0.49,0.56,-3.08,-0.6,-0.17,0.38
2024-03-25 16:59:13.0880,-0.22,0.31,-2.48,-0.56,-0.17,0.42
2024-03-25 16:59:13.0980,0.18,-0.06,-1.69,-0.46,-0.15,0.41
2024-03-25 16:59:13.1080,0.51,-0.46,-0.9,-0.31,-0.15,0.36
2024-03-25 16:59:13.1180,0.81,-0.78,-0.24,-0.17,-0.21,0.25
2024-03-25 16:59:13.1280,1.09,-0.81,-0.27,-0.17,-0.33,0.14
2024-03-25 16:59:13.1380,1.09,-0.63,-0.85,-0.25,-0.48,0.07
2024-03-25 16:59:13.1480,0.97,-0.13,-1.19,-0.35,-0.59,0.04
2024-03-25 16:59:13.1580,0.93,0.39,-1.23,-0.44,-0.58,0.03
2024-03-25 16:59:13.1680,1.01,0.93,-1.08,-0.5,-0.4,0.03
2024-03-25 16:59:13.1780,1.15,1.31,-0.59,-0.48,-0.11,0.03
2024-03-25 16:59:13.1880,1.08,1.46,0.58,-0.37,0.25,0.01
2024-03-25 16:59:13.1980,1.06,1.48,2.25,-0.16,0.52,-0.08
2024-03-25 16:59:13.2080,1.18,1.27,4.01,0.0,0.61,-0.27
2024-03-25 16:59:13.2180,1.26,1.21,5.05,0.06,0.44,-0.49
2024-03-25 16:59:13.2280,0.88,1.35,5.17,-0.0,0.11,-0.69
2024-03-25 16:59:13.2380,0.13,1.71,5.41,-0.09,-0.22,-0.71
2024-03-25 16:59:13.2480,-1.1,2.27,5.83,-0.1,-0.33,-0.55
2024-03-25 16:59:13.2580,-1.66,2.73,6.64,0.05,-0.19,-0.37
2024-03-25 16:59:13.2680,-1.31,2.64,7.3,0.29,0.12,-0.27
2024-03-25 16:59:13.2780,-0.63,2.04,7.3,0.55,0.44,-0.29
2024-03-25 16:59:13.2880,-0.08,1.47,6.78,0.77,0.63,-0.37
2024-03-25 16:59:13.2980,-0.28,1.18,5.94,0.86,0.69,-0.41
2024-03-25 16:59:13.3080,-1.2,1.26,4.83,0.88,0.67,-0.33
2024-03-25 16:59:13.3180,-2.2,1.11,3.99,0.87,0.61,-0.16
2024-03-25 16:59:13.3280,-2.61,0.87,3.37,0.81,0.48,0.06
2024-03-25 16:59:13.3380,-2.71,0.16,2.57,0.69,0.33,0.31
2024-03-25 16:59:13.3480,-2.47,-1.06,1.64,0.55,0.2,0.44
2024-03-25 16:59:13.3580,-1.66,-2.52,0.84,0.46,0.03,0.47
2024-03-25 16:59:13.3680,-1.04,-3.51,0.48,0.41,-0.1,0.42
2024-03-25 16:59:13.3780,-0.56,-3.89,-0.12,0.32,-0.14,0.36
2024-03-25 16:59:13.3880,-0.33,-3.78,-1.15,0.15,-0.07,0.36
2024-03-25 16:59:13.3980,-0.58,-3.27,-2.21,-0.11,0.04,0.44
2024-03-25 16:59:13.4080,-0.99,-2.68,-2.98,-0.38,0.1,0.55
2024-03-25 16:59:13.4180,-1.27,-2.1,-2.93,-0.55,0.15,0.67
2024-03-25 16:59:13.4280,-1.34,-1.78,-2.23,-0.6,0.21,0.76
2024-03-25 16:59:13.4380,-1.17,-1.62,-1.71,-0.56,0.23,0.83
2024-03-25 16:59:13.4480,-0.93,-1.56,-1.51,-0.48,0.18,0.85
2024-03-25 16:59:13.4580,-0.54,-1.49,-1.37,-0.34,0.07,0.8
2024-03-25 16:59:13.4680,-0.08,-1.5,-1.25,-0.18,-0.03,0.7
2024-03-25 16:59:13.4780,0.34,-1.44,-1.55,-0.08,-0.1,0.61
2024-03-25 16:59:13.4870,0.53,-1.23,-2.34,-0.04,-0.1,0.55
2024-03-25 16:59:13.4970,0.5,-1.01,-3.11,-0.04,-0.07,0.55
2024-03-25 16:59:13.5070,0.33,-0.88,-3.71,-0.07,0.0,0.59
2024-03-25 16:59:13.5170,0.14,-0.83,-4.07,-0.09,0.1,0.64
2024-03-25 16:59:13.5280,0.18,-0.85,-4.18,-0.11,0.15,0.65
2024-03-25 16:59:13.5380,0.35,-0.94,-4.24,-0.15,0.2,0.65
2024-03-25 16:59:13.5480,0.56,-1.1,-4.19,-0.13,0.19,0.57
2024-03-25 16:59:13.5580,0.95,-1.28,-3.54,-0.06,0.19,0.43
2024-03-25 16:59:13.5680,1.26,-1.3,-3.14,-0.06,0.16,0.31
2024-03-25 16:59:13.5780,1.23,-1.07,-3.17,-0.12,0.13,0.23
2024-03-25 16:59:13.5880,0.94,-0.64,-3.12,-0.22,0.09,0.23
2024-03-25 16:59:13.5980,0.57,-0.12,-2.86,-0.29,0.09,0.26
2024-03-25 16:59:13.6080,0.51,0.33,-2.44,-0.32,0.13,0.28
2024-03-25 16:59:13.6180,0.8,0.53,-2.0,-0.28,0.22,0.24
2024-03-25 16:59:13.6280,1.18,0.55,-1.35,-0.19,0.32,0.16
2024-03-25 16:59:13.6380,1.47,0.55,-0.81,-0.07,0.38,0.06
2024-03-25 16:59:13.6470,1.38,0.67,-0.34,-0.02,0.37,-0.03
2024-03-25 16:59:13.6580,1.12,0.83,-0.13,0.0,0.32,-0.07
2024-03-25 16:59:13.6680,0.65,1.17,0.22,-0.0,0.29,-0.04
2024-03-25 16:59:13.6770,0.21,1.54,0.55,-0.01,0.27,0.0
2024-03-25 16:59:13.6880,-0.05,1.81,0.91,-0.01,0.26,0.07
2024-03-25 16:59:13.6980,-0.18,1.87,1.26,-0.01,0.26,0.08
2024-03-25 16:59:13.7080,-0.13,1.78,1.59,-0.0,0.23,0.05
2024-03-25 16:59:13.7170,-0.09,1.57,2.0,0.03,0.13,-0.03
2024-03-25 16:59:13.7270,0.0,1.44,2.65,0.07,0.03,-0.16
2024-03-25 16:59:13.7370,0.1,1.46,3.07,0.08,-0.11,-0.28
2024-03-25 16:59:13.7470,-0.12,1.58,3.18,0.07,-0.15,-0.33
2024-03-25 16:59:13.7580,-0.48,1.74,3.66,0.11,-0.16,-0.35
2024-03-25 16:59:13.7680,-0.68,1.84,4.25,0.2,-0.17,-0.37
2024-03-25 16:59:13.7770,-0.72,1.81,4.67,0.33,-0.23,-0.44
2024-03-25 16:59:13.7870,-0.51,1.78,4.74,0.48,-0.28,-0.51
2024-03-25 16:59:13.7970,-0.35,1.77,4.42,0.59,-0.35,-0.59
2024-03-25 16:59:13.8070,-0.34,1.91,3.69,0.64,-0.43,-0.61
2024-03-25 16:59:13.8180,-0.37,2.05,3.02,0.71,-0.47,-0.6
2024-03-25 16:59:13.8270,-0.17,2.1,2.57,0.74,-0.47,-0.56
2024-03-25 16:59:13.8380,0.1,1.92,1.92,0.71,-0.41,-0.48
2024-03-25 16:59:13.8480,0.24,1.51,1.26,0.63,-0.31,-0.35
2024-03-25 16:59:13.8580,0.25,0.76,0.85,0.52,-0.18,-0.2
2024-03-25 16:59:13.8670,0.22,-0.22,0.74,0.44,-0.1,-0.09
2024-03-25 16:59:13.8770,0.38,-1.27,0.85,0.42,-0.12,-0.08
2024-03-25 16:59:13.8870,0.67,-2.07,1.05,0.41,-0.2,-0.12
2024-03-25 16:59:13.8970,0.93,-2.57,0.85,0.39,-0.27,-0.18
2024-03-25 16:59:13.9070,0.96,-2.7,0.51,0.37,-0.32,-0.2
2024-03-25 16:59:13.9170,0.81,-2.6,0.15,0.32,-0.3,-0.19
2024-03-25 16:59:13.9270,0.6,-2.34,-0.42,0.2,-0.23,-0.11
2024-03-25 16:59:13.9370,0.21,-2.09,-1.05,-0.0,-0.13,0.03
2024-03-25 16:59:13.9470,-0.16,-1.91,-1.45,-0.24,-0.08,0.18
2024-03-25 16:59:13.9580,-0.31,-1.93,-1.47,-0.47,-0.11,0.28
2024-03-25 16:59:13.9670,-0.16,-2.16,-1.23,-0.65,-0.18,0.31
2024-03-25 16:59:13.9770,0.18,-2.34,-1.0,-0.82,-0.27,0.27
2024-03-25 16:59:13.9870,0.66,-2.51,-1.04,-0.87,-0.34,0.14
2024-03-25 16:59:13.9970,1.18,-2.48,-0.68,-0.82,-0.33,-0.01
2024-03-25 16:59:14.0070,1.41,-2.35,-0.31,-0.63,-0.22,-0.17
2024-03-25 16:59:14.0170,1.5,-2.24,0.05,-0.36,-0.09,-0.34
2024-03-25 16:59:14.0270,1.47,-2.02,-0.07,-0.15,0.03,-0.49
2024-03-25 16:59:14.0380,1.2,-1.68,-0.81,-0.02,0.07,-0.61
2024-03-25 16:59:14.0470,0.7,-1.17,-1.74,0.02,0.05,-0.64
2024-03-25 16:59:14.0570,0.04,-0.69,-2.5,0.04,0.01,-0.62
2024-03-25 16:59:14.0670,-0.45,-0.28,-2.9,0.05,-0.03,-0.56
2024-03-25 16:59:14.0770,-0.77,-0.01,-3.19,0.05,-0.08,-0.47
2024-03-25 16:59:14.0870,-0.96,0.18,-3.41,0.04,-0.12,-0.36
2024-03-25 16:59:14.0970,-1.08,0.32,-3.56,0.02,-0.16,-0.25
2024-03-25 16:59:14.1070,-1.07,0.36,-3.58,-0.0,-0.18,-0.15
2024-03-25 16:59:14.1170,-0.96,0.35,-3.41,-0.0,-0.19,-0.07
2024-03-25 16:59:14.1270,-0.76,0.37,-3.02,0.01,-0.24,-0.02
2024-03-25 16:59:14.1370,-0.61,0.39,-2.7,0.03,-0.29,0.03
2024-03-25 16:59:14.1470,-0.37,0.57,-2.5,-0.0,-0.36,0.07
2024-03-25 16:59:14.1580,-0.25,0.8,-2.65,-0.1,-0.41,0.16
2024-03-25 16:59:14.1670,-0.25,1.05,-2.87,-0.24,-0.44,0.27
2024-03-25 16:59:14.1770,-0.23,1.23,-2.74,-0.36,-0.46,0.4
2024-03-25 16:59:14.1870,-0.07,1.26,-2.27,-0.44,-0.44,0.47
2024-03-25 16:59:14.1970,0.56,1.04,-1.65,-0.49,-0.36,0.43
2024-03-25 16:59:14.2070,1.42,0.62,-1.0,-0.47,-0.23,0.3
2024-03-25 16:59:14.2180,2.08,0.28,-0.06,-0.43,-0.06,0.14
2024-03-25 16:59:14.2270,2.35,0.12,0.73,-0.38,0.15,-0.04
2024-03-25 16:59:14.2370,2.31,0.13,1.27,-0.37,0.38,-0.17
2024-03-25 16:59:14.2470,1.66,0.18,1.86,-0.37,0.56,-0.24
2024-03-25 16:59:14.2570,0.96,0.43,2.43,-0.39,0.66,-0.3
2024-03-25 16:59:14.2670,0.57,0.65,2.94,-0.37,0.64,-0.36
2024-03-25 16:59:14.2770,0.28,0.86,3.64,-0.28,0.54,-0.41
2024-03-25 16:59:14.2870,-0.07,0.98,4.45,-0.11,0.5,-0.46
2024-03-25 16:59:14.2970,-0.26,0.87,4.99,0.1,0.53,-0.52
2024-03-25 16:59:14.3070,-0.41,0.77,5.16,0.3,0.61,-0.57
2024-03-25 16:59:14.3170,-0.53,1.0,4.76,0.38,0.68,-0.58
2024-03-25 16:59:14.3270,-1.08,1.4,3.87,0.3,0.73,-0.47
2024-03-25 16:59:14.3370,-2.05,1.7,2.87,0.06,0.74,-0.21
2024-03-25 16:59:14.3470,-3.03,1.62,2.37,-0.14,0.69,0.16
2024-03-25 16:59:14.3570,-3.41,0.94,3.13,-0.09,0.5,0.43
2024-03-25 16:59:14.3670,-2.78,-0.32,4.56,0.11,0.26,0.52
2024-03-25 16:59:14.3770,-1.61,-1.87,5.0,0.32,0.04,0.46
2024-03-25 16:59:14.3870,-0.53,-2.93,4.29,0.36,-0.09,0.33
2024-03-25 16:59:14.3970,0.05,-3.48,2.78,0.25,-0.11,0.25
2024-03-25 16:59:14.4070,0.01,-3.62,1.58,0.12,-0.08,0.21
2024-03-25 16:59:14.4180,-0.31,-3.56,1.18,0.02,-0.05,0.23
2024-03-25 16:59:14.4270,-0.64,-3.43,1.06,-0.05,-0.04,0.24
2024-03-25 16:59:14.4370,-0.74,-3.06,0.82,-0.14,-0.09,0.23
2024-03-25 16:59:14.4470,-0.7,-2.55,0.4,-0.21,-0.14,0.21
2024-03-25 16:59:14.4570,-0.7,-2.06,0.09,-0.23,-0.19,0.18
2024-03-25 16:59:14.4670,-0.74,-1.7,-0.13,-0.21,-0.25,0.16
2024-03-25 16:59:14.4770,-0.7,-1.36,-0.52,-0.17,-0.29,0.15
2024-03-25 16:59:14.4870,-0.6,-0.94,-1.13,-0.13,-0.29,0.13
2024-03-25 16:59:14.4970,-0.45,-0.69,-1.86,-0.07,-0.26,0.11
2024-03-25 16:59:14.5070,-0.24,-0.44,-2.45,-0.01,-0.2,0.09
2024-03-25 16:59:14.5170,-0.24,-0.31,-3.0,0.06,-0.11,0.11
2024-03-25 16:59:14.5270,-0.47,-0.23,-3.5,0.11,-0.02,0.16
2024-03-25 16:59:14.5370,-0.8,-0.2,-3.97,0.13,0.04,0.24
2024-03-25 16:59:14.5470,-1.06,-0.23,-4.43,0.12,0.07,0.34
2024-03-25 16:59:14.5570,-1.17,-0.31,-4.77,0.1,-0.01,0.39
2024-03-25 16:59:14.5670,-1.04,-0.37,-4.96,0.05,-0.12,0.41
2024-03-25 16:59:14.5770,-0.82,-0.42,-5.25,-0.04,-0.23,0.41
2024-03-25 16:59:14.5870,-0.65,-0.42,-5.44,-0.12,-0.27,0.41
2024-03-25 16:59:14.5970,-0.51,-0.37,-5.38,-0.19,-0.22,0.44
2024-03-25 16:59:14.6070,-0.53,-0.25,-5.07,-0.25,-0.11,0.51
2024-03-25 16:59:14.6170,-0.64,-0.11,-4.59,-0.3,-0.01,0.6
2024-03-25 16:59:14.6270,-0.67,0.05,-3.98,-0.37,0.01,0.68
2024-03-25 16:59:14.6370,-0.71,0.19,-3.46,-0.47,-0.03,0.73
2024-03-25 16:59:14.6470,-0.52,0.24,-2.95,-0.53,-0.11,0.71
2024-03-25 16:59:14.6570,-0.09,0.26,-2.12,-0.52,-0.15,0.64
2024-03-25 16:59:14.6670,0.36,0.26,-1.08,-0.46,-0.15,0.52
2024-03-25 16:59:14.6770,0.79,0.37,-0.26,-0.42,-0.13,0.37
2024-03-25 16:59:14.6870,1.0,0.49,0.19,-0.41,-0.11,0.24
2024-03-25 16:59:14.6970,0.89,0.74,0.58,-0.42,-0.05,0.16
2024-03-25 16:59:14.7070,0.49,0.98,1.15,-0.44,0.08,0.14
2024-03-25 16:59:14.7170,0.13,1.23,1.61,-0.47,0.23,0.16
2024-03-25 16:59:14.7270,-0.18,1.34,2.24,-0.48,0.3,0.2
2024-03-25 16:59:14.7370,-0.45,1.38,3.29,-0.45,0.25,0.22
2024-03-25 16:59:14.7480,-0.43,1.31,4.42,-0.41,0.05,0.15
2024-03-25 16:59:14.7570,-0.15,1.15,5.16,-0.37,-0.17,-0.01
2024-03-25 16:59:14.7670,0.22,0.99,5.5,-0.34,-0.25,-0.23
2024-03-25 16:59:14.7770,0.59,0.86,5.26,-0.33,-0.2,-0.4
2024-03-25 16:59:14.7870,0.37,0.93,4.96,-0.35,-0.11,-0.48
2024-03-25 16:59:14.7970,-0.13,1.44,4.59,-0.44,-0.02,-0.45
2024-03-25 16:59:14.8070,-0.52,1.89,3.93,-0.61,0.05,-0.34
2024-03-25 16:59:14.8170,-0.74,1.86,3.49,-0.74,0.09,-0.19
2024-03-25 16:59:14.8270,-0.64,1.35,4.02,-0.64,0.09,-0.05
2024-03-25 16:59:14.8370,-0.39,0.54,5.33,-0.33,-0.02,0.05
2024-03-25 16:59:14.8470,0.02,-0.42,6.3,0.04,-0.21,0.01
2024-03-25 16:59:14.8570,1.01,-1.05,5.78,0.27,-0.4,-0.15
2024-03-25 16:59:14.8670,1.86,-1.41,3.99,0.34,-0.49,-0.3
2024-03-25 16:59:14.8770,2.08,-1.62,2.12,0.36,-0.48,-0.38
2024-03-25 16:59:14.8870,1.92,-1.76,0.89,0.39,-0.38,-0.41
2024-03-25 16:59:14.8970,1.8,-1.97,0.17,0.48,-0.21,-0.43
2024-03-25 16:59:14.9070,1.83,-2.03,-0.41,0.52,0.03,-0.46
2024-03-25 16:59:14.9170,1.89,-2.02,-1.35,0.48,0.19,-0.51
2024-03-25 16:59:14.9270,1.61,-1.79,-2.43,0.35,0.32,-0.51
2024-03-25 16:59:14.9370,1.0,-1.47,-3.19,0.14,0.4,-0.44
2024-03-25 16:59:14.9470,0.33,-1.28,-3.65,-0.09,0.46,-0.33
2024-03-25 16:59:14.9570,-0.38,-1.24,-3.32,-0.21,0.48,-0.2
2024-03-25 16:59:14.9670,-0.77,-1.26,-2.36,-0.25,0.45,-0.12
2024-03-25 16:59:14.9770,-0.63,-1.21,-1.64,-0.19,0.37,-0.1
2024-03-25 16:59:14.9870,-0.22,-1.05,-0.9,-0.06,0.29,-0.15
2024-03-25 16:59:14.9970,0.27,-0.74,-0.55,0.05,0.21,-0.22
2024-03-25 16:59:15.0070,0.46,-0.43,-0.91,0.11,0.13,-0.25
2024-03-25 16:59:15.0170,0.33,-0.07,-1.43,0.14,0.06,-0.25
2024-03-25 16:59:15.0270,0.21,0.21,-1.83,0.17,-0.02,-0.22
2024-03-25 16:59:15.0370,0.15,0.47,-2.13,0.18,-0.12,-0.15
2024-03-25 16:59:15.0470,0.12,0.61,-2.49,0.2,-0.2,-0.09
2024-03-25 16:59:15.0570,0.32,0.67,-2.84,0.22,-0.27,-0.04
2024-03-25 16:59:15.0670,0.55,0.63,-3.2,0.23,-0.3,0.0
2024-03-25 16:59:15.0770,0.71,0.5,-3.57,0.22,-0.3,0.04
2024-03-25 16:59:15.0870,0.83,0.3,-3.72,0.2,-0.26,0.07
2024-03-25 16:59:15.0970,1.0,0.04,-3.84,0.15,-0.2,0.07
2024-03-25 16:59:15.1070,1.2,-0.19,-3.83,0.07,-0.13,0.06
2024-03-25 16:59:15.1170,1.32,-0.3,-3.71,-0.02,-0.05,0.04
2024-03-25 16:59:15.1270,1.38,-0.33,-3.44,-0.1,0.03,0.01
2024-03-25 16:59:15.1370,1.49,-0.37,-2.91,-0.13,0.09,-0.03
2024-03-25 16:59:15.1470,1.51,-0.53,-2.06,-0.07,0.12,-0.09
2024-03-25 16:59:15.1570,1.41,-0.62,-1.01,0.06,0.11,-0.16
2024-03-25 16:59:15.1670,1.34,-0.66,-0.43,0.15,0.04,-0.27
2024-03-25 16:59:15.1770,1.33,-0.58,-0.51,0.14,-0.03,-0.38
2024-03-25 16:59:15.1870,1.28,-0.35,-0.95,0.05,-0.06,-0.48
2024-03-25 16:59:15.1970,1.17,0.02,-1.26,-0.12,0.02,-0.55
2024-03-25 16:59:15.2070,0.94,0.32,-1.25,-0.27,0.22,-0.55
2024-03-25 16:59:15.2170,0.58,0.58,-0.39,-0.31,0.51,-0.51
2024-03-25 16:59:15.2270,0.1,0.79,1.15,-0.27,0.77,-0.47
2024-03-25 16:59:15.2370,-0.26,0.95,2.67,-0.16,0.89,-0.45
2024-03-25 16:59:15.2470,-0.52,1.04,4.0,-0.0,0.83,-0.5
2024-03-25 16:59:15.2570,-0.57,1.22,5.09,0.16,0.67,-0.56
2024-03-25 16:59:15.2670,-0.69,1.5,5.65,0.28,0.44,-0.61
2024-03-25 16:59:15.2770,-0.95,1.79,5.59,0.32,0.25,-0.59
2024-03-25 16:59:15.2870,-1.32,2.02,5.31,0.39,0.17,-0.5
2024-03-25 16:59:15.2970,-1.68,2.27,5.32,0.56,0.18,-0.36
2024-03-25 16:59:15.3070,-1.81,2.25,5.59,0.78,0.25,-0.23
2024-03-25 16:59:15.3170,-1.73,2.02,5.36,0.96,0.25,-0.17
2024-03-25 16:59:15.3270,-1.4,1.87,4.6,1.03,0.16,-0.16
2024-03-25 16:59:15.3370,-1.38,1.67,3.54,0.95,0.03,-0.11
2024-03-25 16:59:15.3470,-1.8,1.39,2.45,0.77,-0.05,0.06
2024-03-25 16:59:15.3570,-2.5,0.69,1.83,0.61,-0.07,0.35
2024-03-25 16:59:15.3670,-2.81,-0.51,2.03,0.61,-0.12,0.56
2024-03-25 16:59:15.3770,-1.93,-2.02,2.54,0.73,-0.26,0.63
2024-03-25 16:59:15.3870,-0.89,-3.48,2.49,0.81,-0.39,0.54
2024-03-25 16:59:15.3970,0.1,-4.45,1.31,0.73,-0.43,0.38
2024-03-25 16:59:15.4070,0.64,-4.91,-0.17,0.56,-0.36,0.25
2024-03-25 16:59:15.4170,0.62,-4.8,-1.1,0.35,-0.2,0.2
2024-03-25 16:59:15.4270,0.08,-4.64,-1.49,0.16,0.04,0.25
2024-03-25 16:59:15.4370,-0.67,-4.56,-1.64,-0.08,0.26,0.34
2024-03-25 16:59:15.4470,-1.42,-4.73,-1.79,-0.29,0.37,0.45
2024-03-25 16:59:15.4570,-2.04,-4.75,-1.28,-0.38,0.37,0.48
2024-03-25 16:59:15.4670,-2.2,-4.3,-0.62,-0.37,0.21,0.47
2024-03-25 16:59:15.4770,-2.31,-3.59,-0.64,-0.36,-0.04,0.46
2024-03-25 16:59:15.4870,-2.43,-2.78,-1.36,-0.34,-0.28,0.48
2024-03-25 16:59:15.4970,-2.52,-1.83,-2.23,-0.38,-0.45,0.55
2024-03-25 16:59:15.5070,-2.45,-1.04,-3.41,-0.46,-0.52,0.62
2024-03-25 16:59:15.5170,-2.15,-0.34,-4.26,-0.5,-0.46,0.69
2024-03-25 16:59:15.5270,-1.77,0.26,-4.65,-0.53,-0.3,0.77
2024-03-25 16:59:15.5370,-1.48,0.71,-4.91,-0.52,-0.11,0.86
2024-03-25 16:59:15.5470,-1.28,0.95,-4.91,-0.47,0.06,0.94
2024-03-25 16:59:15.5570,-1.07,0.96,-4.58,-0.37,0.17,0.98
2024-03-25 16:59:15.5670,-0.67,0.9,-4.2,-0.31,0.21,0.99
2024-03-25 16:59:15.5770,-0.23,0.73,-4.15,-0.28,0.21,0.96
2024-03-25 16:59:15.5870,0.2,0.52,-4.14,-0.28,0.18,0.93
2024-03-25 16:59:15.5960,0.52,0.37,-4.03,-0.28,0.16,0.9
2024-03-25 16:59:15.6060,0.73,0.2,-3.73,-0.28,0.16,0.87
2024-03-25 16:59:15.6160,1.0,0.18,-3.33,-0.32,0.17,0.83
2024-03-25 16:59:15.6260,1.26,0.22,-3.2,-0.39,0.2,0.79
2024-03-25 16:59:15.6370,1.39,0.22,-2.79,-0.42,0.22,0.74
2024-03-25 16:59:15.6460,1.58,0.25,-1.98,-0.41,0.25,0.67
2024-03-25 16:59:15.6570,1.71,0.16,-1.17,-0.35,0.29,0.58
2024-03-25 16:59:15.6660,1.78,0.1,-0.32,-0.23,0.28,0.47
2024-03-25 16:59:15.6760,1.86,0.12,0.41,-0.12,0.21,0.32
2024-03-25 16:59:15.6870,2.09,0.29,0.71,-0.06,0.09,0.14
2024-03-25 16:59:15.6960,2.18,0.62,0.54,-0.09,-0.01,-0.01
2024-03-25 16:59:15.7060,1.87,0.98,0.25,-0.14,-0.02,-0.07
2024-03-25 16:59:15.7170,1.41,1.33,0.41,-0.18,0.06,-0.06
2024-03-25 16:59:15.7260,0.88,1.58,0.88,-0.2,0.21,-0.01
2024-03-25 16:59:15.7370,0.4,1.67,1.51,-0.21,0.36,0.01
2024-03-25 16:59:15.7470,0.17,1.66,2.28,-0.21,0.48,0.0
2024-03-25 16:59:15.7570,-0.08,1.63,3.1,-0.21,0.55,-0.02
2024-03-25 16:59:15.7660,-0.49,1.54,3.97,-0.19,0.5,-0.06
2024-03-25 16:59:15.7770,-0.77,1.52,4.73,-0.17,0.26,-0.14
2024-03-25 16:59:15.7860,-0.96,1.68,5.22,-0.14,-0.1,-0.22
2024-03-25 16:59:15.7960,-1.07,1.98,5.56,-0.07,-0.45,-0.27
2024-03-25 16:59:15.8060,-0.84,2.47,5.7,-0.02,-0.58,-0.3
2024-03-25 16:59:15.8170,-0.4,3.06,5.34,-0.06,-0.41,-0.23
2024-03-25 16:59:15.8260,-0.25,3.18,4.76,-0.11,-0.08,-0.04
2024-03-25 16:59:15.8360,-0.44,2.49,5.12,0.01,0.21,0.15
2024-03-25 16:59:15.8460,-0.27,1.16,6.45,0.28,0.32,0.2
2024-03-25 16:59:15.8570,0.55,-0.37,6.88,0.56,0.17,0.07
2024-03-25 16:59:15.8660,1.45,-1.69,6.14,0.77,-0.14,-0.18
2024-03-25 16:59:15.8760,2.09,-2.35,4.7,0.79,-0.39,-0.41
2024-03-25 16:59:15.8860,2.15,-2.67,2.73,0.77,-0.49,-0.53
2024-03-25 16:59:15.8960,1.83,-2.64,1.57,0.82,-0.44,-0.56
2024-03-25 16:59:15.9060,1.48,-2.58,1.01,0.87,-0.32,-0.54
2024-03-25 16:59:15.9170,1.25,-2.59,0.06,0.85,-0.19,-0.51
2024-03-25 16:59:15.9260,1.18,-2.5,-1.16,0.7,-0.09,-0.49
2024-03-25 16:59:15.9360,1.15,-2.31,-2.38,0.47,-0.0,-0.47
2024-03-25 16:59:15.9460,0.98,-2.16,-3.26,0.19,0.09,-0.42
2024-03-25 16:59:15.9570,0.73,-2.16,-3.6,-0.06,0.22,-0.37
2024-03-25 16:59:15.9660,0.46,-2.3,-3.37,-0.21,0.32,-0.31
2024-03-25 16:59:15.9760,0.27,-2.52,-2.66,-0.27,0.36,-0.3
2024-03-25 16:59:15.9860,0.34,-2.74,-2.13,-0.29,0.32,-0.36
2024-03-25 16:59:15.9960,0.53,-2.75,-2.01,-0.29,0.22,-0.46
2024-03-25 16:59:16.0060,0.7,-2.46,-1.95,-0.23,0.13,-0.56
2024-03-25 16:59:16.0160,0.74,-2.02,-1.93,-0.17,0.07,-0.63
2024-03-25 16:59:16.0260,0.54,-1.54,-2.33,-0.14,0.06,-0.65
2024-03-25 16:59:16.0360,0.27,-1.12,-2.91,-0.13,0.08,-0.62
2024-03-25 16:59:16.0460,-0.16,-0.65,-3.3,-0.13,0.1,-0.53
2024-03-25 16:59:16.0570,-0.52,-0.18,-3.48,-0.14,0.1,-0.41
2024-03-25 16:59:16.0660,-0.62,0.15,-3.71,-0.16,0.09,-0.31
2024-03-25 16:59:16.0760,-0.53,0.4,-3.95,-0.21,0.03,-0.24
2024-03-25 16:59:16.0860,-0.46,0.52,-4.23,-0.27,-0.02,-0.16
2024-03-25 16:59:16.0960,-0.49,0.53,-4.27,-0.32,-0.06,-0.08
2024-03-25 16:59:16.1060,-0.49,0.45,-4.08,-0.36,-0.09,-0.0
2024-03-25 16:59:16.1160,-0.32,0.35,-3.78,-0.39,-0.11,0.04
2024-03-25 16:59:16.1260,0.02,0.32,-3.45,-0.42,-0.1,0.07
2024-03-25 16:59:16.1370,0.25,0.35,-3.13,-0.47,-0.06,0.13
2024-03-25 16:59:16.1460,0.33,0.42,-2.75,-0.52,0.04,0.19
2024-03-25 16:59:16.1560,0.42,0.39,-2.24,-0.55,0.15,0.25
2024-03-25 16:59:16.1660,0.48,0.28,-1.52,-0.53,0.26,0.3
2024-03-25 16:59:16.1760,0.47,0.25,-0.61,-0.46,0.26,0.29
2024-03-25 16:59:16.1860,0.68,0.3,0.23,-0.38,0.16,0.2
2024-03-25 16:59:16.1960,1.03,0.42,0.83,-0.3,0.0,0.06
2024-03-25 16:59:16.2060,1.34,0.61,1.29,-0.22,-0.12,-0.1
2024-03-25 16:59:16.2160,1.57,0.91,1.61,-0.18,-0.13,-0.22
2024-03-25 16:59:16.2260,1.52,1.29,1.7,-0.2,-0.08,-0.24
2024-03-25 16:59:16.2360,1.03,1.71,1.81,-0.24,0.05,-0.17
2024-03-25 16:59:16.2460,0.5,2.05,2.3,-0.26,0.26,-0.05
2024-03-25 16:59:16.2560,0.24,2.18,3.11,-0.22,0.45,0.04
2024-03-25 16:59:16.2660,0.37,2.03,4.16,-0.11,0.57,0.04
2024-03-25 16:59:16.2760,0.61,1.73,5.22,0.06,0.6,-0.03
2024-03-25 16:59:16.2860,0.68,1.36,6.08,0.23,0.53,-0.15
2024-03-25 16:59:16.2960,0.55,1.11,6.52,0.4,0.37,-0.27
2024-03-25 16:59:16.3060,0.26,0.97,6.74,0.59,0.19,-0.38
2024-03-25 16:59:16.3160,0.13,1.06,6.76,0.76,0.07,-0.46
2024-03-25 16:59:16.3260,-0.06,1.19,6.2,0.89,0.03,-0.47
2024-03-25 16:59:16.3360,-0.47,1.19,5.39,1.0,0.07,-0.38
2024-03-25 16:59:16.3460,-1.02,0.93,4.8,1.15,0.15,-0.21
2024-03-25 16:59:16.3560,-1.55,0.28,4.4,1.29,0.15,-0.05
2024-03-25 16:59:16.3660,-1.54,-0.72,3.74,1.42,0.01,-0.06
2024-03-25 16:59:16.3760,-0.7,-1.54,2.67,1.44,-0.17,-0.18
2024-03-25 16:59:16.3860,-0.12,-2.14,1.12,1.33,-0.3,-0.28
2024-03-25 16:59:16.3960,-0.3,-2.52,-0.17,1.12,-0.3,-0.3
2024-03-25 16:59:16.4060,-0.76,-2.85,-1.01,0.88,-0.19,-0.21
2024-03-25 16:59:16.4160,-1.38,-3.06,-1.14,0.69,-0.08,-0.05
2024-03-25 16:59:16.4260,-2.02,-3.22,-0.86,0.5,-0.05,0.14
2024-03-25 16:59:16.4360,-2.39,-3.43,-1.06,0.22,-0.11,0.29
2024-03-25 16:59:16.4460,-2.32,-3.62,-1.79,-0.17,-0.18,0.42
2024-03-25 16:59:16.4560,-2.11,-3.88,-2.38,-0.5,-0.24,0.47
2024-03-25 16:59:16.4660,-1.94,-4.3,-2.07,-0.69,-0.25,0.49
2024-03-25 16:59:16.4760,-1.8,-4.57,-1.45,-0.77,-0.22,0.41
2024-03-25 16:59:16.4860,-1.35,-4.67,-1.06,-0.71,-0.19,0.24
2024-03-25 16:59:16.4960,-0.85,-4.19,-0.74,-0.55,-0.15,0.07
2024-03-25 16:59:16.5060,-0.87,-3.26,-0.74,-0.36,-0.1,-0.03
2024-03-25 16:59:16.5160,-1.26,-2.36,-1.12,-0.19,-0.03,-0.07
2024-03-25 16:59:16.5260,-1.61,-1.52,-1.96,-0.08,-0.0,-0.04
2024-03-25 16:59:16.5360,-1.97,-0.8,-2.9,0.0,-0.02,0.03
2024-03-25 16:59:16.5460,-2.24,-0.2,-3.64,0.06,-0.08,0.13
2024-03-25 16:59:16.5560,-2.36,0.25,-4.29,0.06,-0.18,0.23
2024-03-25 16:59:16.5660,-2.17,0.46,-4.91,0.03,-0.28,0.32
2024-03-25 16:59:16.5760,-1.86,0.57,-5.36,-0.01,-0.33,0.41
2024-03-25 16:59:16.5860,-1.61,0.66,-5.53,-0.03,-0.34,0.5
2024-03-25 16:59:16.5960,-1.26,0.8,-5.41,-0.04,-0.29,0.6
2024-03-25 16:59:16.6060,-1.02,0.84,-5.14,-0.02,-0.24,0.68
2024-03-25 16:59:16.6160,-0.65,0.9,-4.55,-0.03,-0.2,0.74
2024-03-25 16:59:16.6260,-0.27,0.96,-4.28,-0.13,-0.18,0.78
2024-03-25 16:59:16.6360,-0.09,1.05,-4.26,-0.32,-0.19,0.83
2024-03-25 16:59:16.6460,-0.07,1.21,-4.07,-0.53,-0.22,0.9
2024-03-25 16:59:16.6560,-0.06,1.36,-3.41,-0.71,-0.24,0.98
2024-03-25 16:59:16.6660,0.13,1.2,-2.25,-0.77,-0.23,1.0
2024-03-25 16:59:16.6760,0.63,0.96,-0.9,-0.76,-0.19,0.92
2024-03-25 16:59:16.6860,1.25,0.74,0.14,-0.73,-0.17,0.76
2024-03-25 16:59:16.6960,1.71,0.63,0.86,-0.76,-0.2,0.56
2024-03-25 16:59:16.7060,1.93,0.67,1.3,-0.85,-0.23,0.35
2024-03-25 16:59:16.7160,2.02,0.77,1.87,-0.91,-0.26,0.18
2024-03-25 16:59:16.7260,1.74,0.85,3.03,-0.85,-0.23,0.06
2024-03-25 16:59:16.7360,1.3,0.89,4.7,-0.63,-0.11,-0.02
2024-03-25 16:59:16.7460,1.11,0.91,6.26,-0.31,0.03,-0.12
2024-03-25 16:59:16.7560,1.17,0.9,7.11,0.02,0.09,-0.28
2024-03-25 16:59:16.7660,1.28,1.06,7.2,0.27,0.03,-0.48
2024-03-25 16:59:16.7760,1.15,1.3,6.56,0.4,-0.11,-0.65
2024-03-25 16:59:16.7860,0.84,1.84,5.54,0.49,-0.24,-0.79
2024-03-25 16:59:16.7960,0.68,2.48,4.77,0.53,-0.27,-0.85
2024-03-25 16:59:16.8060,0.52,3.2,4.04,0.49,-0.2,-0.76
2024-03-25 16:59:16.8160,-0.01,3.61,3.23,0.33,0.08,-0.45
2024-03-25 16:59:16.8260,-0.96,3.01,2.66,0.2,0.47,-0.01
2024-03-25 16:59:16.8360,-1.33,1.68,3.31,0.21,0.72,0.26
2024-03-25 16:59:16.8460,-0.49,0.08,4.39,0.26,0.75,0.33
2024-03-25 16:59:16.8560,0.37,-1.6,4.67,0.37,0.56,0.2
2024-03-25 16:59:16.8660,1.22,-2.77,4.74,0.49,0.26,-0.07
2024-03-25 16:59:16.8760,1.87,-3.55,4.44,0.63,-0.05,-0.35
2024-03-25 16:59:16.8860,1.96,-3.77,3.89,0.79,-0.25,-0.55
2024-03-25 16:59:16.8960,1.6,-3.63,3.01,0.91,-0.32,-0.62
2024-03-25 16:59:16.9060,1.09,-3.27,1.6,0.94,-0.27,-0.61
2024-03-25 16:59:16.9160,0.8,-2.97,0.07,0.92,-0.2,-0.57
2024-03-25 16:59:16.9260,0.58,-2.62,-1.21,0.85,-0.11,-0.51
2024-03-25 16:59:16.9360,0.43,-2.26,-2.31,0.74,-0.04,-0.44
2024-03-25 16:59:16.9460,0.25,-1.98,-3.3,0.58,0.02,-0.35
2024-03-25 16:59:16.9560,0.03,-1.83,-4.16,0.35,0.08,-0.22
2024-03-25 16:59:16.9660,-0.16,-1.79,-4.93,0.09,0.1,-0.12
2024-03-25 16:59:16.9760,-0.08,-1.76,-5.41,-0.16,0.09,-0.05
2024-03-25 16:59:16.9860,0.09,-1.78,-5.46,-0.36,0.03,-0.04
2024-03-25 16:59:16.9960,0.43,-1.7,-5.19,-0.48,0.0,-0.06
2024-03-25 16:59:17.0060,0.67,-1.58,-4.84,-0.55,0.03,-0.1
2024-03-25 16:59:17.0160,0.87,-1.5,-4.53,-0.58,0.09,-0.15
2024-03-25 16:59:17.0260,0.99,-1.38,-4.26,-0.58,0.18,-0.21
2024-03-25 16:59:17.0360,0.94,-1.21,-3.98,-0.56,0.27,-0.25
2024-03-25 16:59:17.0460,0.77,-0.93,-3.67,-0.51,0.32,-0.26
2024-03-25 16:59:17.0560,0.64,-0.55,-3.43,-0.47,0.31,-0.28
2024-03-25 16:59:17.0660,0.51,-0.2,-3.34,-0.45,0.26,-0.26
2024-03-25 16:59:17.0760,0.32,0.16,-3.32,-0.45,0.18,-0.22
2024-03-25 16:59:17.0860,0.23,0.45,-3.2,-0.46,0.1,-0.18
2024-03-25 16:59:17.0960,0.26,0.66,-3.01,-0.49,0.03,-0.13
2024-03-25 16:59:17.1060,0.33,0.83,-2.92,-0.53,-0.0,-0.07
2024-03-25 16:59:17.1160,0.5,0.97,-2.72,-0.52,0.04,-0.01
2024-03-25 16:59:17.1260,0.77,0.97,-2.06,-0.46,0.1,0.01
2024-03-25 16:59:17.1360,1.13,0.85,-1.4,-0.4,0.17,0.03
2024-03-25 16:59:17.1460,1.21,0.73,-0.92,-0.34,0.18,0.04
2024-03-25 16:59:17.1560,1.19,0.76,-0.4,-0.3,0.11,0.05
2024-03-25 16:59:17.1660,1.2,0.75,-0.12,-0.3,-0.03,0.04
2024-03-25 16:59:17.1760,1.22,0.78,-0.03,-0.34,-0.16,0.02
2024-03-25 16:59:17.1860,1.31,0.84,0.09,-0.35,-0.24,0.01
2024-03-25 16:59:17.1960,1.37,0.92,0.47,-0.35,-0.23,0.0
2024-03-25 16:59:17.2060,1.48,0.97,0.86,-0.36,-0.14,-0.01
2024-03-25 16:59:17.2160,1.58,0.84,1.2,-0.36,0.05,-0.03
2024-03-25 16:59:17.2260,1.58,0.65,1.8,-0.34,0.26,-0.07
2024-03-25 16:59:17.2360,1.64,0.47,2.61,-0.28,0.42,-0.15
2024-03-25 16:59:17.2460,1.6,0.28,3.62,-0.15,0.47,-0.25
2024-03-25 16:59:17.2560,1.3,0.11,4.73,0.02,0.37,-0.35
2024-03-25 16:59:17.2660,0.76,0.03,5.71,0.17,0.18,-0.43
2024-03-25 16:59:17.2760,0.2,0.17,6.04,0.23,0.0,-0.47
2024-03-25 16:59:17.2860,-0.22,0.41,5.78,0.27,-0.17,-0.47
2024-03-25 16:59:17.2960,-0.54,0.72,5.8,0.35,-0.26,-0.48
2024-03-25 16:59:17.3060,-0.42,1.11,5.63,0.41,-0.2,-0.49
2024-03-25 16:59:17.3160,-0.22,1.41,4.95,0.45,-0.03,-0.47
2024-03-25 16:59:17.3260,-0.38,1.74,4.42,0.45,0.2,-0.36
2024-03-25 16:59:17.3360,-1.04,1.73,3.95,0.41,0.37,-0.16
2024-03-25 16:59:17.3460,-1.87,1.18,3.74,0.47,0.39,0.04
2024-03-25 16:59:17.3560,-2.09,0.13,4.21,0.68,0.24,0.11
2024-03-25 16:59:17.3660,-1.43,-1.11,4.3,0.88,-0.01,0.01
2024-03-25 16:59:17.3760,-0.69,-2.23,3.17,0.95,-0.25,-0.13
2024-03-25 16:59:17.3860,-0.47,-2.86,1.42,0.9,-0.37,-0.22
2024-03-25 16:59:17.3960,-0.65,-3.11,-0.13,0.84,-0.36,-0.23
2024-03-25 16:59:17.4060,-0.98,-3.17,-0.81,0.83,-0.25,-0.2
2024-03-25 16:59:17.4160,-1.16,-3.17,-1.19,0.78,-0.12,-0.17
2024-03-25 16:59:17.4260,-1.4,-3.17,-2.05,0.63,-0.03,-0.12
2024-03-25 16:59:17.4360,-1.69,-3.03,-3.03,0.38,0.04,-0.06
2024-03-25 16:59:17.4460,-2.06,-2.91,-3.85,0.08,0.09,0.03
2024-03-25 16:59:17.4560,-2.39,-2.64,-4.08,-0.19,0.1,0.15
2024-03-25 16:59:17.4660,-2.6,-2.34,-3.78,-0.37,0.05,0.26
2024-03-25 16:59:17.4750,-2.63,-1.99,-3.29,-0.5,-0.03,0.36
2024-03-25 16:59:17.4860,-2.47,-1.65,-2.98,-0.59,-0.09,0.45
2024-03-25 16:59:17.4950,-2.14,-1.45,-2.82,-0.62,-0.12,0.5
2024-03-25 16:59:17.5060,-1.68,-1.26,-2.59,-0.61,-0.1,0.53
2024-03-25 16:59:17.5160,-1.29,-1.12,-2.59,-0.58,-0.07,0.53
2024-03-25 16:59:17.5260,-1.06,-0.97,-2.67,-0.56,-0.02,0.54
2024-03-25 16:59:17.5360,-0.91,-0.83,-2.79,-0.53,0.04,0.56
2024-03-25 16:59:17.5460,-0.85,-0.73,-2.86,-0.47,0.1,0.58
2024-03-25 16:59:17.5560,-0.79,-0.71,-2.82,-0.4,0.15,0.58
2024-03-25 16:59:17.5660,-0.63,-0.7,-2.8,-0.29,0.2,0.59
2024-03-25 16:59:17.5760,-0.51,-0.7,-2.75,-0.2,0.22,0.57
2024-03-25 16:59:17.5860,-0.33,-0.65,-2.96,-0.14,0.22,0.56
2024-03-25 16:59:17.5950,-0.25,-0.51,-3.12,-0.12,0.15,0.53
2024-03-25 16:59:17.6060,-0.07,-0.3,-3.3,-0.16,0.04,0.49
2024-03-25 16:59:17.6160,0.02,-0.06,-3.59,-0.25,-0.06,0.47
2024-03-25 16:59:17.6260,0.06,0.24,-3.68,-0.31,-0.1,0.49
2024-03-25 16:59:17.6350,0.15,0.52,-3.4,-0.33,-0.05,0.52
2024-03-25 16:59:17.6450,0.25,0.72,-2.96,-0.35,0.04,0.55
2024-03-25 16:59:17.6560,0.41,0.88,-2.74,-0.39,0.14,0.6
2024-03-25 16:59:17.6650,0.46,0.98,-2.39,-0.44,0.19,0.65
2024-03-25 16:59:17.6760,0.51,1.01,-1.65,-0.46,0.21,0.68
2024-03-25 16:59:17.6850,0.68,0.93,-0.59,-0.42,0.19,0.64
2024-03-25 16:59:17.6950,1.16,0.7,0.64,-0.35,0.12,0.5
2024-03-25 16:59:17.7050,1.71,0.58,1.59,-0.32,0.01,0.34
2024-03-25 16:59:17.7160,1.87,0.59,2.03,-0.34,-0.1,0.18
2024-03-25 16:59:17.7250,1.74,0.66,2.24,-0.37,-0.16,0.07
2024-03-25 16:59:17.7360,1.45,0.85,2.68,-0.38,-0.12,0.01
2024-03-25 16:59:17.7450,1.07,1.11,3.28,-0.38,-0.03,-0.03
2024-03-25 16:59:17.7560,0.83,1.34,3.7,-0.39,0.08,-0.05
2024-03-25 16:59:17.7650,0.58,1.43,4.24,-0.34,0.13,-0.05
2024-03-25 16:59:17.7750,0.23,1.4,5.14,-0.22,0.12,-0.1
2024-03-25 16:59:17.7850,0.17,1.26,6.1,-0.04,0.04,-0.23
2024-03-25 16:59:17.7950,0.39,1.18,6.73,0.17,-0.12,-0.43
2024-03-25 16:59:17.8050,0.53,1.32,6.77,0.33,-0.27,-0.63
2024-03-25 16:59:17.8160,0.45,1.79,6.27,0.38,-0.31,-0.75
2024-03-25 16:59:17.8250,0.04,2.23,5.34,0.38,-0.22,-0.71
2024-03-25 16:59:17.8350,-0.77,2.37,5.02,0.49,-0.07,-0.51
2024-03-25 16:59:17.8460,-1.53,2.14,5.43,0.67,0.04,-0.27
2024-03-25 16:59:17.8560,-1.54,1.34,5.44,0.8,-0.04,-0.19
2024-03-25 16:59:17.8650,-0.72,0.33,4.31,0.81,-0.19,-0.19
2024-03-25 16:59:17.8750,-0.04,-0.55,2.95,0.81,-0.38,-0.24
2024-03-25 16:59:17.8850,0.37,-1.09,2.17,0.83,-0.5,-0.29
2024-03-25 16:59:17.8950,0.75,-1.58,1.57,0.88,-0.53,-0.34
2024-03-25 16:59:17.9050,1.01,-1.89,0.94,0.9,-0.46,-0.36
2024-03-25 16:59:17.9150,1.02,-2.06,0.1,0.86,-0.32,-0.35
2024-03-25 16:59:17.9250,0.96,-2.13,-0.85,0.75,-0.17,-0.32
2024-03-25 16:59:17.9350,0.87,-2.13,-1.64,0.59,-0.04,-0.28
2024-03-25 16:59:17.9450,0.66,-2.13,-2.21,0.4,0.06,-0.22
2024-03-25 16:59:17.9550,0.38,-2.19,-2.64,0.18,0.17,-0.12
2024-03-25 16:59:17.9650,0.0,-2.36,-2.85,0.01,0.26,-0.0
2024-03-25 16:59:17.9750,-0.29,-2.57,-2.66,-0.15,0.26,0.09
2024-03-25 16:59:17.9850,-0.38,-2.9,-2.59,-0.29,0.18,0.1
2024-03-25 16:59:17.9950,-0.14,-3.17,-2.56,-0.39,0.05,0.06
2024-03-25 16:59:18.0050,0.13,-3.32,-2.55,-0.41,-0.07,-0.07
2024-03-25 16:59:18.0150,0.67,-3.19,-2.45,-0.38,-0.13,-0.25
2024-03-25 16:59:18.0250,1.06,-2.88,-2.59,-0.33,-0.09,-0.4
2024-03-25 16:59:18.0350,1.03,-2.38,-2.94,-0.29,0.03,-0.49
2024-03-25 16:59:18.0450,0.65,-1.8,-3.33,-0.28,0.14,-0.49
2024-03-25 16:59:18.0550,0.09,-1.15,-3.59,-0.28,0.21,-0.43
2024-03-25 16:59:18.0650,-0.31,-0.51,-3.72,-0.31,0.22,-0.35
2024-03-25 16:59:18.0750,-0.42,0.0,-3.84,-0.33,0.18,-0.27
2024-03-25 16:59:18.0850,-0.41,0.32,-3.75,-0.33,0.08,-0.21
2024-03-25 16:59:18.0950,-0.24,0.58,-3.51,-0.35,-0.0,-0.18
2024-03-25 16:59:18.1050,-0.08,0.75,-3.6,-0.38,-0.06,-0.14
2024-03-25 16:59:18.1150,0.04,0.94,-3.59,-0.42,-0.07,-0.09
2024-03-25 16:59:18.1250,0.06,1.13,-3.4,-0.46,-0.05,0.02
2024-03-25 16:59:18.1350,-0.09,1.29,-2.96,-0.47,0.0,0.15
2024-03-25 16:59:18.1450,-0.07,1.29,-2.3,-0.44,0.05,0.26
2024-03-25 16:59:18.1550,0.08,1.09,-1.54,-0.39,0.08,0.33
2024-03-25 16:59:18.1650,0.35,0.77,-0.96,-0.34,0.06,0.36
2024-03-25 16:59:18.1750,0.58,0.54,-0.51,-0.31,-0.01,0.34
2024-03-25 16:59:18.1850,0.83,0.34,-0.19,-0.31,-0.13,0.26
2024-03-25 16:59:18.1950,1.12,0.29,0.06,-0.32,-0.24,0.15
2024-03-25 16:59:18.2050,1.33,0.39,0.29,-0.35,-0.29,0.06
2024-03-25 16:59:18.2150,1.42,0.62,0.49,-0.35,-0.26,-0.01
2024-03-25 16:59:18.2250,1.4,0.84,0.82,-0.32,-0.13,-0.04
2024-03-25 16:59:18.2350,1.17,1.03,1.37,-0.27,0.08,-0.0
2024-03-25 16:59:18.2450,0.86,1.18,2.03,-0.2,0.27,0.02
2024-03-25 16:59:18.2550,0.75,1.22,2.67,-0.13,0.39,0.02
2024-03-25 16:59:18.2650,0.67,1.17,3.23,-0.03,0.41,-0.04
2024-03-25 16:59:18.2750,0.68,1.02,3.9,0.1,0.34,-0.15
2024-03-25 16:59:18.2850,0.61,0.82,4.47,0.27,0.22,-0.28
2024-03-25 16:59:18.2950,0.47,0.76,4.85,0.44,0.13,-0.39
2024-03-25 16:59:18.3050,0.23,0.89,4.75,0.56,0.07,-0.44
2024-03-25 16:59:18.3160,-0.08,1.16,4.25,0.64,0.04,-0.44
2024-03-25 16:59:18.3250,-0.4,1.39,3.71,0.72,0.0,-0.41
2024-03-25 16:59:18.3350,-0.51,1.8,3.38,0.73,-0.01,-0.35
2024-03-25 16:59:18.3450,-0.71,2.01,2.77,0.62,0.03,-0.23
2024-03-25 16:59:18.3550,-1.26,1.74,1.95,0.48,0.16,-0.01
2024-03-25 16:59:18.3650,-1.82,1.08,2.18,0.52,0.27,0.22
2024-03-25 16:59:18.3750,-1.7,0.25,3.41,0.63,0.27,0.3
2024-03-25 16:59:18.3850,-0.98,-0.95,3.7,0.64,0.17,0.3
2024-03-25 16:59:18.3950,-0.54,-2.04,2.95,0.58,0.01,0.26
2024-03-25 16:59:18.4050,-0.28,-2.7,2.26,0.48,-0.09,0.2
2024-03-25 16:59:18.4160,-0.04,-3.3,1.78,0.41,-0.09,0.13
2024-03-25 16:59:18.4250,0.08,-3.64,1.69,0.4,-0.02,0.06
2024-03-25 16:59:18.4350,-0.04,-3.83,1.68,0.41,0.06,0.01
2024-03-25 16:59:18.4450,-0.3,-3.86,1.3,0.36,0.11,-0.01
2024-03-25 16:59:18.4550,-0.61,-3.75,0.49,0.26,0.12,0.0
2024-03-25 16:59:18.4650,-0.92,-3.65,-0.33,0.13,0.12,0.02
2024-03-25 16:59:18.4750,-1.14,-3.54,-0.86,0.01,0.12,0.05
2024-03-25 16:59:18.4850,-1.24,-3.38,-1.27,-0.09,0.09,0.05
2024-03-25 16:59:18.4950,-1.17,-3.14,-1.7,-0.17,0.03,0.01
2024-03-25 16:59:18.5050,-0.95,-2.78,-2.23,-0.24,-0.02,-0.04
2024-03-25 16:59:18.5150,-0.74,-2.23,-2.69,-0.27,-0.04,-0.08
2024-03-25 16:59:18.5250,-0.68,-1.66,-2.98,-0.28,-0.04,-0.11
2024-03-25 16:59:18.5350,-0.68,-1.11,-3.28,-0.28,-0.02,-0.1
2024-03-25 16:59:18.5450,-0.74,-0.7,-3.65,-0.28,0.01,-0.06
2024-03-25 16:59:18.5550,-0.92,-0.26,-3.89,-0.28,0.05,0.03
2024-03-25 16:59:18.5650,-1.17,0.2,-4.11,-0.28,0.1,0.17
2024-03-25 16:59:18.5750,-1.37,0.5,-4.24,-0.3,0.12,0.31
2024-03-25 16:59:18.5850,-1.38,0.68,-4.34,-0.35,0.09,0.41
2024-03-25 16:59:18.5950,-1.04,0.75,-4.45,-0.39,0.05,0.45
2024-03-25 16:59:18.6050,-0.6,0.67,-4.34,-0.39,-0.01,0.44
2024-03-25 16:59:18.6150,-0.3,0.5,-3.85,-0.34,-0.04,0.4
2024-03-25 16:59:18.6250,-0.02,0.45,-3.36,-0.29,-0.03,0.37
2024-03-25 16:59:18.6350,0.04,0.49,-3.26,-0.31,0.01,0.38
2024-03-25 16:59:18.6450,-0.21,0.58,-3.28,-0.35,0.04,0.43
2024-03-25 16:59:18.6550,-0.42,0.72,-2.83,-0.35,0.08,0.5
2024-03-25 16:59:18.6650,-0.47,0.8,-2.24,-0.35,0.11,0.56
2024-03-25 16:59:18.6750,-0.38,0.79,-1.79,-0.34,0.11,0.59
2024-03-25 16:59:18.6850,-0.18,0.69,-1.38,-0.32,0.07,0.58
2024-03-25 16:59:18.6950,0.1,0.64,-0.88,-0.29,0.01,0.53
2024-03-25 16:59:18.7050,0.39,0.54,-0.37,-0.24,-0.05,0.44
2024-03-25 16:59:18.7150,0.62,0.54,0.13,-0.22,-0.08,0.34
2024-03-25 16:59:18.7250,0.7,0.57,0.43,-0.23,-0.08,0.26
2024-03-25 16:59:18.7350,0.66,0.69,0.82,-0.21,-0.04,0.19
2024-03-25 16:59:18.7450,0.56,0.8,1.41,-0.17,0.03,0.15
2024-03-25 16:59:18.7550,0.32,0.94,2.0,-0.12,0.08,0.14
2024-03-25 16:59:18.7650,0.18,1.05,2.5,-0.08,0.05,0.09
2024-03-25 16:59:18.7750,0.17,1.09,2.87,-0.08,0.01,0.04
2024-03-25 16:59:18.7850,0.15,1.11,3.1,-0.07,-0.04,-0.02
2024-03-25 16:59:18.7950,0.13,1.2,3.47,-0.01,-0.11,-0.1
2024-03-25 16:59:18.8050,0.25,1.2,4.0,0.06,-0.18,-0.21
2024-03-25 16:59:18.8150,0.4,1.36,4.16,0.13,-0.24,-0.31
2024-03-25 16:59:18.8250,0.52,1.67,4.18,0.19,-0.25,-0.39
2024-03-25 16:59:18.8350,0.63,2.1,4.08,0.15,-0.17,-0.4
2024-03-25 16:59:18.8450,0.46,2.38,3.67,0.06,0.01,-0.29
2024-03-25 16:59:18.8550,-0.03,2.18,3.72,0.03,0.21,-0.1
2024-03-25 16:59:18.8650,-0.56,1.34,4.67,0.11,0.3,0.05
2024-03-25 16:59:18.8750,-0.43,0.32,5.68,0.25,0.21,0.07
2024-03-25 16:59:18.8850,0.08,-0.83,5.84,0.41,-0.02,-0.04
2024-03-25 16:59:18.8950,0.71,-1.67,5.4,0.52,-0.26,-0.2
2024-03-25 16:59:18.9050,1.08,-2.13,4.49,0.59,-0.4,-0.34
2024-03-25 16:59:18.9150,1.16,-2.31,3.49,0.68,-0.44,-0.42
2024-03-25 16:59:18.9250,1.06,-2.29,2.58,0.77,-0.41,-0.43
2024-03-25 16:59:18.9350,0.95,-2.21,1.56,0.8,-0.32,-0.42
2024-03-25 16:59:18.9450,0.93,-2.07,0.39,0.74,-0.22,-0.39
2024-03-25 16:59:18.9550,0.82,-1.85,-0.85,0.6,-0.09,-0.33
2024-03-25 16:59:18.9650,0.6,-1.7,-1.84,0.41,0.02,-0.24
2024-03-25 16:59:18.9750,0.29,-1.66,-2.37,0.22,0.1,-0.13
2024-03-25 16:59:18.9850,-0.06,-1.8,-2.56,0.05,0.15,-0.01
2024-03-25 16:59:18.9950,-0.25,-2.08,-2.6,-0.09,0.14,0.06
2024-03-25 16:59:19.0050,-0.16,-2.38,-2.56,-0.2,0.06,0.05
2024-03-25 16:59:19.0150,0.15,-2.63,-2.67,-0.28,-0.05,-0.02
2024-03-25 16:59:19.0250,0.57,-2.65,-2.89,-0.35,-0.14,-0.14
2024-03-25 16:59:19.0350,0.92,-2.4,-3.21,-0.4,-0.14,-0.25
2024-03-25 16:59:19.0450,1.08,-1.98,-3.41,-0.41,-0.05,-0.33
2024-03-25 16:59:19.0550,1.03,-1.56,-3.48,-0.39,0.08,-0.36
2024-03-25 16:59:19.0650,0.85,-1.14,-3.57,-0.38,0.18,-0.37
2024-03-25 16:59:19.0750,0.65,-0.72,-3.68,-0.38,0.22,-0.36
2024-03-25 16:59:19.0850,0.46,-0.29,-3.72,-0.36,0.21,-0.34
2024-03-25 16:59:19.0950,0.34,0.1,-3.66,-0.34,0.16,-0.31
2024-03-25 16:59:19.1050,0.3,0.43,-3.57,-0.32,0.09,-0.27
2024-03-25 16:59:19.1150,0.36,0.67,-3.56,-0.31,0.04,-0.24
2024-03-25 16:59:19.1250,0.55,0.9,-3.63,-0.33,0.04,-0.2
2024-03-25 16:59:19.1350,0.62,1.05,-3.61,-0.35,0.09,-0.11
2024-03-25 16:59:19.1450,0.53,1.14,-3.3,-0.36,0.14,-0.0
2024-03-25 16:59:19.1550,0.52,1.05,-2.88,-0.38,0.17,0.08
2024-03-25 16:59:19.1650,0.68,0.79,-2.43,-0.41,0.18,0.14
2024-03-25 16:59:19.1750,0.81,0.48,-1.95,-0.41,0.16,0.17
2024-03-25 16:59:19.1850,0.91,0.2,-1.36,-0.41,0.12,0.16
2024-03-25 16:59:19.1950,1.0,-0.11,-0.7,-0.37,0.04,0.12
2024-03-25 16:59:19.2050,1.13,-0.28,-0.08,-0.34,-0.04,0.03
2024-03-25 16:59:19.2150,1.37,-0.34,0.35,-0.3,-0.11,-0.09
2024-03-25 16:59:19.2250,1.58,-0.21,0.67,-0.29,-0.12,-0.21
2024-03-25 16:59:19.2350,1.63,0.03,0.82,-0.28,-0.05,-0.31
2024-03-25 16:59:19.2450,1.47,0.33,1.13,-0.24,0.09,-0.34
2024-03-25 16:59:19.2550,0.95,0.63,1.71,-0.19,0.28,-0.31
2024-03-25 16:59:19.2650,0.39,1.01,2.34,-0.17,0.41,-0.26
2024-03-25 16:59:19.2750,0.14,1.25,2.91,-0.16,0.47,-0.26
2024-03-25 16:59:19.2850,0.04,1.37,3.54,-0.14,0.45,-0.27
2024-03-25 16:59:19.2950,-0.18,1.42,4.24,-0.08,0.39,-0.29
2024-03-25 16:59:19.3050,-0.41,1.43,5.04,0.02,0.33,-0.31
2024-03-25 16:59:19.3150,-0.59,1.34,5.62,0.14,0.22,-0.34
2024-03-25 16:59:19.3250,-0.78,1.34,5.77,0.27,0.11,-0.33
2024-03-25 16:59:19.3350,-0.99,1.37,5.65,0.44,0.02,-0.33
2024-03-25 16:59:19.3450,-0.9,1.35,5.48,0.65,-0.0,-0.34
2024-03-25 16:59:19.3550,-0.67,1.4,5.01,0.85,0.03,-0.35
2024-03-25 16:59:19.3650,-0.5,1.58,4.18,0.96,0.13,-0.33
2024-03-25 16:59:19.3750,-0.82,1.55,3.11,0.95,0.24,-0.21
2024-03-25 16:59:19.3850,-1.43,1.26,2.2,0.92,0.29,-0.01
2024-03-25 16:59:19.3950,-1.92,0.8,2.06,0.95,0.19,0.17
2024-03-25 16:59:19.4050,-1.83,0.04,2.12,0.96,-0.03,0.24
2024-03-25 16:59:19.4150,-1.22,-0.97,1.31,0.86,-0.21,0.28
2024-03-25 16:59:19.4250,-1.03,-1.97,0.22,0.68,-0.33,0.35
2024-03-25 16:59:19.4350,-0.85,-2.59,-0.41,0.51,-0.38,0.36
2024-03-25 16:59:19.4450,-0.5,-3.14,-0.75,0.35,-0.38,0.35
2024-03-25 16:59:19.4550,-0.38,-3.58,-0.94,0.21,-0.36,0.34
2024-03-25 16:59:19.4650,-0.42,-3.87,-1.12,0.08,-0.34,0.33
2024-03-25 16:59:19.4750,-0.44,-4.03,-1.43,-0.07,-0.31,0.31
2024-03-25 16:59:19.4850,-0.47,-4.04,-1.81,-0.23,-0.28,0.28
2024-03-25 16:59:19.4950,-0.51,-4.0,-2.04,-0.34,-0.25,0.23
2024-03-25 16:59:19.5050,-0.57,-3.93,-2.02,-0.4,-0.22,0.19
2024-03-25 16:59:19.5150,-0.75,-3.62,-1.95,-0.43,-0.21,0.17
2024-03-25 16:59:19.5240,-1.02,-3.05,-2.06,-0.44,-0.22,0.16
2024-03-25 16:59:19.5340,-1.1,-2.39,-2.24,-0.42,-0.24,0.17
2024-03-25 16:59:19.5440,-1.05,-1.83,-2.47,-0.38,-0.23,0.16
2024-03-25 16:59:19.5550,-0.9,-1.3,-2.82,-0.33,-0.21,0.16
2024-03-25 16:59:19.5650,-0.9,-0.77,-3.18,-0.29,-0.2,0.19
2024-03-25 16:59:19.5750,-1.09,-0.3,-3.5,-0.28,-0.2,0.26
2024-03-25 16:59:19.5840,-1.35,0.16,-3.8,-0.29,-0.2,0.38
2024-03-25 16:59:19.5940,-1.49,0.54,-4.03,-0.32,-0.2,0.49
2024-03-25 16:59:19.6050,-1.33,0.81,-4.25,-0.37,-0.19,0.57
2024-03-25 16:59:19.6150,-1.02,0.89,-4.45,-0.44,-0.16,0.6
2024-03-25 16:59:19.6250,-0.63,0.92,-4.46,-0.48,-0.1,0.6
2024-03-25 16:59:19.6350,-0.31,0.89,-4.14,-0.48,-0.04,0.56
2024-03-25 16:59:19.6440,0.06,0.78,-3.66,-0.49,0.05,0.5
2024-03-25 16:59:19.6540,0.28,0.71,-3.32,-0.5,0.16,0.47
2024-03-25 16:59:19.6640,0.19,0.66,-2.82,-0.51,0.29,0.48
2024-03-25 16:59:19.6740,0.06,0.62,-2.08,-0.51,0.36,0.5
2024-03-25 16:59:19.6840,0.01,0.53,-1.32,-0.49,0.34,0.51
2024-03-25 16:59:19.6940,0.11,0.43,-0.64,-0.49,0.22,0.46
2024-03-25 16:59:19.7040,0.36,0.33,-0.19,-0.49,0.07,0.38
2024-03-25 16:59:19.7150,0.67,0.22,0.23,-0.44,-0.01,0.26
2024-03-25 16:59:19.7240,0.93,0.2,0.75,-0.35,-0.03,0.14
2024-03-25 16:59:19.7340,1.02,0.28,1.33,-0.24,0.03,0.03
2024-03-25 16:59:19.7450,0.92,0.43,1.82,-0.16,0.12,-0.03
2024-03-25 16:59:19.7550,0.56,0.69,2.12,-0.12,0.19,-0.06
2024-03-25 16:59:19.7640,0.15,1.01,2.34,-0.14,0.19,-0.08
2024-03-25 16:59:19.7740,-0.2,1.29,2.51,-0.19,0.12,-0.07
2024-03-25 16:59:19.7840,-0.62,1.51,2.89,-0.19,0.01,-0.03
2024-03-25 16:59:19.7940,-0.94,1.78,3.62,-0.14,-0.13,-0.01
2024-03-25 16:59:19.8040,-0.95,2.0,4.42,-0.03,-0.26,-0.03
2024-03-25 16:59:19.8140,-0.61,2.23,4.93,0.07,-0.34,-0.1
2024-03-25 16:59:19.8240,-0.08,2.51,5.01,0.16,-0.36,-0.18
2024-03-25 16:59:19.8340,0.28,2.9,4.98,0.27,-0.31,-0.23
2024-03-25 16:59:19.8440,0.32,3.28,5.19,0.39,-0.24,-0.27
2024-03-25 16:59:19.8540,0.33,3.48,5.41,0.57,-0.2,-0.32
2024-03-25 16:59:19.8640,0.36,3.38,5.78,0.8,-0.17,-0.41
2024-03-25 16:59:19.8740,0.71,3.44,5.85,0.97,-0.22,-0.46
2024-03-25 16:59:19.8840,0.62,3.31,5.17,1.04,-0.28,-0.4
2024-03-25 16:59:19.8940,0.35,2.5,4.15,1.01,-0.21,-0.33
2024-03-25 16:59:19.9040,0.46,1.2,3.26,0.99,-0.07,-0.27
2024-03-25 16:59:19.9140,0.71,-0.06,3.22,1.06,0.06,-0.27
2024-03-25 16:59:19.9240,0.86,-1.07,3.58,1.15,0.16,-0.27
2024-03-25 16:59:19.9340,0.62,-1.95,3.36,1.15,0.22,-0.26
2024-03-25 16:59:19.9440,0.26,-2.53,2.71,1.07,0.19,-0.24
2024-03-25 16:59:19.9540,-0.08,-2.73,2.11,0.98,0.07,-0.17
2024-03-25 16:59:19.9640,-0.57,-3.05,1.71,0.94,-0.1,-0.12
2024-03-25 16:59:19.9740,-0.66,-3.56,1.35,0.92,-0.25,-0.09
2024-03-25 16:59:19.9840,-0.69,-3.96,0.57,0.89,-0.31,-0.04
2024-03-25 16:59:19.9940,-0.71,-4.01,-0.46,0.82,-0.28,0.02
2024-03-25 16:59:20.0040,-0.69,-4.05,-1.66,0.71,-0.17,0.1
2024-03-25 16:59:20.0140,-0.83,-4.09,-2.78,0.55,-0.03,0.24
2024-03-25 16:59:20.0240,-1.17,-4.05,-3.65,0.36,0.06,0.38
2024-03-25 16:59:20.0340,-1.09,-4.06,-4.48,0.11,0.06,0.44
2024-03-25 16:59:20.0440,-0.52,-4.2,-5.24,-0.14,-0.01,0.38
2024-03-25 16:59:20.0540,0.21,-4.2,-5.55,-0.32,-0.1,0.21
2024-03-25 16:59:20.0640,1.02,-3.8,-5.53,-0.45,-0.13,-0.01
2024-03-25 16:59:20.0740,1.56,-3.37,-5.57,-0.51,-0.03,-0.21
2024-03-25 16:59:20.0840,1.63,-2.85,-5.37,-0.5,0.17,-0.35
2024-03-25 16:59:20.0940,1.31,-2.27,-5.06,-0.47,0.36,-0.41
2024-03-25 16:59:20.1040,0.82,-1.7,-4.9,-0.46,0.52,-0.39
2024-03-25 16:59:20.1140,0.3,-1.09,-4.79,-0.46,0.62,-0.35
2024-03-25 16:59:20.1240,-0.01,-0.57,-4.59,-0.46,0.6,-0.29
2024-03-25 16:59:20.1340,-0.13,-0.11,-4.32,-0.48,0.48,-0.24
2024-03-25 16:59:20.1440,-0.12,0.2,-4.09,-0.51,0.27,-0.23
2024-03-25 16:59:20.1540,0.11,0.5,-3.97,-0.59,0.07,-0.23
2024-03-25 16:59:20.1640,0.34,0.83,-4.1,-0.69,-0.06,-0.22
2024-03-25 16:59:20.1740,0.47,1.22,-4.04,-0.78,-0.1,-0.14
2024-03-25 16:59:20.1840,0.38,1.6,-3.54,-0.81,-0.01,0.0
2024-03-25 16:59:20.1940,0.24,1.91,-2.63,-0.77,0.12,0.17
2024-03-25 16:59:20.2040,0.35,2.01,-1.75,-0.73,0.22,0.29
2024-03-25 16:59:20.2140,0.61,1.9,-1.02,-0.72,0.21,0.37
2024-03-25 16:59:20.2240,0.81,1.81,-0.39,-0.71,0.09,0.4
2024-03-25 16:59:20.2340,1.11,1.81,0.51,-0.66,-0.11,0.37
2024-03-25 16:59:20.2440,1.65,1.71,1.5,-0.6,-0.3,0.31
2024-03-25 16:59:20.2540,2.01,1.47,2.25,-0.54,-0.37,0.23
2024-03-25 16:59:20.2640,2.26,1.2,2.8,-0.45,-0.3,0.14
2024-03-25 16:59:20.2740,2.37,0.96,3.38,-0.31,-0.12,0.05
2024-03-25 16:59:20.2840,2.36,0.69,4.01,-0.15,0.1,-0.03
2024-03-25 16:59:20.2940,2.28,0.54,4.54,0.0,0.28,-0.13
2024-03-25 16:59:20.3040,2.13,0.43,4.72,0.11,0.37,-0.25
2024-03-25 16:59:20.3150,1.96,0.28,4.79,0.2,0.35,-0.41
2024-03-25 16:59:20.3240,1.64,0.18,4.92,0.3,0.3,-0.53
2024-03-25 16:59:20.3340,1.02,0.13,5.03,0.41,0.25,-0.62
2024-03-25 16:59:20.3440,0.46,0.19,4.91,0.51,0.25,-0.69
2024-03-25 16:59:20.3540,0.09,0.33,4.55,0.61,0.3,-0.74
2024-03-25 16:59:20.3640,-0.35,0.49,4.11,0.7,0.37,-0.74
2024-03-25 16:59:20.3740,-0.95,0.67,3.79,0.81,0.41,-0.71
2024-03-25 16:59:20.3840,-1.37,1.04,3.49,0.87,0.41,-0.63
2024-03-25 16:59:20.3940,-1.79,1.26,2.82,0.81,0.37,-0.51
2024-03-25 16:59:20.4040,-2.12,1.42,1.99,0.68,0.32,-0.34
2024-03-25 16:59:20.4140,-2.6,1.17,1.42,0.56,0.31,-0.11
2024-03-25 16:59:20.4240,-2.95,0.5,1.46,0.59,0.31,0.11
2024-03-25 16:59:20.4340,-2.81,-0.48,2.12,0.68,0.24,0.2
2024-03-25 16:59:20.4440,-2.15,-1.58,1.95,0.69,0.15,0.2
2024-03-25 16:59:20.4540,-1.65,-2.46,0.89,0.59,0.07,0.18
2024-03-25 16:59:20.4640,-1.63,-2.86,-0.03,0.45,0.04,0.17
2024-03-25 16:59:20.4740,-1.82,-2.97,-0.55,0.3,0.04,0.22
2024-03-25 16:59:20.4840,-2.3,-2.99,-0.78,0.15,0.03,0.33
2024-03-25 16:59:20.4940,-2.76,-2.91,-0.82,-0.05,-0.02,0.45
2024-03-25 16:59:20.5040,-2.93,-2.83,-1.24,-0.31,-0.08,0.56
2024-03-25 16:59:20.5140,-2.79,-2.81,-1.57,-0.51,-0.14,0.61
2024-03-25 16:59:20.5240,-2.38,-2.74,-1.31,-0.62,-0.16,0.61
2024-03-25 16:59:20.5340,-1.89,-2.66,-0.97,-0.63,-0.14,0.58
2024-03-25 16:59:20.5440,-1.48,-2.48,-0.76,-0.56,-0.09,0.53
2024-03-25 16:59:20.5540,-1.2,-2.18,-0.7,-0.45,-0.06,0.49
2024-03-25 16:59:20.5640,-0.95,-1.76,-0.92,-0.36,-0.07,0.44
2024-03-25 16:59:20.5740,-0.74,-1.37,-1.48,-0.3,-0.1,0.41
2024-03-25 16:59:20.5840,-0.6,-0.96,-2.17,-0.27,-0.14,0.39
2024-03-25 16:59:20.5940,-0.45,-0.64,-2.81,-0.24,-0.16,0.39
2024-03-25 16:59:20.6040,-0.41,-0.45,-3.26,-0.18,-0.13,0.42
2024-03-25 16:59:20.6140,-0.4,-0.29,-3.56,-0.12,-0.1,0.48
2024-03-25 16:59:20.6240,-0.31,-0.16,-4.01,-0.12,-0.06,0.52
2024-03-25 16:59:20.6340,-0.08,-0.06,-4.71,-0.18,-0.06,0.55
2024-03-25 16:59:20.6440,0.17,-0.04,-5.37,-0.27,-0.05,0.57
2024-03-25 16:59:20.6540,0.38,0.0,-5.53,-0.36,-0.04,0.58
2024-03-25 16:59:20.6640,0.62,-0.05,-5.43,-0.44,0.0,0.58
2024-03-25 16:59:20.6740,0.77,-0.01,-5.17,-0.53,0.03,0.57
2024-03-25 16:59:20.6840,0.83,-0.03,-4.83,-0.64,0.07,0.56
2024-03-25 16:59:20.6940,0.96,0.01,-4.43,-0.73,0.11,0.54
2024-03-25 16:59:20.7040,0.98,0.06,-3.68,-0.74,0.11,0.5
2024-03-25 16:59:20.7140,1.02,0.16,-2.58,-0.68,0.08,0.41
2024-03-25 16:59:20.7240,1.21,0.32,-1.71,-0.63,0.05,0.26
2024-03-25 16:59:20.7340,1.34,0.51,-1.26,-0.57,0.04,0.14
2024-03-25 16:59:20.7440,1.11,0.76,-0.76,-0.48,0.15,0.08
2024-03-25 16:59:20.7540,0.81,1.21,0.12,-0.39,0.35,0.1
2024-03-25 16:59:20.7640,0.35,1.44,0.89,-0.34,0.52,0.15
2024-03-25 16:59:20.7740,0.06,1.61,1.63,-0.32,0.56,0.2
2024-03-25 16:59:20.7840,-0.14,1.63,2.56,-0.33,0.44,0.22
2024-03-25 16:59:20.7940,-0.27,1.6,3.45,-0.32,0.2,0.21
2024-03-25 16:59:20.8040,-0.22,1.36,4.45,-0.27,-0.07,0.18
2024-03-25 16:59:20.8140,-0.12,0.98,5.43,-0.17,-0.32,0.15
2024-03-25 16:59:20.8240,0.08,0.64,6.16,-0.05,-0.51,0.07
2024-03-25 16:59:20.8340,0.51,0.3,6.42,0.08,-0.61,-0.05
2024-03-25 16:59:20.8440,1.05,0.0,6.41,0.24,-0.62,-0.22
2024-03-25 16:59:20.8540,1.58,-0.12,6.26,0.4,-0.58,-0.42
2024-03-25 16:59:20.8640,1.7,-0.08,5.78,0.55,-0.56,-0.6
2024-03-25 16:59:20.8750,1.41,0.12,5.24,0.69,-0.62,-0.78
2024-03-25 16:59:20.8840,1.16,0.4,4.59,0.81,-0.76,-0.98
2024-03-25 16:59:20.8940,1.26,0.77,3.65,0.91,-0.88,-1.12
2024-03-25 16:59:20.9040,1.11,1.37,2.55,0.89,-0.78,-1.09
2024-03-25 16:59:20.9140,0.59,1.65,1.3,0.83,-0.45,-0.86
2024-03-25 16:59:20.9240,0.15,1.56,0.9,0.85,-0.04,-0.57
2024-03-25 16:59:20.9340,0.05,0.83,1.18,0.84,0.21,-0.38
2024-03-25 16:59:20.9440,0.31,-0.34,0.89,0.69,0.24,-0.29
2024-03-25 16:59:20.9540,0.53,-1.19,0.13,0.42,0.17,-0.25
2024-03-25 16:59:20.9640,0.6,-1.61,-0.3,0.16,0.1,-0.24
2024-03-25 16:59:20.9740,0.6,-2.11,0.09,0.05,0.09,-0.23
2024-03-25 16:59:20.9840,0.35,-2.69,1.12,0.1,0.15,-0.22
2024-03-25 16:59:20.9940,0.07,-3.26,1.94,0.21,0.23,-0.23
2024-03-25 16:59:21.0040,-0.08,-3.6,1.97,0.25,0.28,-0.24
2024-03-25 16:59:21.0140,-0.36,-3.63,1.32,0.2,0.27,-0.24
2024-03-25 16:59:21.0240,-0.72,-3.5,0.5,0.06,0.21,-0.22
2024-03-25 16:59:21.0340,-1.2,-3.37,-0.12,-0.08,0.1,-0.17
2024-03-25 16:59:21.0440,-1.48,-3.26,-0.36,-0.19,-0.0,-0.18
2024-03-25 16:59:21.0540,-1.28,-3.14,-0.56,-0.23,-0.11,-0.26
2024-03-25 16:59:21.0640,-0.87,-2.68,-0.77,-0.21,-0.16,-0.34
2024-03-25 16:59:21.0740,-0.61,-1.97,-0.97,-0.13,-0.15,-0.41
2024-03-25 16:59:21.0840,-0.45,-1.35,-1.4,-0.04,-0.1,-0.47
2024-03-25 16:59:21.0940,-0.42,-0.78,-1.92,0.04,-0.03,-0.51
2024-03-25 16:59:21.1040,-0.47,-0.24,-2.54,0.1,0.04,-0.51
2024-03-25 16:59:21.1140,-0.65,0.42,-3.13,0.13,0.09,-0.43
2024-03-25 16:59:21.1240,-0.91,1.01,-3.61,0.14,0.12,-0.31
2024-03-25 16:59:21.1340,-1.09,1.48,-4.0,0.13,0.12,-0.17
2024-03-25 16:59:21.1440,-1.09,1.76,-4.34,0.1,0.08,-0.02
2024-03-25 16:59:21.1540,-0.96,1.88,-4.6,0.05,0.03,0.12
2024-03-25 16:59:21.1640,-0.77,1.85,-4.75,0.0,-0.01,0.27
2024-03-25 16:59:21.1740,-0.61,1.72,-4.77,-0.05,-0.04,0.41
2024-03-25 16:59:21.1840,-0.3,1.45,-4.63,-0.1,-0.06,0.49
2024-03-25 16:59:21.1940,0.26,1.13,-4.38,-0.16,-0.07,0.52
2024-03-25 16:59:21.2040,0.74,0.77,-3.91,-0.15,-0.03,0.51
2024-03-25 16:59:21.2140,1.21,0.51,-3.13,-0.11,0.07,0.49
2024-03-25 16:59:21.2240,1.45,0.16,-2.42,-0.05,0.17,0.46
2024-03-25 16:59:21.2340,1.47,0.0,-1.87,-0.03,0.23,0.43
2024-03-25 16:59:21.2440,1.28,-0.1,-1.54,-0.04,0.18,0.42
2024-03-25 16:59:21.2540,1.07,-0.03,-1.26,-0.08,0.02,0.43
2024-03-25 16:59:21.2640,1.05,0.04,-1.22,-0.18,-0.19,0.46
2024-03-25 16:59:21.2740,1.33,-0.03,-1.39,-0.3,-0.38,0.49
2024-03-25 16:59:21.2840,1.92,-0.28,-1.38,-0.44,-0.48,0.4
2024-03-25 16:59:21.2940,2.91,-0.82,-1.13,-0.54,-0.34,0.14
2024-03-25 16:59:21.3040,3.98,-1.28,-0.43,-0.52,-0.0,-0.2
2024-03-25 16:59:21.3140,4.42,-1.27,0.86,-0.38,0.41,-0.52
2024-03-25 16:59:21.3240,3.92,-0.95,2.27,-0.21,0.76,-0.72
2024-03-25 16:59:21.3340,2.52,-0.41,3.32,-0.09,0.93,-0.81
2024-03-25 16:59:21.3440,1.07,0.24,3.77,-0.09,0.9,-0.81
2024-03-25 16:59:21.3540,-0.24,0.84,4.04,-0.12,0.69,-0.76
2024-03-25 16:59:21.3640,-1.34,1.3,4.44,-0.13,0.42,-0.67
2024-03-25 16:59:21.3740,-2.14,1.54,4.85,-0.1,0.18,-0.57
2024-03-25 16:59:21.3840,-2.4,1.84,5.11,-0.04,0.02,-0.49
2024-03-25 16:59:21.3940,-2.37,2.19,5.01,-0.0,-0.01,-0.4
2024-03-25 16:59:21.4040,-2.32,2.49,4.63,-0.03,0.09,-0.26
2024-03-25 16:59:21.4140,-2.59,2.64,4.11,-0.08,0.31,-0.02
2024-03-25 16:59:21.4240,-2.97,2.47,4.21,-0.04,0.51,0.26
2024-03-25 16:59:21.4340,-3.02,1.91,5.15,0.14,0.52,0.44
2024-03-25 16:59:21.4440,-2.52,0.91,5.91,0.35,0.43,0.54
2024-03-25 16:59:21.4540,-1.85,-0.46,5.72,0.54,0.25,0.59
2024-03-25 16:59:21.4640,-1.21,-1.75,4.95,0.66,0.06,0.55
2024-03-25 16:59:21.4740,-0.5,-2.79,3.75,0.7,-0.1,0.45
2024-03-25 16:59:21.4830,0.06,-3.56,2.49,0.73,-0.18,0.3
2024-03-25 16:59:21.4930,0.46,-3.97,1.58,0.78,-0.17,0.15
2024-03-25 16:59:21.5040,0.49,-4.12,0.71,0.82,-0.09,0.04
2024-03-25 16:59:21.5130,0.21,-4.0,-0.34,0.79,0.05,-0.03
2024-03-25 16:59:21.5230,-0.25,-3.63,-1.49,0.67,0.21,-0.03
2024-03-25 16:59:21.5330,-0.91,-3.17,-2.57,0.48,0.31,0.04
2024-03-25 16:59:21.5430,-1.5,-2.6,-3.32,0.25,0.3,0.15
2024-03-25 16:59:21.5540,-1.93,-2.19,-3.76,0.01,0.19,0.26
2024-03-25 16:59:21.5630,-2.07,-1.8,-4.06,-0.25,-0.01,0.34
2024-03-25 16:59:21.5740,-2.05,-1.37,-4.23,-0.49,-0.24,0.42
2024-03-25 16:59:21.5830,-1.96,-0.97,-4.11,-0.62,-0.39,0.51
2024-03-25 16:59:21.5930,-1.74,-0.62,-3.56,-0.62,-0.4,0.59
2024-03-25 16:59:21.6030,-1.37,-0.41,-2.97,-0.54,-0.31,0.64
2024-03-25 16:59:21.6130,-0.94,-0.33,-2.74,-0.44,-0.22,0.66
2024-03-25 16:59:21.6230,-0.53,-0.22,-2.87,-0.35,-0.16,0.64
2024-03-25 16:59:21.6330,-0.21,-0.07,-3.17,-0.3,-0.14,0.61
2024-03-25 16:59:21.6430,-0.01,0.13,-3.52,-0.27,-0.1,0.6
2024-03-25 16:59:21.6540,0.04,0.3,-3.79,-0.23,-0.06,0.61
2024-03-25 16:59:21.6640,0.06,0.38,-3.81,-0.22,-0.02,0.61
2024-03-25 16:59:21.6730,0.11,0.32,-3.84,-0.24,0.04,0.64
2024-03-25 16:59:21.6830,0.09,0.22,-3.81,-0.25,0.1,0.66
2024-03-25 16:59:21.6930,0.1,0.08,-3.45,-0.21,0.13,0.66
2024-03-25 16:59:21.7030,0.17,-0.06,-2.95,-0.15,0.12,0.61
2024-03-25 16:59:21.7130,0.38,-0.11,-2.5,-0.1,0.08,0.51
2024-03-25 16:59:21.7230,0.71,-0.03,-2.28,-0.08,0.02,0.38
2024-03-25 16:59:21.7340,0.93,0.29,-2.3,-0.15,-0.02,0.3
2024-03-25 16:59:21.7440,0.73,0.63,-2.37,-0.24,-0.01,0.3
2024-03-25 16:59:21.7540,0.39,0.98,-1.91,-0.31,0.1,0.36
2024-03-25 16:59:21.7630,0.04,1.16,-1.08,-0.33,0.28,0.48
2024-03-25 16:59:21.7730,-0.1,1.26,0.13,-0.29,0.41,0.53
2024-03-25 16:59:21.7830,0.23,1.11,1.27,-0.22,0.42,0.48
2024-03-25 16:59:21.7930,0.64,0.85,2.09,-0.16,0.31,0.34
2024-03-25 16:59:21.8030,0.97,0.63,2.74,-0.08,0.14,0.15
2024-03-25 16:59:21.8130,1.14,0.49,3.29,-0.01,-0.02,-0.05
2024-03-25 16:59:21.8230,1.15,0.57,3.54,-0.0,-0.14,-0.2
2024-03-25 16:59:21.8340,0.79,0.74,3.49,-0.04,-0.17,-0.24
2024-03-25 16:59:21.8430,0.37,1.02,3.61,-0.08,-0.17,-0.23
2024-03-25 16:59:21.8530,0.19,1.29,3.97,-0.09,-0.18,-0.22
2024-03-25 16:59:21.8630,0.4,1.34,4.28,-0.1,-0.23,-0.29
2024-03-25 16:59:21.8730,0.87,1.31,4.28,-0.1,-0.24,-0.38
2024-03-25 16:59:21.8830,1.28,1.35,4.36,-0.04,-0.27,-0.56
2024-03-25 16:59:21.8930,1.6,1.51,4.58,0.03,-0.24,-0.67
2024-03-25 16:59:21.9030,1.28,1.8,4.65,0.12,-0.13,-0.67
2024-03-25 16:59:21.9130,0.72,1.77,4.95,0.27,0.03,-0.58
2024-03-25 16:59:21.9230,0.32,1.45,5.4,0.46,0.09,-0.49
2024-03-25 16:59:21.9330,0.22,0.87,5.41,0.58,0.0,-0.46
2024-03-25 16:59:21.9430,0.44,0.12,4.73,0.66,-0.14,-0.45
2024-03-25 16:59:21.9530,0.59,-0.59,3.86,0.69,-0.28,-0.46
2024-03-25 16:59:21.9630,0.71,-1.2,2.85,0.72,-0.36,-0.49
2024-03-25 16:59:21.9730,0.9,-1.57,2.04,0.75,-0.39,-0.52
2024-03-25 16:59:21.9830,0.9,-1.77,1.18,0.73,-0.37,-0.53
2024-03-25 16:59:21.9940,0.71,-1.83,0.27,0.69,-0.34,-0.51
2024-03-25 16:59:22.0030,0.46,-1.76,-0.54,0.59,-0.27,-0.45
2024-03-25 16:59:22.0130,0.16,-1.7,-1.3,0.46,-0.19,-0.35
2024-03-25 16:59:22.0230,-0.16,-1.7,-1.92,0.27,-0.1,-0.25
2024-03-25 16:59:22.0330,-0.37,-1.88,-2.46,0.07,-0.02,-0.13
2024-03-25 16:59:22.0430,-0.54,-2.2,-2.61,-0.07,0.02,-0.04
2024-03-25 16:59:22.0530,-0.58,-2.53,-2.32,-0.13,-0.02,0.0
2024-03-25 16:59:22.0630,-0.33,-2.86,-2.03,-0.15,-0.11,-0.05
2024-03-25 16:59:22.0730,0.18,-2.99,-2.04,-0.15,-0.23,-0.19
2024-03-25 16:59:22.0830,0.72,-2.87,-2.37,-0.16,-0.28,-0.35
2024-03-25 16:59:22.0930,1.04,-2.45,-2.85,-0.17,-0.23,-0.47
2024-03-25 16:59:22.1030,1.03,-1.9,-3.29,-0.18,-0.11,-0.53
2024-03-25 16:59:22.1130,0.76,-1.34,-3.51,-0.16,0.02,-0.53
2024-03-25 16:59:22.1230,0.49,-0.84,-3.57,-0.15,0.12,-0.5
2024-03-25 16:59:22.1330,0.31,-0.41,-3.61,-0.14,0.18,-0.47
2024-03-25 16:59:22.1430,0.25,-0.15,-3.53,-0.09,0.19,-0.45
2024-03-25 16:59:22.1530,0.3,-0.03,-3.13,-0.0,0.19,-0.46
2024-03-25 16:59:22.1630,0.38,0.01,-2.76,0.1,0.16,-0.47
2024-03-25 16:59:22.1730,0.47,0.09,-2.43,0.21,0.1,-0.49
2024-03-25 16:59:22.1830,0.47,0.28,-2.12,0.24,0.03,-0.49
2024-03-25 16:59:22.1930,0.5,0.59,-2.45,0.16,-0.01,-0.43
2024-03-25 16:59:22.2030,0.32,0.83,-2.84,0.07,0.0,-0.33
2024-03-25 16:59:22.2130,0.27,0.86,-2.7,0.01,0.06,-0.22
2024-03-25 16:59:22.2230,0.38,0.67,-2.26,0.01,0.14,-0.15
2024-03-25 16:59:22.2330,0.53,0.42,-1.74,0.02,0.19,-0.1
2024-03-25 16:59:22.2430,0.53,0.1,-1.33,-0.0,0.23,-0.04
2024-03-25 16:59:22.2530,0.42,-0.05,-1.05,-0.02,0.16,0.0
2024-03-25 16:59:22.2630,0.43,-0.07,-0.8,-0.04,-0.01,-0.06
2024-03-25 16:59:22.2730,0.46,-0.3,-0.61,-0.09,-0.22,-0.17
2024-03-25 16:59:22.2830,0.7,-0.16,-0.62,-0.2,-0.29,-0.22
2024-03-25 16:59:22.2930,0.68,0.1,-0.66,-0.3,-0.24,-0.24
2024-03-25 16:59:22.3030,0.57,0.42,-0.17,-0.33,-0.05,-0.22
2024-03-25 16:59:22.3130,0.38,0.69,0.72,-0.29,0.24,-0.15
2024-03-25 16:59:22.3230,0.07,0.92,1.7,-0.23,0.49,-0.09
2024-03-25 16:59:22.3330,-0.16,1.13,2.54,-0.19,0.59,-0.04
2024-03-25 16:59:22.3430,-0.36,1.15,3.18,-0.17,0.56,-0.06
2024-03-25 16:59:22.3530,-0.42,1.06,3.88,-0.12,0.43,-0.13
2024-03-25 16:59:22.3630,-0.45,1.0,4.64,-0.02,0.28,-0.2
2024-03-25 16:59:22.3730,-0.53,0.94,5.31,0.16,0.17,-0.28
2024-03-25 16:59:22.3830,-0.52,0.99,5.77,0.39,0.11,-0.37
2024-03-25 16:59:22.3930,-0.49,1.16,5.73,0.59,0.12,-0.44
2024-03-25 16:59:22.4030,-0.56,1.5,5.07,0.73,0.11,-0.49
2024-03-25 16:59:22.4130,-0.72,2.01,4.23,0.75,0.08,-0.49
2024-03-25 16:59:22.4230,-1.27,2.38,3.13,0.58,0.12,-0.3
2024-03-25 16:59:22.4330,-2.33,2.38,2.16,0.36,0.23,0.09
2024-03-25 16:59:22.4430,-3.17,1.74,2.34,0.33,0.26,0.5
2024-03-25 16:59:22.4530,-2.62,0.23,3.51,0.43,0.15,0.67
2024-03-25 16:59:22.4630,-1.25,-1.81,3.74,0.56,-0.08,0.64
2024-03-25 16:59:22.4730,0.05,-3.38,3.28,0.63,-0.3,0.4
2024-03-25 16:59:22.4830,1.2,-4.44,2.39,0.58,-0.43,0.12
2024-03-25 16:59:22.4930,1.5,-4.84,1.28,0.48,-0.4,-0.05
2024-03-25 16:59:22.5030,1.03,-4.8,0.67,0.41,-0.22,-0.11
2024-03-25 16:59:22.5130,0.32,-4.66,0.46,0.34,-0.03,-0.11
2024-03-25 16:59:22.5230,-0.4,-4.58,0.04,0.22,0.1,-0.09
2024-03-25 16:59:22.5330,-0.98,-4.51,-0.59,0.11,0.16,-0.09
2024-03-25 16:59:22.5430,-1.32,-4.28,-0.85,0.05,0.11,-0.15
2024-03-25 16:59:22.5530,-1.46,-3.66,-0.98,0.02,-0.0,-0.18
2024-03-25 16:59:22.5630,-1.66,-2.77,-1.47,-0.04,-0.17,-0.17
2024-03-25 16:59:22.5730,-1.86,-1.95,-2.35,-0.15,-0.32,-0.12
2024-03-25 16:59:22.5830,-1.88,-1.18,-3.28,-0.29,-0.42,-0.02
2024-03-25 16:59:22.5930,-1.88,-0.58,-4.07,-0.42,-0.42,0.12
2024-03-25 16:59:22.6030,-1.73,-0.12,-4.49,-0.5,-0.31,0.28
2024-03-25 16:59:22.6130,-1.54,0.14,-4.57,-0.52,-0.16,0.42
2024-03-25 16:59:22.6230,-1.28,0.17,-4.5,-0.51,-0.03,0.5
2024-03-25 16:59:22.6330,-0.97,0.12,-4.43,-0.49,0.03,0.54
2024-03-25 16:59:22.6430,-0.76,-0.02,-4.41,-0.43,0.05,0.57
2024-03-25 16:59:22.6530,-0.75,-0.08,-4.19,-0.35,0.0,0.57
2024-03-25 16:59:22.6630,-0.74,-0.03,-4.14,-0.33,-0.08,0.6
2024-03-25 16:59:22.6730,-0.88,0.01,-4.42,-0.35,-0.16,0.67
2024-03-25 16:59:22.6830,-1.0,0.23,-4.61,-0.41,-0.19,0.75
2024-03-25 16:59:22.6930,-0.87,0.3,-4.74,-0.47,-0.15,0.84
2024-03-25 16:59:22.7030,-0.64,0.31,-4.56,-0.48,-0.08,0.9
2024-03-25 16:59:22.7130,-0.43,0.2,-4.08,-0.46,0.03,0.92
2024-03-25 16:59:22.7230,-0.1,0.07,-3.63,-0.46,0.11,0.86
2024-03-25 16:59:22.7330,0.29,-0.19,-3.25,-0.44,0.13,0.75
2024-03-25 16:59:22.7430,0.65,-0.34,-2.71,-0.44,0.05,0.61
2024-03-25 16:59:22.7530,0.73,-0.33,-2.16,-0.46,-0.09,0.49
2024-03-25 16:59:22.7630,0.81,0.03,-1.64,-0.52,-0.24,0.41
2024-03-25 16:59:22.7730,0.7,0.52,-1.25,-0.61,-0.31,0.44
2024-03-25 16:59:22.7830,0.37,0.93,-0.67,-0.68,-0.28,0.51
2024-03-25 16:59:22.7930,0.27,1.08,0.43,-0.63,-0.15,0.55
2024-03-25 16:59:22.8030,0.62,0.91,2.05,-0.45,0.02,0.49
2024-03-25 16:59:22.8130,1.26,0.58,3.77,-0.19,0.12,0.32
2024-03-25 16:59:22.8230,1.86,0.32,5.09,0.03,0.07,0.05
2024-03-25 16:59:22.8330,2.1,0.21,5.59,0.1,-0.06,-0.18
2024-03-25 16:59:22.8430,1.77,0.43,5.5,0.13,-0.29,-0.32
2024-03-25 16:59:22.8530,0.85,0.97,5.59,0.13,-0.45,-0.33
2024-03-25 16:59:22.8630,0.12,1.55,5.7,0.09,-0.52,-0.28
2024-03-25 16:59:22.8730,-0.14,1.91,5.53,0.08,-0.54,-0.29
2024-03-25 16:59:22.8830,0.05,2.04,5.46,0.11,-0.52,-0.35
2024-03-25 16:59:22.8930,0.26,2.02,5.33,0.17,-0.48,-0.43
2024-03-25 16:59:22.9040,0.36,2.11,5.09,0.24,-0.37,-0.49
2024-03-25 16:59:22.9130,0.23,2.18,4.79,0.26,-0.19,-0.51
2024-03-25 16:59:22.9230,-0.14,2.03,4.39,0.23,0.02,-0.44
2024-03-25 16:59:22.9330,-0.83,1.68,4.34,0.27,0.14,-0.35
2024-03-25 16:59:22.9430,-1.17,1.2,4.81,0.38,0.03,-0.33
2024-03-25 16:59:22.9530,-1.38,0.67,4.74,0.5,-0.12,-0.32
2024-03-25 16:59:22.9630,-1.24,0.25,3.93,0.54,-0.25,-0.3
2024-03-25 16:59:22.9730,-1.08,0.03,2.51,0.48,-0.3,-0.23
2024-03-25 16:59:22.9830,-0.92,-0.36,1.22,0.45,-0.27,-0.16
2024-03-25 16:59:22.9930,-0.59,-0.95,0.66,0.48,-0.19,-0.11
2024-03-25 16:59:23.0030,-0.29,-1.57,0.3,0.53,-0.16,-0.11
2024-03-25 16:59:23.0130,0.0,-2.01,-0.35,0.54,-0.14,-0.15
2024-03-25 16:59:23.0230,0.23,-2.25,-1.3,0.49,-0.11,-0.19
2024-03-25 16:59:23.0330,0.33,-2.26,-2.27,0.36,-0.08,-0.22
2024-03-25 16:59:23.0430,0.35,-2.11,-3.08,0.19,-0.0,-0.21
2024-03-25 16:59:23.0530,0.13,-1.81,-3.54,-0.02,0.16,-0.1
2024-03-25 16:59:23.0630,-0.27,-1.57,-3.79,-0.24,0.32,0.06
2024-03-25 16:59:23.0730,-0.54,-1.47,-3.58,-0.4,0.41,0.19
2024-03-25 16:59:23.0830,-0.36,-1.6,-2.85,-0.48,0.42,0.21
2024-03-25 16:59:23.0930,0.19,-1.78,-2.26,-0.53,0.37,0.16
2024-03-25 16:59:23.1030,0.62,-1.8,-1.97,-0.52,0.32,0.09
2024-03-25 16:59:23.1130,0.85,-1.67,-1.68,-0.46,0.3,0.01
2024-03-25 16:59:23.1230,0.97,-1.54,-1.58,-0.38,0.31,-0.08
2024-03-25 16:59:23.1330,1.03,-1.34,-1.63,-0.29,0.32,-0.15
2024-03-25 16:59:23.1430,1.01,-1.1,-1.83,-0.21,0.31,-0.21
2024-03-25 16:59:23.1530,0.88,-0.77,-2.15,-0.17,0.28,-0.23
2024-03-25 16:59:23.1630,0.74,-0.4,-2.54,-0.16,0.25,-0.22
2024-03-25 16:59:23.1730,0.6,-0.13,-2.78,-0.12,0.24,-0.19
2024-03-25 16:59:23.1830,0.53,0.08,-2.76,-0.06,0.24,-0.15
2024-03-25 16:59:23.1930,0.56,0.19,-2.74,-0.02,0.22,-0.13
2024-03-25 16:59:23.2030,0.65,0.28,-2.91,-0.02,0.18,-0.11
2024-03-25 16:59:23.2130,0.72,0.38,-3.21,-0.07,0.13,-0.09
2024-03-25 16:59:23.2230,0.74,0.52,-3.44,-0.14,0.1,-0.03
2024-03-25 16:59:23.2330,0.67,0.74,-3.36,-0.2,0.09,0.05
2024-03-25 16:59:23.2430,0.66,0.92,-2.95,-0.25,0.07,0.14
2024-03-25 16:59:23.2530,0.68,0.95,-2.48,-0.27,0.04,0.24
2024-03-25 16:59:23.2630,0.7,0.86,-1.87,-0.26,0.03,0.31
2024-03-25 16:59:23.2730,0.76,0.67,-1.24,-0.22,0.04,0.38
2024-03-25 16:59:23.2830,0.78,0.47,-0.72,-0.16,0.03,0.39
2024-03-25 16:59:23.2930,1.01,0.25,-0.11,-0.09,-0.01,0.34
2024-03-25 16:59:23.3030,1.1,0.02,0.45,-0.02,-0.09,0.27
2024-03-25 16:59:23.3130,1.24,0.02,1.14,0.04,-0.18,0.15
2024-03-25 16:59:23.3230,1.52,0.13,1.44,0.03,-0.23,0.02
2024-03-25 16:59:23.3330,1.6,0.35,1.46,-0.02,-0.25,-0.1
2024-03-25 16:59:23.3430,1.56,0.62,1.69,-0.06,-0.24,-0.21
2024-03-25 16:59:23.3530,1.34,0.87,2.13,-0.08,-0.16,-0.28
2024-03-25 16:59:23.3630,1.06,1.1,2.65,-0.05,0.01,-0.3
2024-03-25 16:59:23.3730,0.74,1.14,3.31,0.01,0.22,-0.3
2024-03-25 16:59:23.3820,0.53,1.14,3.87,0.07,0.42,-0.3
2024-03-25 16:59:23.3930,0.46,1.05,4.33,0.16,0.51,-0.33
2024-03-25 16:59:23.4020,0.39,0.98,4.89,0.25,0.47,-0.41
2024-03-25 16:59:23.4130,0.37,0.94,5.22,0.34,0.38,-0.52
2024-03-25 16:59:23.4220,0.4,1.18,5.28,0.39,0.27,-0.61
2024-03-25 16:59:23.4330,0.13,1.45,5.03,0.33,0.22,-0.63
2024-03-25 16:59:23.4430,-0.63,1.54,4.37,0.2,0.31,-0.46
2024-03-25 16:59:23.4530,-1.85,1.38,4.22,0.23,0.4,-0.16
2024-03-25 16:59:23.4620,-2.55,1.0,5.25,0.47,0.32,0.09
2024-03-25 16:59:23.4720,-2.29,0.14,5.92,0.7,0.05,0.18
2024-03-25 16:59:23.4820,-1.46,-0.94,4.81,0.77,-0.24,0.17
2024-03-25 16:59:23.4930,-0.81,-1.75,2.95,0.74,-0.48,0.12
2024-03-25 16:59:23.5020,-0.42,-2.19,1.55,0.68,-0.57,0.08
2024-03-25 16:59:23.5120,-0.34,-2.58,0.66,0.64,-0.55,0.05
2024-03-25 16:59:23.5220,-0.33,-2.68,0.09,0.61,-0.45,0.03
2024-03-25 16:59:23.5320,-0.49,-2.78,-0.65,0.56,-0.33,0.03
2024-03-25 16:59:23.5430,-0.66,-2.7,-1.49,0.46,-0.25,0.03
2024-03-25 16:59:23.5520,-0.87,-2.56,-2.45,0.32,-0.19,0.05
2024-03-25 16:59:23.5630,-1.07,-2.29,-3.24,0.16,-0.15,0.08
2024-03-25 16:59:23.5730,-1.18,-1.97,-3.75,-0.01,-0.15,0.14
2024-03-25 16:59:23.5820,-1.27,-1.7,-4.07,-0.19,-0.19,0.21
2024-03-25 16:59:23.5930,-1.21,-1.51,-4.38,-0.36,-0.23,0.27
2024-03-25 16:59:23.6020,-1.05,-1.42,-4.49,-0.5,-0.23,0.33
2024-03-25 16:59:23.6120,-0.76,-1.44,-4.29,-0.58,-0.18,0.36
2024-03-25 16:59:23.6220,-0.41,-1.57,-3.8,-0.59,-0.09,0.36
2024-03-25 16:59:23.6320,-0.16,-1.7,-3.25,-0.55,0.0,0.33
2024-03-25 16:59:23.6420,-0.02,-1.72,-2.81,-0.48,0.08,0.29
2024-03-25 16:59:23.6520,-0.01,-1.68,-2.53,-0.4,0.12,0.25
2024-03-25 16:59:23.6620,-0.04,-1.58,-2.39,-0.33,0.1,0.2
2024-03-25 16:59:23.6720,-0.04,-1.37,-2.37,-0.26,0.05,0.14
2024-03-25 16:59:23.6820,-0.09,-1.04,-2.5,-0.22,-0.01,0.1
2024-03-25 16:59:23.6920,-0.33,-0.6,-2.8,-0.21,-0.06,0.11
2024-03-25 16:59:23.7020,-0.55,-0.16,-3.13,-0.21,-0.1,0.14
2024-03-25 16:59:23.7120,-0.78,0.16,-3.28,-0.22,-0.1,0.21
2024-03-25 16:59:23.7220,-0.85,0.45,-3.34,-0.23,-0.08,0.27
2024-03-25 16:59:23.7320,-0.78,0.57,-3.31,-0.24,-0.06,0.31
2024-03-25 16:59:23.7420,-0.55,0.71,-3.26,-0.29,-0.06,0.34
2024-03-25 16:59:23.7530,-0.42,0.71,-3.12,-0.38,-0.03,0.36
2024-03-25 16:59:23.7630,-0.32,0.7,-2.78,-0.45,0.06,0.37
2024-03-25 16:59:23.7720,-0.21,0.63,-1.93,-0.45,0.22,0.37
2024-03-25 16:59:23.7820,-0.02,0.44,-0.49,-0.33,0.36,0.32
2024-03-25 16:59:23.7920,0.15,0.32,1.22,-0.12,0.42,0.23
2024-03-25 16:59:23.8020,0.17,0.37,2.5,0.07,0.33,0.14
2024-03-25 16:59:23.8120,0.01,0.57,3.16,0.19,0.12,0.04
2024-03-25 16:59:23.8220,-0.22,0.92,3.17,0.22,-0.1,-0.0
2024-03-25 16:59:23.8320,-0.46,1.34,2.83,0.19,-0.26,-0.01
2024-03-25 16:59:23.8420,-0.59,1.78,2.72,0.13,-0.3,0.03
2024-03-25 16:59:23.8520,-0.62,2.12,2.61,0.05,-0.22,0.11
2024-03-25 16:59:23.8620,-0.58,2.38,2.66,-0.01,-0.13,0.17
2024-03-25 16:59:23.8720,-0.31,2.41,2.94,-0.03,-0.09,0.2
2024-03-25 16:59:23.8820,0.06,2.2,3.49,0.02,-0.12,0.14
2024-03-25 16:59:23.8920,0.48,1.87,4.14,0.11,-0.19,0.03
2024-03-25 16:59:23.9020,0.88,1.63,4.63,0.25,-0.27,-0.13
2024-03-25 16:59:23.9120,1.45,1.66,4.79,0.36,-0.31,-0.3
2024-03-25 16:59:23.9220,1.85,1.86,4.47,0.38,-0.26,-0.39
2024-03-25 16:59:23.9320,1.69,2.0,3.84,0.32,-0.07,-0.35
2024-03-25 16:59:23.9420,1.22,1.84,3.59,0.23,0.18,-0.18
2024-03-25 16:59:23.9520,0.62,0.9,4.01,0.29,0.3,-0.07
2024-03-25 16:59:23.9620,0.75,-0.26,4.99,0.43,0.23,-0.09
2024-03-25 16:59:23.9720,1.28,-1.28,5.05,0.59,-0.0,-0.26
2024-03-25 16:59:23.9820,1.68,-1.94,4.32,0.69,-0.26,-0.45
2024-03-25 16:59:23.9920,1.69,-2.14,2.94,0.67,-0.42,-0.56
2024-03-25 16:59:24.0020,1.41,-2.01,1.36,0.61,-0.45,-0.58
2024-03-25 16:59:24.0120,1.11,-1.76,0.13,0.54,-0.38,-0.54
2024-03-25 16:59:24.0220,0.91,-1.6,-0.86,0.45,-0.25,-0.49
2024-03-25 16:59:24.0320,0.76,-1.47,-1.76,0.3,-0.11,-0.41
2024-03-25 16:59:24.0420,0.53,-1.39,-2.59,0.11,0.02,-0.32
2024-03-25 16:59:24.0520,0.18,-1.33,-3.26,-0.12,0.12,-0.2
2024-03-25 16:59:24.0620,-0.2,-1.51,-3.56,-0.31,0.2,-0.09
2024-03-25 16:59:24.0720,-0.3,-1.81,-3.32,-0.44,0.23,-0.03
2024-03-25 16:59:24.0820,-0.27,-2.21,-3.08,-0.52,0.2,-0.01
2024-03-25 16:59:24.0920,-0.12,-2.5,-2.78,-0.52,0.11,-0.07
2024-03-25 16:59:24.1020,0.22,-2.53,-2.49,-0.47,0.0,-0.19
2024-03-25 16:59:24.1120,0.56,-2.28,-2.38,-0.38,-0.05,-0.29
2024-03-25 16:59:24.1220,0.7,-1.93,-2.45,-0.3,-0.06,-0.39
2024-03-25 16:59:24.1320,0.7,-1.55,-2.78,-0.24,-0.03,-0.44
2024-03-25 16:59:24.1420,0.53,-1.14,-3.23,-0.21,0.01,-0.44
2024-03-25 16:59:24.1520,0.31,-0.64,-3.55,-0.19,0.05,-0.39
2024-03-25 16:59:24.1620,0.14,-0.22,-3.73,-0.18,0.08,-0.32
2024-03-25 16:59:24.1720,0.12,0.11,-3.83,-0.16,0.11,-0.24
2024-03-25 16:59:24.1820,0.2,0.27,-3.78,-0.15,0.1,-0.18
2024-03-25 16:59:24.1920,0.32,0.29,-3.7,-0.15,0.07,-0.15
2024-03-25 16:59:24.2020,0.54,0.26,-3.58,-0.15,0.02,-0.13
2024-03-25 16:59:24.2120,0.76,0.3,-3.26,-0.16,-0.03,-0.12
2024-03-25 16:59:24.2220,0.91,0.48,-2.87,-0.2,-0.04,-0.08
2024-03-25 16:59:24.2320,0.97,0.63,-2.45,-0.26,-0.01,-0.03
2024-03-25 16:59:24.2420,0.87,0.71,-1.97,-0.3,0.07,0.05
2024-03-25 16:59:24.2530,0.76,0.67,-1.25,-0.28,0.13,0.1
2024-03-25 16:59:24.2620,0.74,0.56,-0.43,-0.23,0.13,0.11
2024-03-25 16:59:24.2720,0.66,0.48,0.05,-0.2,0.03,0.08
2024-03-25 16:59:24.2820,0.67,0.46,0.22,-0.21,-0.12,0.02
2024-03-25 16:59:24.2920,0.75,0.4,0.22,-0.23,-0.22,-0.05
2024-03-25 16:59:24.3020,0.84,0.45,0.35,-0.22,-0.23,-0.13
2024-03-25 16:59:24.3120,1.03,0.6,0.68,-0.2,-0.13,-0.2
2024-03-25 16:59:24.3220,1.17,0.92,1.1,-0.17,0.04,-0.25
2024-03-25 16:59:24.3320,1.11,1.2,1.46,-0.12,0.27,-0.28
2024-03-25 16:59:24.3430,0.91,1.4,2.08,-0.05,0.48,-0.28
2024-03-25 16:59:24.3520,0.44,1.49,2.82,0.04,0.57,-0.23
2024-03-25 16:59:24.3620,-0.26,1.58,3.61,0.09,0.48,-0.18
2024-03-25 16:59:24.3720,-0.72,1.56,4.14,0.15,0.27,-0.15
2024-03-25 16:59:24.3820,-0.88,1.39,4.59,0.23,0.05,-0.16
2024-03-25 16:59:24.3920,-0.69,1.31,4.83,0.33,-0.1,-0.2
2024-03-25 16:59:24.4020,-0.3,1.29,4.73,0.47,-0.17,-0.25
2024-03-25 16:59:24.4120,0.19,1.49,4.61,0.58,-0.18,-0.31
2024-03-25 16:59:24.4220,0.36,1.79,3.92,0.48,-0.09,-0.29
2024-03-25 16:59:24.4320,-0.18,1.83,2.67,0.23,0.12,-0.07
2024-03-25 16:59:24.4420,-1.14,1.7,2.36,0.08,0.35,0.25
2024-03-25 16:59:24.4520,-1.67,1.19,3.58,0.12,0.48,0.52
2024-03-25 16:59:24.4620,-1.54,-0.06,5.05,0.26,0.41,0.64
2024-03-25 16:59:24.4720,-1.26,-1.74,5.46,0.43,0.17,0.63
2024-03-25 16:59:24.4820,-0.69,-2.99,5.25,0.52,-0.17,0.46
2024-03-25 16:59:24.4920,0.01,-3.89,4.32,0.52,-0.45,0.27
2024-03-25 16:59:24.5020,-0.09,-4.34,3.37,0.51,-0.57,0.19
2024-03-25 16:59:24.5120,-0.74,-4.36,2.93,0.56,-0.52,0.23
2024-03-25 16:59:24.5220,-1.51,-4.26,2.81,0.68,-0.44,0.32
2024-03-25 16:59:24.5320,-2.03,-4.0,2.45,0.76,-0.4,0.36
2024-03-25 16:59:24.5420,-1.9,-3.72,1.3,0.73,-0.41,0.28
2024-03-25 16:59:24.5520,-1.43,-3.35,-0.38,0.62,-0.39,0.16
2024-03-25 16:59:24.5630,-1.19,-2.78,-1.82,0.51,-0.34,0.06
2024-03-25 16:59:24.5720,-1.39,-2.14,-2.75,0.42,-0.24,0.06
2024-03-25 16:59:24.5820,-1.83,-1.52,-3.52,0.32,-0.14,0.15
2024-03-25 16:59:24.5920,-2.26,-0.93,-4.3,0.18,-0.06,0.3
2024-03-25 16:59:24.6020,-2.37,-0.49,-5.0,0.03,-0.0,0.44
2024-03-25 16:59:24.6120,-2.13,-0.29,-5.38,-0.1,0.01,0.52
2024-03-25 16:59:24.6220,-1.69,-0.32,-5.43,-0.21,0.01,0.56
2024-03-25 16:59:24.6320,-1.33,-0.51,-5.26,-0.27,0.04,0.55
2024-03-25 16:59:24.6420,-1.01,-0.72,-4.95,-0.26,0.08,0.52
2024-03-25 16:59:24.6520,-0.74,-0.98,-4.56,-0.21,0.14,0.44
2024-03-25 16:59:24.6620,-0.46,-1.19,-4.25,-0.14,0.17,0.36
2024-03-25 16:59:24.6720,-0.27,-1.15,-4.08,-0.11,0.13,0.27
2024-03-25 16:59:24.6820,-0.16,-0.9,-4.24,-0.13,0.08,0.24
2024-03-25 16:59:24.6920,-0.2,-0.56,-4.51,-0.2,0.04,0.24
2024-03-25 16:59:24.7020,-0.2,-0.19,-4.59,-0.27,0.03,0.26
2024-03-25 16:59:24.7120,-0.17,-0.05,-4.4,-0.35,0.09,0.28
2024-03-25 16:59:24.7220,-0.15,0.06,-3.97,-0.39,0.21,0.31
2024-03-25 16:59:24.7320,-0.13,0.17,-3.27,-0.37,0.32,0.31
2024-03-25 16:59:24.7420,-0.04,0.34,-2.34,-0.31,0.35,0.27
2024-03-25 16:59:24.7520,0.03,0.64,-1.58,-0.28,0.28,0.21
2024-03-25 16:59:24.7620,-0.01,0.8,-1.17,-0.26,0.17,0.17
2024-03-25 16:59:24.7720,-0.1,1.06,-0.7,-0.24,0.07,0.18
2024-03-25 16:59:24.7820,-0.36,1.23,-0.07,-0.21,0.02,0.22
2024-03-25 16:59:24.7920,-0.52,1.37,0.43,-0.21,-0.01,0.27
2024-03-25 16:59:24.8020,-0.52,1.48,0.76,-0.23,0.01,0.3
2024-03-25 16:59:24.8120,-0.34,1.44,1.17,-0.25,0.05,0.3
2024-03-25 16:59:24.8220,-0.19,1.36,1.76,-0.26,0.09,0.28
2024-03-25 16:59:24.8320,-0.05,1.24,2.41,-0.25,0.09,0.23
2024-03-25 16:59:24.8420,0.23,1.05,3.08,-0.21,0.06,0.12
2024-03-25 16:59:24.8520,0.51,0.82,3.7,-0.13,0.02,-0.01
2024-03-25 16:59:24.8620,0.68,0.64,4.33,-0.01,-0.03,-0.18
2024-03-25 16:59:24.8720,0.82,0.61,4.84,0.14,-0.08,-0.35
2024-03-25 16:59:24.8820,0.81,0.77,4.99,0.25,-0.12,-0.47
2024-03-25 16:59:24.8920,0.65,1.22,4.66,0.27,-0.12,-0.51
2024-03-25 16:59:24.9020,0.52,1.93,4.09,0.17,0.02,-0.42
2024-03-25 16:59:24.9120,0.17,2.28,3.56,-0.01,0.26,-0.22
2024-03-25 16:59:24.9220,-0.19,1.83,3.84,-0.04,0.43,-0.05
2024-03-25 16:59:24.9320,-0.1,0.69,5.12,0.06,0.43,0.01
2024-03-25 16:59:24.9420,0.46,-0.71,5.89,0.32,0.18,-0.12
2024-03-25 16:59:24.9520,1.4,-1.59,6.02,0.54,-0.2,-0.34
2024-03-25 16:59:24.9620,1.81,-2.02,4.91,0.58,-0.5,-0.47
2024-03-25 16:59:24.9720,1.55,-2.09,3.2,0.56,-0.61,-0.5
2024-03-25 16:59:24.9820,1.3,-1.86,2.04,0.57,-0.54,-0.45
2024-03-25 16:59:24.9920,1.11,-1.71,1.39,0.59,-0.39,-0.39
2024-03-25 16:59:25.0020,1.05,-1.59,0.76,0.55,-0.23,-0.34
2024-03-25 16:59:25.0120,0.94,-1.51,-0.08,0.44,-0.14,-0.29
2024-03-25 16:59:25.0220,0.65,-1.41,-0.85,0.26,-0.12,-0.22
2024-03-25 16:59:25.0320,0.19,-1.34,-1.36,0.04,-0.15,-0.12
2024-03-25 16:59:25.0420,-0.4,-1.46,-1.56,-0.15,-0.21,0.01
2024-03-25 16:59:25.0520,-0.75,-1.69,-1.4,-0.3,-0.31,0.09
2024-03-25 16:59:25.0620,-0.73,-2.0,-1.24,-0.41,-0.42,0.11
2024-03-25 16:59:25.0720,-0.45,-2.18,-1.3,-0.47,-0.52,0.07
2024-03-25 16:59:25.0820,-0.13,-2.18,-1.56,-0.48,-0.54,-0.0
2024-03-25 16:59:25.0920,0.06,-1.96,-1.86,-0.42,-0.48,-0.08
2024-03-25 16:59:25.1020,0.13,-1.77,-1.98,-0.27,-0.35,-0.17
2024-03-25 16:59:25.1120,0.13,-1.58,-2.02,-0.08,-0.2,-0.25
2024-03-25 16:59:25.1220,0.01,-1.3,-2.3,0.08,-0.07,-0.32
2024-03-25 16:59:25.1320,-0.19,-0.98,-2.96,0.18,-0.02,-0.37
2024-03-25 16:59:25.1420,-0.37,-0.55,-3.69,0.22,-0.05,-0.4
2024-03-25 16:59:25.1520,-0.46,-0.07,-4.4,0.21,-0.11,-0.39
2024-03-25 16:59:25.1620,-0.5,0.34,-4.93,0.18,-0.16,-0.33
2024-03-25 16:59:25.1720,-0.7,0.6,-5.21,0.13,-0.15,-0.19
2024-03-25 16:59:25.1820,-0.87,0.67,-5.36,0.1,-0.07,-0.02
2024-03-25 16:59:25.1920,-0.78,0.67,-5.29,0.06,0.07,0.14
2024-03-25 16:59:25.2020,-0.46,0.5,-5.17,0.01,0.22,0.22
2024-03-25 16:59:25.2120,0.0,0.34,-4.88,-0.03,0.27,0.24
2024-03-25 16:59:25.2220,0.45,0.27,-4.32,-0.08,0.26,0.22
2024-03-25 16:59:25.2320,0.7,0.26,-3.76,-0.15,0.21,0.21
2024-03-25 16:59:25.2420,0.71,0.26,-3.24,-0.25,0.16,0.23
2024-03-25 16:59:25.2520,0.56,0.2,-2.62,-0.34,0.11,0.28
2024-03-25 16:59:25.2620,0.46,0.24,-1.64,-0.35,0.08,0.32
2024-03-25 16:59:25.2720,0.58,0.26,-0.68,-0.32,0.08,0.32
2024-03-25 16:59:25.2820,0.93,0.23,-0.01,-0.29,0.08,0.26
2024-03-25 16:59:25.2920,1.36,0.21,0.36,-0.29,0.1,0.15
2024-03-25 16:59:25.3010,1.69,0.21,0.55,-0.33,0.19,0.03
2024-03-25 16:59:25.3120,1.8,0.31,0.94,-0.37,0.32,-0.11
2024-03-25 16:59:25.3210,1.83,0.4,1.82,-0.35,0.43,-0.24
2024-03-25 16:59:25.3310,1.57,0.64,2.97,-0.29,0.49,-0.33
2024-03-25 16:59:25.3420,0.96,0.89,3.81,-0.27,0.49,-0.37
2024-03-25 16:59:25.3520,0.44,1.29,4.21,-0.3,0.44,-0.38
2024-03-25 16:59:25.3610,0.22,1.62,4.33,-0.33,0.38,-0.34
2024-03-25 16:59:25.3710,0.09,1.91,4.69,-0.28,0.33,-0.3
2024-03-25 16:59:25.3820,0.13,2.19,5.19,-0.21,0.34,-0.3
2024-03-25 16:59:25.3910,0.45,2.31,5.15,-0.19,0.44,-0.33
2024-03-25 16:59:25.4010,0.66,2.44,4.66,-0.22,0.6,-0.3
2024-03-25 16:59:25.4110,0.18,2.67,4.54,-0.26,0.72,-0.16
2024-03-25 16:59:25.4220,-0.89,2.61,4.92,-0.27,0.76,0.12
2024-03-25 16:59:25.4310,-1.83,2.09,5.57,-0.19,0.66,0.41
2024-03-25 16:59:25.4410,-2.06,0.91,6.26,0.03,0.34,0.59
2024-03-25 16:59:25.4520,-1.39,-0.64,6.69,0.35,-0.11,0.54
2024-03-25 16:59:25.4620,-0.1,-2.18,6.27,0.66,-0.57,0.3
2024-03-25 16:59:25.4710,1.16,-3.43,4.95,0.85,-0.85,-0.01
2024-03-25 16:59:25.4810,1.9,-3.8,2.93,0.87,-0.9,-0.23
2024-03-25 16:59:25.4910,1.72,-3.64,0.94,0.8,-0.75,-0.32
2024-03-25 16:59:25.5010,1.2,-3.29,-0.3,0.72,-0.51,-0.35
2024-03-25 16:59:25.5110,0.77,-2.91,-0.91,0.58,-0.23,-0.31
2024-03-25 16:59:25.5220,0.38,-2.54,-1.53,0.42,-0.09,-0.29
2024-03-25 16:59:25.5310,-0.04,-2.25,-1.9,0.25,-0.08,-0.24
2024-03-25 16:59:25.5420,-0.4,-1.86,-1.92,0.1,-0.15,-0.18
2024-03-25 16:59:25.5510,-0.69,-1.67,-1.93,-0.01,-0.3,-0.14
2024-03-25 16:59:25.5610,-0.65,-1.6,-2.0,-0.08,-0.47,-0.12
2024-03-25 16:59:25.5710,-0.36,-1.63,-2.29,-0.12,-0.59,-0.16
2024-03-25 16:59:25.5810,0.08,-1.66,-2.69,-0.12,-0.6,-0.21
2024-03-25 16:59:25.5910,0.28,-1.69,-3.13,-0.08,-0.54,-0.22
2024-03-25 16:59:25.6010,0.2,-1.57,-3.53,-0.05,-0.45,-0.21
2024-03-25 16:59:25.6110,0.21,-1.47,-4.1,-0.05,-0.35,-0.22
2024-03-25 16:59:25.6210,0.27,-1.41,-4.73,-0.07,-0.27,-0.23
2024-03-25 16:59:25.6310,0.26,-1.32,-5.06,-0.09,-0.16,-0.22
2024-03-25 16:59:25.6410,0.11,-1.14,-5.13,-0.1,-0.05,-0.19
2024-03-25 16:59:25.6510,-0.16,-0.96,-5.16,-0.15,0.03,-0.14
2024-03-25 16:59:25.6610,-0.4,-0.87,-5.05,-0.19,0.08,-0.12
2024-03-25 16:59:25.6710,-0.47,-0.81,-4.52,-0.24,0.07,-0.14
2024-03-25 16:59:25.6810,-0.45,-0.74,-4.01,-0.29,0.05,-0.18
2024-03-25 16:59:25.6910,-0.58,-0.65,-3.49,-0.3,0.06,-0.23
2024-03-25 16:59:25.7010,-0.73,-0.55,-2.73,-0.28,0.12,-0.27
2024-03-25 16:59:25.7110,-0.93,-0.33,-2.01,-0.25,0.22,-0.28
2024-03-25 16:59:25.7210,-1.23,-0.03,-1.39,-0.21,0.33,-0.26
2024-03-25 16:59:25.7310,-1.47,0.32,-0.79,-0.15,0.42,-0.23
2024-03-25 16:59:25.7410,-1.69,0.63,-0.13,-0.09,0.46,-0.17
2024-03-25 16:59:25.7520,-1.99,1.0,0.48,-0.06,0.4,-0.08
2024-03-25 16:59:25.7610,-2.24,1.32,0.91,-0.05,0.29,-0.0
2024-03-25 16:59:25.7710,-2.19,1.57,1.23,-0.07,0.18,0.07
2024-03-25 16:59:25.7810,-2.17,1.7,1.44,-0.12,0.15,0.17
2024-03-25 16:59:25.7910,-2.12,1.63,1.82,-0.13,0.16,0.25
2024-03-25 16:59:25.8010,-1.78,1.49,2.5,-0.1,0.17,0.3
2024-03-25 16:59:25.8110,-1.47,1.3,3.11,-0.08,0.18,0.34
2024-03-25 16:59:25.8210,-1.12,1.15,3.41,-0.1,0.16,0.33
2024-03-25 16:59:25.8310,-0.72,0.97,3.47,-0.14,0.15,0.3
2024-03-25 16:59:25.8410,-0.41,0.83,3.63,-0.19,0.13,0.26
2024-03-25 16:59:25.8510,-0.26,0.79,3.9,-0.18,0.12,0.2
2024-03-25 16:59:25.8610,-0.01,0.77,4.41,-0.12,0.11,0.13
2024-03-25 16:59:25.8710,0.29,0.83,4.8,-0.03,0.04,0.02
2024-03-25 16:59:25.8810,0.7,1.06,4.81,0.03,-0.02,-0.13
2024-03-25 16:59:25.8910,1.06,1.41,4.39,0.01,0.01,-0.22
2024-03-25 16:59:25.9010,1.0,1.74,3.88,0.04,0.1,-0.24
2024-03-25 16:59:25.9110,0.82,1.81,4.08,0.15,0.17,-0.25
2024-03-25 16:59:25.9210,1.02,1.55,4.42,0.34,0.15,-0.32
2024-03-25 16:59:25.9310,1.41,1.17,4.32,0.51,0.06,-0.41
2024-03-25 16:59:25.9410,1.62,0.86,3.47,0.63,-0.03,-0.49
2024-03-25 16:59:25.9510,1.77,0.62,2.45,0.7,-0.06,-0.54
2024-03-25 16:59:25.9610,1.87,0.35,1.37,0.73,-0.02,-0.56
2024-03-25 16:59:25.9710,1.82,-0.03,0.43,0.74,0.02,-0.54
2024-03-25 16:59:25.9810,1.68,-0.41,-0.31,0.71,0.05,-0.51
2024-03-25 16:59:25.9910,1.53,-0.72,-0.99,0.65,0.06,-0.48
2024-03-25 16:59:26.0010,1.39,-0.97,-1.6,0.55,0.05,-0.43
2024-03-25 16:59:26.0110,1.26,-1.15,-2.09,0.42,0.03,-0.38
2024-03-25 16:59:26.0210,1.07,-1.28,-2.51,0.26,0.02,-0.32
2024-03-25 16:59:26.0320,0.87,-1.46,-2.86,0.09,0.02,-0.24
2024-03-25 16:59:26.0410,0.64,-1.67,-3.01,-0.07,-0.0,-0.15
2024-03-25 16:59:26.0510,0.36,-1.98,-3.01,-0.19,-0.03,-0.07
2024-03-25 16:59:26.0610,0.22,-2.29,-2.92,-0.27,-0.07,-0.03
2024-03-25 16:59:26.0710,0.26,-2.67,-2.81,-0.28,-0.11,-0.03
2024-03-25 16:59:26.0810,0.44,-2.88,-2.79,-0.25,-0.12,-0.08
2024-03-25 16:59:26.0910,0.59,-2.96,-2.94,-0.21,-0.12,-0.16
2024-03-25 16:59:26.1010,0.74,-2.88,-3.25,-0.18,-0.1,-0.27
2024-03-25 16:59:26.1110,0.91,-2.62,-3.64,-0.19,-0.06,-0.36
2024-03-25 16:59:26.1210,0.82,-2.17,-4.06,-0.24,-0.03,-0.39
2024-03-25 16:59:26.1310,0.44,-1.66,-4.36,-0.32,0.03,-0.33
2024-03-25 16:59:26.1410,-0.06,-1.13,-4.25,-0.35,0.06,-0.24
2024-03-25 16:59:26.1510,-0.3,-0.59,-3.85,-0.37,0.04,-0.17
2024-03-25 16:59:26.1610,-0.19,-0.29,-3.62,-0.38,0.0,-0.14
2024-03-25 16:59:26.1710,-0.01,-0.11,-3.49,-0.37,-0.02,-0.12
2024-03-25 16:59:26.1810,0.03,0.02,-3.17,-0.37,-0.01,-0.08
2024-03-25 16:59:26.1910,-0.06,0.15,-2.89,-0.41,0.01,-0.03
2024-03-25 16:59:26.2010,-0.22,0.29,-2.7,-0.47,0.03,0.07
2024-03-25 16:59:26.2110,-0.41,0.49,-2.13,-0.5,0.04,0.17
2024-03-25 16:59:26.2210,-0.47,0.68,-1.35,-0.5,0.03,0.25
2024-03-25 16:59:26.2310,-0.37,0.84,-0.85,-0.5,-0.01,0.29
2024-03-25 16:59:26.2410,-0.24,0.84,-0.66,-0.48,-0.04,0.34
2024-03-25 16:59:26.2510,-0.17,0.73,-0.15,-0.37,-0.06,0.35
2024-03-25 16:59:26.2610,0.07,0.62,0.58,-0.24,-0.02,0.31
2024-03-25 16:59:26.2710,0.38,0.54,1.09,-0.13,0.03,0.25
2024-03-25 16:59:26.2810,0.59,0.63,1.26,-0.08,0.1,0.17
2024-03-25 16:59:26.2910,0.65,0.77,1.11,-0.12,0.18,0.1
2024-03-25 16:59:26.3010,0.45,0.86,0.91,-0.2,0.27,0.06
2024-03-25 16:59:26.3110,0.01,0.94,1.25,-0.21,0.31,0.09
2024-03-25 16:59:26.3210,-0.56,1.01,2.22,-0.13,0.3,0.14
2024-03-25 16:59:26.3310,-0.82,1.09,3.04,-0.03,0.23,0.16
2024-03-25 16:59:26.3410,-0.7,1.02,3.5,0.08,0.15,0.16
2024-03-25 16:59:26.3510,-0.51,1.01,3.79,0.12,0.06,0.1
2024-03-25 16:59:26.3610,-0.19,0.88,3.56,0.09,-0.01,0.0
2024-03-25 16:59:26.3710,0.06,0.67,3.3,0.08,-0.0,-0.09
2024-03-25 16:59:26.3810,0.01,0.63,3.73,0.2,0.07,-0.13
2024-03-25 16:59:26.3910,-0.08,0.74,4.57,0.41,0.16,-0.15
2024-03-25 16:59:26.4010,-0.22,0.95,4.82,0.48,0.26,-0.11
2024-03-25 16:59:26.4110,-0.65,0.97,3.89,0.41,0.29,0.02
2024-03-25 16:59:26.4210,-1.2,0.97,3.13,0.3,0.24,0.23
2024-03-25 16:59:26.4310,-1.6,0.64,3.1,0.34,0.1,0.41
2024-03-25 16:59:26.4410,-1.3,-0.16,3.83,0.54,-0.09,0.45
2024-03-25 16:59:26.4510,-0.49,-1.12,4.06,0.7,-0.22,0.4
2024-03-25 16:59:26.4610,0.18,-1.85,2.92,0.71,-0.28,0.35
2024-03-25 16:59:26.4710,0.31,-2.16,1.47,0.6,-0.23,0.38
2024-03-25 16:59:26.4810,-0.12,-2.13,0.76,0.45,-0.14,0.47
2024-03-25 16:59:26.4910,-0.62,-1.98,0.8,0.37,-0.01,0.59
2024-03-25 16:59:26.5010,-1.38,-1.65,1.38,0.29,0.12,0.75
2024-03-25 16:59:26.5110,-1.87,-1.37,1.3,0.15,0.2,0.84
2024-03-25 16:59:26.5210,-1.82,-1.13,0.89,-0.02,0.19,0.86
2024-03-25 16:59:26.5310,-1.74,-0.94,0.64,-0.18,0.1,0.87
2024-03-25 16:59:26.5410,-1.66,-0.84,0.78,-0.27,-0.01,0.85
2024-03-25 16:59:26.5510,-1.43,-0.83,1.07,-0.31,-0.06,0.83
2024-03-25 16:59:26.5610,-1.05,-0.97,1.16,-0.3,-0.08,0.77
2024-03-25 16:59:26.5710,-0.63,-1.31,1.05,-0.27,-0.05,0.66
2024-03-25 16:59:26.5810,-0.29,-1.67,0.77,-0.17,-0.02,0.53
2024-03-25 16:59:26.5910,-0.11,-1.84,0.58,-0.01,0.02,0.39
2024-03-25 16:59:26.6010,0.02,-1.92,0.08,0.13,0.04,0.23
2024-03-25 16:59:26.6110,0.05,-1.98,-0.81,0.25,-0.02,0.09
2024-03-25 16:59:26.6210,-0.13,-1.82,-1.69,0.34,-0.1,-0.02
2024-03-25 16:59:26.6310,-0.38,-1.68,-2.64,0.38,-0.16,-0.06
2024-03-25 16:59:26.6410,-0.66,-1.55,-3.61,0.42,-0.15,-0.04
2024-03-25 16:59:26.6510,-1.01,-1.28,-4.22,0.42,-0.05,0.07
2024-03-25 16:59:26.6610,-1.36,-1.06,-4.78,0.4,0.07,0.19
2024-03-25 16:59:26.6710,-1.24,-0.79,-5.12,0.36,0.15,0.26
2024-03-25 16:59:26.6810,-0.97,-0.67,-5.23,0.32,0.19,0.27
2024-03-25 16:59:26.6910,-0.72,-0.64,-5.2,0.26,0.18,0.25
2024-03-25 16:59:26.7010,-0.67,-0.69,-5.09,0.2,0.12,0.22
2024-03-25 16:59:26.7110,-0.8,-0.71,-4.8,0.12,0.06,0.18
2024-03-25 16:59:26.7210,-0.89,-0.63,-4.52,0.04,0.06,0.22
2024-03-25 16:59:26.7310,-1.37,-0.42,-4.09,0.02,0.12,0.36
2024-03-25 16:59:26.7410,-1.92,-0.05,-3.3,0.02,0.21,0.54
2024-03-25 16:59:26.7510,-1.9,0.19,-2.69,0.03,0.28,0.65
2024-03-25 16:59:26.7610,-1.47,0.22,-2.17,0.06,0.27,0.66
2024-03-25 16:59:26.7710,-0.98,0.27,-1.61,0.07,0.21,0.59
2024-03-25 16:59:26.7810,-0.54,0.25,-1.25,0.07,0.14,0.48
2024-03-25 16:59:26.7910,-0.33,0.35,-0.94,0.06,0.09,0.37
2024-03-25 16:59:26.8010,-0.32,0.55,-0.67,0.02,0.1,0.31
2024-03-25 16:59:26.8110,-0.61,0.82,-0.5,-0.06,0.19,0.34
2024-03-25 16:59:26.8210,-1.15,1.2,-0.24,-0.16,0.31,0.43
2024-03-25 16:59:26.8310,-1.56,1.63,0.12,-0.27,0.4,0.56
2024-03-25 16:59:26.8410,-1.78,1.91,0.55,-0.36,0.39,0.67
2024-03-25 16:59:26.8510,-1.75,1.95,1.19,-0.42,0.29,0.71
2024-03-25 16:59:26.8610,-1.35,1.79,1.78,-0.45,0.15,0.67
2024-03-25 16:59:26.8710,-0.72,1.53,2.15,-0.47,0.02,0.57
2024-03-25 16:59:26.8810,0.05,1.35,2.41,-0.48,-0.05,0.44
2024-03-25 16:59:26.8910,0.67,1.27,2.46,-0.53,0.02,0.35
2024-03-25 16:59:26.9010,0.85,1.26,2.49,-0.59,0.22,0.37
2024-03-25 16:59:26.9110,0.87,1.26,3.06,-0.56,0.47,0.4
2024-03-25 16:59:26.9210,1.23,0.98,4.26,-0.39,0.66,0.32
2024-03-25 16:59:26.9310,1.99,0.54,5.48,-0.14,0.7,0.12
2024-03-25 16:59:26.9410,2.65,0.07,6.11,0.13,0.62,-0.15
2024-03-25 16:59:26.9510,2.96,-0.06,6.14,0.32,0.36,-0.41
2024-03-25 16:59:26.9610,2.78,0.27,5.55,0.4,-0.0,-0.58
2024-03-25 16:59:26.9710,2.43,0.84,4.55,0.43,-0.26,-0.63
2024-03-25 16:59:26.9810,2.11,1.33,3.59,0.44,-0.31,-0.57
2024-03-25 16:59:26.9910,1.91,1.49,2.82,0.45,-0.19,-0.44
2024-03-25 16:59:27.0010,1.84,1.39,2.28,0.47,-0.02,-0.29
2024-03-25 16:59:27.0110,1.81,0.92,1.86,0.47,0.04,-0.19
2024-03-25 16:59:27.0210,1.89,0.36,1.28,0.37,-0.03,-0.15
2024-03-25 16:59:27.0310,2.0,-0.14,0.42,0.19,-0.18,-0.15
2024-03-25 16:59:27.0410,1.91,-0.52,-0.26,-0.01,-0.31,-0.12
2024-03-25 16:59:27.0510,1.68,-0.8,-0.56,-0.19,-0.36,-0.05
2024-03-25 16:59:27.0610,1.34,-1.05,-0.71,-0.35,-0.35,0.05
2024-03-25 16:59:27.0710,1.04,-1.32,-0.7,-0.41,-0.29,0.15
2024-03-25 16:59:27.0810,0.99,-1.63,-0.51,-0.4,-0.19,0.23
2024-03-25 16:59:27.0910,0.96,-1.91,-0.5,-0.37,-0.1,0.26
2024-03-25 16:59:27.1010,1.01,-2.15,-1.03,-0.36,-0.02,0.22
2024-03-25 16:59:27.1110,1.15,-2.33,-1.84,-0.38,0.02,0.12
2024-03-25 16:59:27.1210,1.19,-2.5,-2.61,-0.38,0.02,-0.01
2024-03-25 16:59:27.1310,1.06,-2.59,-3.1,-0.33,-0.02,-0.17
2024-03-25 16:59:27.1410,0.8,-2.57,-3.34,-0.22,-0.12,-0.32
2024-03-25 16:59:27.1510,0.43,-2.35,-3.53,-0.07,-0.23,-0.45
2024-03-25 16:59:27.1610,0.27,-1.81,-3.9,0.02,-0.28,-0.56
2024-03-25 16:59:27.1710,0.17,-1.12,-4.93,-0.01,-0.27,-0.6
2024-03-25 16:59:27.1810,-0.08,-0.52,-6.07,-0.12,-0.16,-0.57
2024-03-25 16:59:27.1900,-0.34,0.03,-6.5,-0.28,0.06,-0.44
2024-03-25 16:59:27.2010,-0.71,0.59,-6.22,-0.42,0.31,-0.23
2024-03-25 16:59:27.2110,-1.04,0.88,-5.35,-0.48,0.47,-0.02
2024-03-25 16:59:27.2210,-1.05,0.85,-4.0,-0.47,0.51,0.11
2024-03-25 16:59:27.2310,-0.81,0.45,-2.75,-0.42,0.42,0.17
2024-03-25 16:59:27.2410,-0.5,0.0,-1.73,-0.35,0.25,0.14
2024-03-25 16:59:27.2510,-0.09,-0.37,-0.92,-0.26,0.07,0.04
2024-03-25 16:59:27.2610,0.35,-0.56,-0.2,-0.15,-0.11,-0.1
2024-03-25 16:59:27.2700,0.64,-0.46,0.42,-0.06,-0.22,-0.23
2024-03-25 16:59:27.2800,0.64,-0.26,0.69,0.01,-0.24,-0.28
2024-03-25 16:59:27.2900,0.36,0.13,0.91,0.1,-0.19,-0.24
2024-03-25 16:59:27.3000,-0.04,0.6,1.16,0.18,-0.12,-0.14
2024-03-25 16:59:27.3110,-0.18,0.96,1.29,0.24,-0.09,-0.06
2024-03-25 16:59:27.3200,0.09,1.15,1.36,0.25,-0.1,-0.07
2024-03-25 16:59:27.3300,0.5,1.23,1.28,0.2,-0.13,-0.12
2024-03-25 16:59:27.3400,0.7,1.27,1.45,0.16,-0.13,-0.2
2024-03-25 16:59:27.3500,0.68,1.28,1.94,0.14,-0.1,-0.24
2024-03-25 16:59:27.3600,0.34,1.34,2.67,0.14,-0.04,-0.2
2024-03-25 16:59:27.3700,-0.23,1.34,3.58,0.22,-0.02,-0.11
2024-03-25 16:59:27.3810,-0.57,1.43,4.78,0.38,-0.08,-0.01
2024-03-25 16:59:27.3900,-0.77,1.6,5.62,0.55,-0.19,0.09
2024-03-25 16:59:27.4000,-0.83,1.75,5.73,0.62,-0.3,0.13
2024-03-25 16:59:27.4100,-0.62,1.62,5.11,0.68,-0.38,0.1
2024-03-25 16:59:27.4200,-0.12,2.03,4.7,0.74,-0.38,0.07
2024-03-25 16:59:27.4300,-0.16,2.39,4.19,0.75,-0.26,0.14
2024-03-25 16:59:27.4400,-0.95,2.39,3.37,0.68,-0.1,0.34
2024-03-25 16:59:27.4500,-1.56,2.18,2.9,0.64,-0.03,0.56
2024-03-25 16:59:27.4600,-1.7,1.64,2.97,0.63,-0.1,0.72
2024-03-25 16:59:27.4700,-1.47,0.43,2.89,0.65,-0.24,0.77
2024-03-25 16:59:27.4800,-0.85,-1.05,2.42,0.66,-0.39,0.7
2024-03-25 16:59:27.4900,0.01,-2.38,1.65,0.63,-0.51,0.53
2024-03-25 16:59:27.5000,0.55,-3.44,0.78,0.57,-0.59,0.35
2024-03-25 16:59:27.5110,0.64,-3.98,0.02,0.52,-0.61,0.21
2024-03-25 16:59:27.5200,0.43,-4.02,-0.58,0.44,-0.58,0.13
2024-03-25 16:59:27.5300,0.02,-3.88,-1.47,0.27,-0.52,0.14
2024-03-25 16:59:27.5400,-0.52,-3.71,-2.44,0.04,-0.4,0.22
2024-03-25 16:59:27.5500,-1.03,-3.44,-3.06,-0.18,-0.25,0.31
2024-03-25 16:59:27.5600,-1.21,-3.13,-3.18,-0.39,-0.12,0.34
2024-03-25 16:59:27.5700,-1.07,-2.95,-3.17,-0.58,-0.06,0.31
2024-03-25 16:59:27.5800,-0.88,-2.8,-2.98,-0.7,-0.04,0.21
2024-03-25 16:59:27.5900,-0.73,-2.58,-2.47,-0.71,-0.05,0.08
2024-03-25 16:59:27.6000,-0.63,-2.21,-1.81,-0.67,-0.06,-0.05
2024-03-25 16:59:27.6100,-0.54,-1.74,-1.6,-0.62,-0.02,-0.17
2024-03-25 16:59:27.6200,-0.58,-1.29,-1.78,-0.55,0.08,-0.22
2024-03-25 16:59:27.6300,-0.88,-0.63,-1.99,-0.52,0.24,-0.2
2024-03-25 16:59:27.6400,-1.11,-0.01,-2.41,-0.55,0.38,-0.14
2024-03-25 16:59:27.6500,-1.28,0.36,-2.78,-0.61,0.47,-0.08
2024-03-25 16:59:27.6600,-1.27,0.51,-2.73,-0.63,0.48,-0.03
2024-03-25 16:59:27.6700,-1.16,0.59,-2.25,-0.59,0.44,-0.01
2024-03-25 16:59:27.6800,-1.01,0.55,-1.82,-0.52,0.35,-0.01
2024-03-25 16:59:27.6900,-0.88,0.38,-1.5,-0.4,0.23,-0.02
2024-03-25 16:59:27.7000,-0.82,0.21,-1.11,-0.26,0.11,-0.04
2024-03-25 16:59:27.7100,-0.75,0.12,-1.09,-0.14,0.05,-0.01
2024-03-25 16:59:27.7200,-1.0,0.26,-1.45,-0.1,0.06,0.07
2024-03-25 16:59:27.7300,-1.19,0.56,-1.99,-0.15,0.13,0.18
2024-03-25 16:59:27.7400,-1.11,0.68,-2.48,-0.21,0.2,0.25
2024-03-25 16:59:27.7500,-0.77,0.71,-2.29,-0.21,0.24,0.27
2024-03-25 16:59:27.7600,-0.44,0.53,-1.59,-0.12,0.25,0.22
2024-03-25 16:59:27.7700,-0.1,0.27,-0.82,-0.0,0.27,0.13
2024-03-25 16:59:27.7800,0.12,0.09,-0.52,0.08,0.31,0.06
2024-03-25 16:59:27.7900,-0.01,-0.04,-0.4,0.13,0.37,0.02
2024-03-25 16:59:27.8000,-0.33,-0.03,0.02,0.14,0.43,0.06
2024-03-25 16:59:27.8100,-0.8,0.15,0.45,0.09,0.48,0.15
2024-03-25 16:59:27.8200,-1.14,0.5,0.88,-0.03,0.48,0.23
2024-03-25 16:59:27.8300,-0.99,0.75,1.24,-0.14,0.42,0.22
2024-03-25 16:59:27.8400,-0.44,0.76,1.96,-0.2,0.31,0.11
2024-03-25 16:59:27.8500,0.1,0.63,2.99,-0.17,0.19,-0.03
2024-03-25 16:59:27.8600,0.31,0.43,4.0,-0.08,0.03,-0.19
2024-03-25 16:59:27.8700,0.49,0.37,4.57,-0.03,-0.1,-0.33
2024-03-25 16:59:27.8800,0.69,0.42,4.35,-0.05,-0.18,-0.43
2024-03-25 16:59:27.8900,0.93,0.68,3.73,-0.13,-0.25,-0.49
2024-03-25 16:59:27.9000,1.41,1.2,3.06,-0.31,-0.26,-0.52
2024-03-25 16:59:27.9100,2.03,1.7,2.18,-0.59,-0.1,-0.48
2024-03-25 16:59:27.9200,2.28,1.57,1.54,-0.87,0.23,-0.34
2024-03-25 16:59:27.9300,1.99,0.67,2.14,-0.98,0.61,-0.17
2024-03-25 16:59:27.9400,1.79,-0.62,3.67,-0.93,0.81,-0.1
2024-03-25 16:59:27.9500,1.85,-1.85,4.68,-0.79,0.72,-0.18
2024-03-25 16:59:27.9600,2.03,-2.55,5.02,-0.62,0.46,-0.37
2024-03-25 16:59:27.9700,2.34,-2.66,4.68,-0.45,0.2,-0.61
2024-03-25 16:59:27.9800,2.34,-2.44,4.09,-0.21,0.02,-0.81
2024-03-25 16:59:27.9900,1.89,-2.14,3.62,0.05,-0.05,-0.92
2024-03-25 16:59:28.0000,1.25,-1.75,2.57,0.19,-0.03,-0.97
2024-03-25 16:59:28.0100,0.76,-1.21,0.71,0.16,0.04,-0.97
2024-03-25 16:59:28.0200,0.14,-0.73,-1.15,0.03,0.14,-0.91
2024-03-25 16:59:28.0300,-0.75,-0.17,-2.3,-0.16,0.18,-0.76
2024-03-25 16:59:28.0400,-2.37,0.24,-2.78,-0.29,0.22,-0.47
2024-03-25 16:59:28.0500,-3.79,0.1,-2.13,-0.2,0.24,-0.13
2024-03-25 16:59:28.0600,-4.34,-0.06,-0.92,-0.06,0.18,0.13
2024-03-25 16:59:28.0700,-3.86,-0.56,-0.61,0.13,0.07,0.19
2024-03-25 16:59:28.0800,-2.46,-1.14,-0.77,0.3,-0.03,0.08
2024-03-25 16:59:28.0900,-1.16,-1.4,-1.54,0.37,-0.11,-0.03
2024-03-25 16:59:28.1000,-0.62,-1.4,-2.61,0.38,-0.23,-0.15
2024-03-25 16:59:28.1100,-0.31,-1.25,-3.49,0.34,-0.33,-0.22
2024-03-25 16:59:28.1200,-0.1,-1.04,-4.28,0.26,-0.33,-0.25
2024-03-25 16:59:28.1300,0.09,-0.87,-4.87,0.18,-0.23,-0.22
2024-03-25 16:59:28.1400,0.05,-0.56,-5.14,0.1,-0.09,-0.12
2024-03-25 16:59:28.1500,-0.06,-0.11,-5.26,0.01,0.06,0.01
2024-03-25 16:59:28.1600,0.02,0.38,-5.16,-0.08,0.19,0.17
2024-03-25 16:59:28.1700,0.21,0.8,-4.71,-0.17,0.28,0.3
2024-03-25 16:59:28.1800,0.52,0.75,-4.05,-0.23,0.3,0.39
2024-03-25 16:59:28.1900,0.81,0.53,-3.06,-0.28,0.27,0.42
2024-03-25 16:59:28.2000,1.15,0.31,-2.22,-0.35,0.19,0.38
2024-03-25 16:59:28.2100,1.54,0.04,-1.46,-0.38,0.07,0.29
2024-03-25 16:59:28.2200,1.82,-0.07,-0.55,-0.39,-0.06,0.21
2024-03-25 16:59:28.2300,1.69,-0.12,0.2,-0.35,-0.15,0.16
2024-03-25 16:59:28.2400,1.39,-0.02,0.91,-0.26,-0.2,0.14
2024-03-25 16:59:28.2500,1.35,0.13,1.57,-0.12,-0.21,0.11
2024-03-25 16:59:28.2600,1.48,0.27,1.88,0.04,-0.2,0.06
2024-03-25 16:59:28.2700,1.64,0.39,1.82,0.16,-0.19,-0.01
2024-03-25 16:59:28.2800,1.65,0.55,1.5,0.26,-0.19,-0.09
2024-03-25 16:59:28.2900,1.67,0.79,1.12,0.34,-0.18,-0.17
2024-03-25 16:59:28.3000,1.55,1.04,0.76,0.37,-0.15,-0.19
2024-03-25 16:59:28.3100,1.05,1.25,0.54,0.41,-0.13,-0.17
2024-03-25 16:59:28.3200,0.71,1.45,0.55,0.43,-0.09,-0.11
2024-03-25 16:59:28.3300,0.31,1.45,0.55,0.41,-0.04,-0.02
2024-03-25 16:59:28.3400,-0.04,1.49,0.57,0.36,-0.01,0.05
2024-03-25 16:59:28.3500,-0.14,1.35,0.6,0.32,0.02,0.1
2024-03-25 16:59:28.3600,-0.19,1.12,0.92,0.32,0.03,0.11
2024-03-25 16:59:28.3700,-0.05,0.9,1.37,0.33,0.03,0.06
2024-03-25 16:59:28.3800,0.15,0.68,1.67,0.37,-0.02,0.0
2024-03-25 16:59:28.3900,0.09,0.67,2.1,0.38,-0.09,-0.06
2024-03-25 16:59:28.4000,-0.08,0.84,2.23,0.32,-0.2,-0.14
2024-03-25 16:59:28.4100,-0.23,1.09,2.06,0.21,-0.29,-0.2
2024-03-25 16:59:28.4200,-0.58,1.53,2.02,0.04,-0.27,-0.12
2024-03-25 16:59:28.4300,-1.51,1.6,2.04,-0.1,-0.11,0.13
2024-03-25 16:59:28.4400,-2.21,1.4,2.68,-0.06,0.09,0.41
2024-03-25 16:59:28.4500,-2.07,0.91,3.98,0.12,0.15,0.58
2024-03-25 16:59:28.4600,-1.25,0.12,5.05,0.41,-0.05,0.61
2024-03-25 16:59:28.4700,-0.6,-0.69,5.58,0.61,-0.38,0.53
2024-03-25 16:59:28.4800,0.11,-1.29,4.67,0.6,-0.63,0.4
2024-03-25 16:59:28.4900,0.77,-1.78,2.86,0.48,-0.7,0.25
2024-03-25 16:59:28.5000,1.16,-2.15,1.67,0.36,-0.56,0.15
2024-03-25 16:59:28.5100,0.96,-2.64,1.22,0.31,-0.32,0.1
2024-03-25 16:59:28.5200,0.71,-3.05,1.37,0.34,-0.12,0.06
2024-03-25 16:59:28.5300,0.56,-3.19,1.41,0.32,-0.04,0.01
2024-03-25 16:59:28.5400,0.3,-3.39,0.76,0.2,-0.06,-0.05
2024-03-25 16:59:28.5500,0.13,-3.37,-0.14,0.01,-0.09,-0.08
2024-03-25 16:59:28.5600,-0.22,-3.37,-0.82,-0.16,-0.1,-0.1
2024-03-25 16:59:28.5700,-0.47,-3.33,-1.07,-0.26,-0.12,-0.11
2024-03-25 16:59:28.5800,-0.66,-3.25,-1.17,-0.28,-0.13,-0.14
2024-03-25 16:59:28.5900,-0.65,-3.05,-1.34,-0.24,-0.12,-0.2
2024-03-25 16:59:28.6000,-0.48,-2.5,-1.67,-0.18,-0.1,-0.25
2024-03-25 16:59:28.6100,-0.46,-1.83,-2.36,-0.12,-0.05,-0.27
2024-03-25 16:59:28.6200,-0.67,-1.24,-2.97,-0.08,-0.03,-0.25
2024-03-25 16:59:28.6300,-0.92,-0.64,-3.62,-0.13,-0.03,-0.22
2024-03-25 16:59:28.6400,-1.11,-0.12,-4.4,-0.26,-0.07,-0.13
2024-03-25 16:59:28.6500,-1.51,0.29,-4.89,-0.39,-0.08,0.03
2024-03-25 16:59:28.6600,-1.93,0.64,-4.77,-0.49,-0.06,0.22
2024-03-25 16:59:28.6700,-2.05,0.83,-4.45,-0.55,-0.03,0.38
2024-03-25 16:59:28.6800,-1.84,0.84,-4.0,-0.55,-0.01,0.48
2024-03-25 16:59:28.6900,-1.4,0.68,-3.43,-0.5,0.0,0.5
2024-03-25 16:59:28.7000,-0.88,0.38,-2.7,-0.38,0.01,0.46
2024-03-25 16:59:28.7100,-0.5,0.12,-1.84,-0.22,-0.01,0.39
2024-03-25 16:59:28.7200,-0.26,0.16,-1.37,-0.11,-0.03,0.31
2024-03-25 16:59:28.7300,-0.03,0.26,-1.48,-0.06,-0.03,0.24
2024-03-25 16:59:28.7400,0.14,0.31,-1.63,-0.03,-0.04,0.19
2024-03-25 16:59:28.7500,0.17,0.4,-1.44,0.01,-0.04,0.2
2024-03-25 16:59:28.7600,-0.06,0.45,-1.1,0.06,-0.05,0.23
2024-03-25 16:59:28.7700,-0.12,0.45,-0.76,0.14,-0.09,0.23
2024-03-25 16:59:28.7800,0.15,0.36,-0.52,0.23,-0.14,0.16
2024-03-25 16:59:28.7900,0.54,0.27,-0.45,0.32,-0.19,0.06
2024-03-25 16:59:28.8000,0.8,0.28,-0.47,0.39,-0.2,-0.05
2024-03-25 16:59:28.8100,0.89,0.41,-0.6,0.41,-0.21,-0.12
2024-03-25 16:59:28.8200,0.83,0.68,-0.79,0.35,-0.23,-0.13
2024-03-25 16:59:28.8300,0.78,1.17,-0.89,0.18,-0.22,-0.07
2024-03-25 16:59:28.8400,0.9,1.57,-1.13,-0.09,-0.16,0.03
2024-03-25 16:59:28.8500,0.99,1.53,-1.22,-0.38,-0.06,0.13
2024-03-25 16:59:28.8600,0.98,0.99,-0.68,-0.61,0.06,0.17
2024-03-25 16:59:28.8700,1.19,0.2,0.43,-0.73,0.04,0.12
2024-03-25 16:59:28.8800,1.47,-0.38,1.82,-0.72,-0.22,-0.04
2024-03-25 16:59:28.8900,2.09,-0.54,3.1,-0.72,-0.55,-0.29
2024-03-25 16:59:28.9000,2.94,-0.37,3.39,-0.73,-0.67,-0.56
2024-03-25 16:59:28.9100,3.77,-0.27,3.64,-0.63,-0.36,-0.94
2024-03-25 16:59:28.9200,4.54,0.01,4.49,-0.41,0.28,-1.28
2024-03-25 16:59:28.9300,3.8,0.26,5.51,-0.11,0.98,-1.36
2024-03-25 16:59:28.9400,1.12,0.59,6.79,0.12,1.42,-1.2
2024-03-25 16:59:28.9500,-1.65,1.43,7.44,0.15,1.17,-0.91
2024-03-25 16:59:28.9600,-4.19,2.12,7.46,0.16,0.37,-0.75
2024-03-25 16:59:28.9700,-4.88,1.61,7.67,0.31,-0.45,-0.63
2024-03-25 16:59:28.9800,-4.24,1.49,7.54,0.7,-0.68,-0.49
2024-03-25 16:59:28.9890,-3.59,0.98,6.6,0.98,-0.59,-0.35
2024-03-25 16:59:28.9990,-2.83,0.43,3.72,1.03,-0.38,-0.21
2024-03-25 16:59:29.0090,-2.16,-0.21,1.24,1.0,-0.23,-0.07
2024-03-25 16:59:29.0190,-1.68,-0.78,-0.21,0.86,-0.13,0.08
2024-03-25 16:59:29.0300,-1.26,-1.34,-1.54,0.64,-0.19,0.19
2024-03-25 16:59:29.0400,-0.68,-1.74,-2.57,0.37,-0.33,0.26
2024-03-25 16:59:29.0500,-0.16,-2.06,-3.42,0.07,-0.43,0.29
2024-03-25 16:59:29.0600,0.47,-2.37,-3.98,-0.21,-0.41,0.27
2024-03-25 16:59:29.0700,1.04,-2.61,-4.11,-0.45,-0.33,0.23
2024-03-25 16:59:29.0800,1.38,-2.87,-3.88,-0.63,-0.25,0.16
2024-03-25 16:59:29.0890,1.49,-3.18,-3.3,-0.71,-0.19,0.07
2024-03-25 16:59:29.0990,1.48,-3.3,-2.46,-0.71,-0.11,-0.06
2024-03-25 16:59:29.1100,1.59,-3.24,-1.8,-0.62,-0.02,-0.22
2024-03-25 16:59:29.1190,1.64,-2.99,-1.29,-0.48,0.08,-0.36
2024-03-25 16:59:29.1290,1.34,-2.64,-0.94,-0.31,0.16,-0.46
2024-03-25 16:59:29.1400,0.77,-2.21,-0.84,-0.17,0.18,-0.5
2024-03-25 16:59:29.1490,0.17,-1.76,-1.07,-0.07,0.15,-0.49
2024-03-25 16:59:29.1590,-0.28,-1.25,-1.45,-0.02,0.07,-0.46
2024-03-25 16:59:29.1690,-0.43,-0.81,-1.98,-0.01,-0.03,-0.44
2024-03-25 16:59:29.1790,-0.38,-0.47,-2.46,-0.01,-0.1,-0.43
2024-03-25 16:59:29.1890,-0.27,-0.11,-2.91,-0.03,-0.12,-0.38
2024-03-25 16:59:29.1990,-0.3,0.2,-3.29,-0.06,-0.1,-0.32
2024-03-25 16:59:29.2090,-0.29,0.54,-3.49,-0.13,-0.06,-0.21
2024-03-25 16:59:29.2190,-0.39,0.82,-3.68,-0.25,0.02,-0.08
2024-03-25 16:59:29.2290,-0.45,0.87,-3.66,-0.3,0.13,0.05
2024-03-25 16:59:29.2390,-0.32,0.77,-2.89,-0.25,0.21,0.11
2024-03-25 16:59:29.2490,0.09,0.63,-1.86,-0.15,0.23,0.08
2024-03-25 16:59:29.2590,0.5,0.47,-1.22,-0.07,0.16,-0.0
2024-03-25 16:59:29.2700,0.82,0.6,-1.02,-0.06,0.08,-0.07
2024-03-25 16:59:29.2800,0.83,0.82,-1.09,-0.1,0.05,-0.09
2024-03-25 16:59:29.2890,0.67,1.07,-0.95,-0.11,0.08,-0.04
2024-03-25 16:59:29.2990,0.47,1.29,-0.4,-0.09,0.14,0.04
2024-03-25 16:59:29.3090,0.34,1.47,0.17,-0.06,0.17,0.11
2024-03-25 16:59:29.3190,0.51,1.55,0.55,-0.02,0.14,0.12
2024-03-25 16:59:29.3290,0.79,1.5,0.85,0.01,0.1,0.08
2024-03-25 16:59:29.3400,1.07,1.4,1.1,0.06,0.1,0.01
2024-03-25 16:59:29.3490,1.31,1.21,1.41,0.13,0.15,-0.08
2024-03-25 16:59:29.3590,1.51,1.05,1.68,0.15,0.24,-0.15
2024-03-25 16:59:29.3690,1.24,0.92,1.78,0.15,0.37,-0.16
2024-03-25 16:59:29.3790,0.77,0.96,2.22,0.18,0.47,-0.15
2024-03-25 16:59:29.3890,0.29,0.99,2.77,0.18,0.53,-0.12
2024-03-25 16:59:29.3990,-0.05,1.04,3.19,0.18,0.51,-0.1
2024-03-25 16:59:29.4090,-0.37,1.03,3.55,0.19,0.46,-0.09
2024-03-25 16:59:29.4190,-0.5,0.98,4.04,0.25,0.35,-0.11
2024-03-25 16:59:29.4290,-0.3,1.14,4.5,0.33,0.25,-0.17
2024-03-25 16:59:29.4390,-0.03,1.58,4.44,0.3,0.23,-0.17
2024-03-25 16:59:29.4490,-0.44,1.7,3.61,0.13,0.35,-0.02
2024-03-25 16:59:29.4590,-1.35,1.39,3.18,0.0,0.46,0.27
2024-03-25 16:59:29.4690,-2.01,0.62,4.1,0.13,0.42,0.47
2024-03-25 16:59:29.4790,-1.51,-0.58,5.56,0.39,0.26,0.48
2024-03-25 16:59:29.4890,-0.47,-1.96,5.7,0.64,0.01,0.32
2024-03-25 16:59:29.4990,0.29,-2.94,4.65,0.72,-0.17,0.11
2024-03-25 16:59:29.5090,0.56,-3.4,2.82,0.65,-0.25,-0.06
2024-03-25 16:59:29.5190,0.31,-3.5,1.21,0.57,-0.25,-0.11
2024-03-25 16:59:29.5290,-0.31,-3.38,0.52,0.54,-0.21,-0.09
2024-03-25 16:59:29.5390,-0.93,-3.21,0.08,0.49,-0.17,-0.04
2024-03-25 16:59:29.5490,-1.22,-3.05,-0.88,0.36,-0.14,-0.01
2024-03-25 16:59:29.5590,-1.21,-2.91,-2.06,0.17,-0.13,-0.0
2024-03-25 16:59:29.5690,-1.13,-2.72,-3.01,-0.01,-0.11,-0.01
2024-03-25 16:59:29.5790,-1.12,-2.47,-3.49,-0.17,-0.09,-0.01
2024-03-25 16:59:29.5890,-1.17,-2.17,-3.67,-0.28,-0.06,0.0
2024-03-25 16:59:29.5990,-1.2,-1.86,-3.7,-0.36,-0.07,0.04
2024-03-25 16:59:29.6090,-1.23,-1.55,-3.72,-0.39,-0.05,0.06
2024-03-25 16:59:29.6190,-1.13,-1.24,-3.62,-0.39,-0.03,0.09
2024-03-25 16:59:29.6290,-1.13,-0.97,-3.49,-0.36,-0.03,0.15
2024-03-25 16:59:29.6390,-1.24,-0.64,-3.37,-0.36,-0.07,0.21
2024-03-25 16:59:29.6490,-1.3,-0.38,-3.45,-0.36,-0.09,0.29
2024-03-25 16:59:29.6590,-1.41,-0.16,-3.42,-0.34,-0.05,0.41
2024-03-25 16:59:29.6690,-1.4,0.02,-3.21,-0.3,-0.01,0.49
2024-03-25 16:59:29.6790,-1.1,0.09,-3.06,-0.28,0.01,0.53
2024-03-25 16:59:29.6890,-0.74,0.05,-3.07,-0.26,0.01,0.53
2024-03-25 16:59:29.6990,-0.49,0.02,-3.04,-0.24,0.0,0.49
2024-03-25 16:59:29.7090,-0.3,-0.04,-2.79,-0.21,0.0,0.45
2024-03-25 16:59:29.7190,-0.27,-0.03,-2.54,-0.19,0.02,0.43
2024-03-25 16:59:29.7290,-0.34,0.1,-2.31,-0.21,0.02,0.43
2024-03-25 16:59:29.7390,-0.45,0.28,-2.09,-0.25,0.03,0.46
2024-03-25 16:59:29.7490,-0.57,0.43,-1.74,-0.29,0.05,0.5
2024-03-25 16:59:29.7590,-0.61,0.44,-1.09,-0.28,0.11,0.52
2024-03-25 16:59:29.7690,-0.43,0.35,-0.23,-0.22,0.16,0.48
2024-03-25 16:59:29.7790,-0.16,0.32,0.61,-0.15,0.18,0.42
2024-03-25 16:59:29.7890,-0.05,0.35,1.14,-0.07,0.17,0.33
2024-03-25 16:59:29.7990,0.06,0.43,1.63,0.04,0.13,0.23
2024-03-25 16:59:29.8090,0.08,0.52,2.05,0.15,0.08,0.15
2024-03-25 16:59:29.8190,-0.13,0.7,2.26,0.22,0.04,0.09
2024-03-25 16:59:29.8290,-0.4,0.95,2.2,0.25,0.03,0.09
2024-03-25 16:59:29.8390,-0.66,1.24,2.03,0.24,0.02,0.1
2024-03-25 16:59:29.8490,-0.76,1.5,1.93,0.23,0.03,0.13
2024-03-25 16:59:29.8590,-0.78,1.7,1.99,0.2,0.02,0.14
2024-03-25 16:59:29.8690,-0.68,1.83,2.03,0.16,-0.01,0.12
2024-03-25 16:59:29.8790,-0.57,1.89,2.17,0.13,-0.0,0.08
2024-03-25 16:59:29.8890,-0.48,1.86,2.5,0.1,0.08,0.01
2024-03-25 16:59:29.8990,-0.5,1.74,2.96,0.11,0.19,-0.11
2024-03-25 16:59:29.9090,-0.65,1.73,3.69,0.16,0.31,-0.22
2024-03-25 16:59:29.9190,-0.98,1.81,4.44,0.28,0.39,-0.31
2024-03-25 16:59:29.9290,-1.37,2.15,5.17,0.37,0.39,-0.28
2024-03-25 16:59:29.9390,-1.82,2.54,5.05,0.39,0.28,-0.15
2024-03-25 16:59:29.9490,-2.18,2.29,4.5,0.33,0.13,0.05
2024-03-25 16:59:29.9590,-1.89,1.62,3.94,0.31,-0.08,0.14
2024-03-25 16:59:29.9690,-0.71,0.77,3.43,0.33,-0.26,0.12
2024-03-25 16:59:29.9790,0.52,-0.12,2.67,0.36,-0.32,0.05
2024-03-25 16:59:29.9890,1.47,-0.85,1.74,0.41,-0.18,-0.01
2024-03-25 16:59:29.9990,2.19,-1.48,0.96,0.49,0.09,-0.08
2024-03-25 16:59:30.0090,2.78,-1.97,0.39,0.58,0.35,-0.19
2024-03-25 16:59:30.0190,3.17,-2.33,-0.08,0.65,0.47,-0.31
2024-03-25 16:59:30.0290,3.15,-2.49,-0.46,0.65,0.4,-0.41
2024-03-25 16:59:30.0390,2.71,-2.38,-0.94,0.55,0.23,-0.43
2024-03-25 16:59:30.0490,1.99,-2.15,-1.47,0.41,0.05,-0.36
2024-03-25 16:59:30.0590,1.14,-1.76,-1.75,0.26,-0.01,-0.18
2024-03-25 16:59:30.0690,0.37,-1.48,-1.93,0.1,0.04,0.06
2024-03-25 16:59:30.0790,-0.08,-1.4,-2.1,-0.07,0.11,0.27
2024-03-25 16:59:30.0890,-0.06,-1.64,-2.05,-0.17,0.11,0.42
2024-03-25 16:59:30.0990,0.0,-2.0,-1.64,-0.24,0.02,0.47
2024-03-25 16:59:30.1090,0.23,-2.32,-1.57,-0.3,-0.13,0.44
2024-03-25 16:59:30.1190,0.69,-2.64,-1.81,-0.33,-0.29,0.32
2024-03-25 16:59:30.1290,1.16,-2.76,-2.03,-0.32,-0.4,0.17
2024-03-25 16:59:30.1390,1.43,-2.7,-2.25,-0.28,-0.42,0.02
2024-03-25 16:59:30.1490,1.53,-2.43,-2.62,-0.24,-0.35,-0.09
2024-03-25 16:59:30.1590,1.45,-2.07,-3.11,-0.23,-0.23,-0.16
2024-03-25 16:59:30.1690,1.21,-1.67,-3.5,-0.21,-0.13,-0.19
2024-03-25 16:59:30.1790,0.99,-1.14,-3.59,-0.2,-0.1,-0.19
2024-03-25 16:59:30.1890,0.88,-0.6,-3.74,-0.23,-0.13,-0.2
2024-03-25 16:59:30.1990,0.82,-0.22,-4.04,-0.29,-0.19,-0.2
2024-03-25 16:59:30.2090,0.86,0.1,-4.24,-0.36,-0.23,-0.21
2024-03-25 16:59:30.2190,0.94,0.32,-4.24,-0.42,-0.22,-0.21
2024-03-25 16:59:30.2290,0.99,0.45,-4.04,-0.46,-0.15,-0.2
2024-03-25 16:59:30.2390,0.99,0.54,-3.54,-0.48,-0.07,-0.17
2024-03-25 16:59:30.2490,0.98,0.76,-2.91,-0.51,0.01,-0.12
2024-03-25 16:59:30.2590,0.84,0.86,-2.27,-0.5,0.03,-0.06
2024-03-25 16:59:30.2690,0.8,0.88,-1.33,-0.43,0.02,-0.01
2024-03-25 16:59:30.2790,0.78,0.78,-0.39,-0.32,-0.02,0.02
2024-03-25 16:59:30.2890,0.77,0.73,0.2,-0.26,-0.12,0.03
2024-03-25 16:59:30.2990,0.88,0.67,0.28,-0.25,-0.22,0.03
2024-03-25 16:59:30.3090,0.96,0.56,0.41,-0.27,-0.36,-0.01
2024-03-25 16:59:30.3190,1.08,0.52,0.64,-0.32,-0.46,-0.06
2024-03-25 16:59:30.3290,1.29,0.46,0.85,-0.33,-0.5,-0.14
2024-03-25 16:59:30.3390,1.56,0.45,1.25,-0.3,-0.44,-0.22
2024-03-25 16:59:30.3490,1.71,0.51,1.64,-0.25,-0.26,-0.28
2024-03-25 16:59:30.3590,1.6,0.56,1.99,-0.19,-0.01,-0.28
2024-03-25 16:59:30.3690,1.13,0.57,2.42,-0.13,0.22,-0.24
2024-03-25 16:59:30.3790,0.55,0.64,2.93,-0.1,0.32,-0.19
2024-03-25 16:59:30.3890,0.12,0.64,3.27,-0.09,0.27,-0.16
2024-03-25 16:59:30.3990,-0.18,0.64,3.69,-0.07,0.12,-0.19
2024-03-25 16:59:30.4090,-0.2,0.7,4.1,-0.0,-0.02,-0.27
2024-03-25 16:59:30.4190,0.03,0.68,4.44,0.14,-0.07,-0.38
2024-03-25 16:59:30.4290,0.1,0.72,4.73,0.35,-0.01,-0.46
2024-03-25 16:59:30.4390,-0.03,0.83,4.85,0.59,0.1,-0.52
2024-03-25 16:59:30.4490,-0.29,1.06,4.54,0.72,0.22,-0.51
2024-03-25 16:59:30.4590,-0.99,1.15,3.74,0.74,0.28,-0.44
2024-03-25 16:59:30.4690,-1.62,1.31,3.03,0.72,0.23,-0.33
2024-03-25 16:59:30.4790,-2.04,1.4,2.63,0.64,0.17,-0.17
2024-03-25 16:59:30.4890,-2.54,1.03,2.17,0.58,0.14,0.05
2024-03-25 16:59:30.4990,-2.81,0.1,2.08,0.63,0.14,0.21
2024-03-25 16:59:30.5090,-2.29,-1.12,2.27,0.72,0.09,0.21
2024-03-25 16:59:30.5190,-1.41,-2.27,1.9,0.78,0.01,0.13
2024-03-25 16:59:30.5290,-1.05,-2.94,1.03,0.72,-0.06,0.07
2024-03-25 16:59:30.5390,-1.04,-3.05,0.03,0.55,-0.08,0.03
2024-03-25 16:59:30.5490,-1.1,-2.89,-0.95,0.29,-0.04,0.08
2024-03-25 16:59:30.5590,-1.47,-2.67,-1.55,0.04,0.04,0.18
2024-03-25 16:59:30.5690,-1.87,-2.49,-1.56,-0.19,0.12,0.33
2024-03-25 16:59:30.5790,-2.19,-2.35,-1.42,-0.38,0.18,0.48
2024-03-25 16:59:30.5890,-2.2,-2.18,-1.11,-0.49,0.11,0.57
2024-03-25 16:59:30.5990,-1.89,-2.07,-0.75,-0.53,-0.02,0.59
2024-03-25 16:59:30.6090,-1.41,-2.04,-0.75,-0.53,-0.15,0.55
2024-03-25 16:59:30.6190,-0.89,-1.99,-0.95,-0.47,-0.23,0.48
2024-03-25 16:59:30.6290,-0.44,-1.8,-1.21,-0.38,-0.21,0.41
2024-03-25 16:59:30.6390,-0.21,-1.65,-1.63,-0.28,-0.11,0.37
2024-03-25 16:59:30.6490,-0.1,-1.42,-2.09,-0.2,0.0,0.34
2024-03-25 16:59:30.6590,-0.11,-1.23,-2.64,-0.17,0.03,0.36
2024-03-25 16:59:30.6690,-0.33,-1.08,-3.22,-0.11,0.12,0.39
2024-03-25 16:59:30.6790,-0.63,-0.95,-3.43,-0.02,0.11,0.44
2024-03-25 16:59:30.6890,-0.83,-0.78,-3.48,0.01,0.04,0.52
2024-03-25 16:59:30.6990,-0.77,-0.47,-4.12,-0.06,-0.07,0.56
2024-03-25 16:59:30.7090,-0.44,-0.19,-4.97,-0.2,-0.12,0.62
2024-03-25 16:59:30.7190,-0.31,-0.07,-5.29,-0.33,-0.09,0.67
2024-03-25 16:59:30.7290,-0.13,0.08,-4.92,-0.43,0.02,0.72
2024-03-25 16:59:30.7390,0.07,0.25,-4.34,-0.52,0.18,0.76
2024-03-25 16:59:30.7490,0.21,0.31,-3.56,-0.55,0.28,0.77
2024-03-25 16:59:30.7590,0.38,0.39,-2.27,-0.52,0.32,0.73
2024-03-25 16:59:30.7690,0.59,0.44,-1.1,-0.48,0.29,0.66
2024-03-25 16:59:30.7790,0.74,0.5,-0.07,-0.41,0.2,0.57
2024-03-25 16:59:30.7890,0.87,0.66,0.81,-0.34,0.09,0.47
2024-03-25 16:59:30.7990,0.91,0.81,1.38,-0.3,0.02,0.38
2024-03-25 16:59:30.8090,0.89,0.93,1.76,-0.25,0.02,0.33
2024-03-25 16:59:30.8190,0.83,1.05,2.22,-0.15,0.07,0.28
2024-03-25 16:59:30.8290,0.82,1.1,2.81,-0.02,0.12,0.19
2024-03-25 16:59:30.8390,0.9,1.04,3.26,0.13,0.13,0.08
2024-03-25 16:59:30.8490,0.96,0.83,3.51,0.29,0.08,-0.08
2024-03-25 16:59:30.8590,0.93,0.71,3.67,0.41,-0.0,-0.24
2024-03-25 16:59:30.8690,0.72,0.71,3.48,0.48,-0.08,-0.36
2024-03-25 16:59:30.8790,0.37,0.89,3.1,0.5,-0.12,-0.44
2024-03-25 16:59:30.8890,0.08,1.13,2.74,0.48,-0.13,-0.49
2024-03-25 16:59:30.8990,0.0,1.29,2.43,0.46,-0.11,-0.52
2024-03-25 16:59:30.9090,-0.09,1.41,2.47,0.49,-0.08,-0.54
2024-03-25 16:59:30.9180,-0.18,1.53,2.63,0.56,-0.04,-0.57
2024-03-25 16:59:30.9280,-0.15,1.53,2.63,0.67,-0.0,-0.61
2024-03-25 16:59:30.9390,-0.02,1.53,2.58,0.78,-0.02,-0.69
2024-03-25 16:59:30.9490,0.14,1.52,2.24,0.89,-0.09,-0.8
2024-03-25 16:59:30.9590,0.43,1.82,1.92,0.93,-0.22,-0.92
2024-03-25 16:59:30.9680,0.56,2.44,1.18,0.86,-0.28,-0.94
2024-03-25 16:59:30.9790,0.25,2.93,0.31,0.64,-0.15,-0.76
2024-03-25 16:59:30.9880,-0.46,2.83,-0.25,0.39,0.18,-0.37
2024-03-25 16:59:30.9990,-1.2,2.01,0.31,0.32,0.5,-0.0
2024-03-25 16:59:31.0090,-1.04,0.77,1.9,0.34,0.6,0.19
2024-03-25 16:59:31.0190,-0.36,-0.86,2.53,0.33,0.44,0.22
2024-03-25 16:59:31.0290,0.3,-2.23,2.5,0.32,0.16,0.07
2024-03-25 16:59:31.0380,1.18,-3.15,2.43,0.3,-0.08,-0.14
2024-03-25 16:59:31.0490,1.55,-3.64,2.08,0.28,-0.2,-0.29
2024-03-25 16:59:31.0580,1.4,-3.62,1.71,0.27,-0.18,-0.34
2024-03-25 16:59:31.0690,0.88,-3.34,1.18,0.22,-0.05,-0.25
2024-03-25 16:59:31.0780,0.14,-2.96,0.29,0.07,0.11,-0.08
2024-03-25 16:59:31.0880,-0.42,-2.76,-0.8,-0.14,0.23,0.09
2024-03-25 16:59:31.0980,-0.6,-2.87,-1.39,-0.32,0.23,0.19
2024-03-25 16:59:31.1090,-0.38,-3.18,-1.44,-0.44,0.13,0.18
2024-03-25 16:59:31.1190,-0.04,-3.43,-1.6,-0.51,-0.02,0.07
2024-03-25 16:59:31.1280,0.48,-3.35,-1.82,-0.52,-0.17,-0.12
2024-03-25 16:59:31.1380,0.99,-2.97,-2.04,-0.49,-0.21,-0.28
2024-03-25 16:59:31.1480,0.98,-2.41,-2.2,-0.39,-0.15,-0.38
2024-03-25 16:59:31.1580,0.7,-1.78,-2.33,-0.29,-0.06,-0.44
2024-03-25 16:59:31.1690,0.46,-1.22,-2.76,-0.26,-0.0,-0.46
2024-03-25 16:59:31.1780,0.19,-0.76,-3.33,-0.25,0.0,-0.46
2024-03-25 16:59:31.1880,0.0,-0.28,-3.67,-0.26,-0.04,-0.43
2024-03-25 16:59:31.1980,-0.19,0.13,-3.92,-0.28,-0.1,-0.38
2024-03-25 16:59:31.2080,-0.24,0.48,-4.09,-0.3,-0.11,-0.3
2024-03-25 16:59:31.2180,-0.29,0.63,-4.11,-0.3,-0.04,-0.19
2024-03-25 16:59:31.2280,-0.26,0.62,-4.01,-0.31,0.06,-0.09
2024-03-25 16:59:31.2380,-0.08,0.41,-3.81,-0.33,0.13,-0.02
2024-03-25 16:59:31.2480,0.15,0.14,-3.58,-0.36,0.16,0.0
2024-03-25 16:59:31.2580,0.37,-0.11,-3.22,-0.4,0.16,0.0
2024-03-25 16:59:31.2680,0.45,-0.3,-2.84,-0.42,0.15,0.0
2024-03-25 16:59:31.2780,0.49,-0.38,-2.25,-0.43,0.14,-0.0
2024-03-25 16:59:31.2880,0.61,-0.3,-1.61,-0.45,0.12,0.01
2024-03-25 16:59:31.2980,0.56,-0.05,-1.1,-0.47,0.1,0.08
2024-03-25 16:59:31.3080,0.44,0.26,-0.58,-0.49,0.1,0.16
2024-03-25 16:59:31.3180,0.52,0.47,-0.03,-0.47,0.1,0.2
2024-03-25 16:59:31.3280,0.7,0.59,0.61,-0.38,0.11,0.22
2024-03-25 16:59:31.3380,0.77,0.73,1.31,-0.24,0.07,0.18
2024-03-25 16:59:31.3480,0.97,0.89,1.75,-0.11,-0.0,0.11
2024-03-25 16:59:31.3580,1.25,1.06,1.66,-0.05,-0.03,0.03
2024-03-25 16:59:31.3680,1.36,1.26,1.26,-0.06,0.01,-0.02
2024-03-25 16:59:31.3780,1.26,1.42,1.08,-0.07,0.12,-0.02
2024-03-25 16:59:31.3880,0.98,1.51,1.46,-0.05,0.25,0.02
2024-03-25 16:59:31.3980,0.64,1.66,2.22,-0.03,0.32,0.06
2024-03-25 16:59:31.4080,0.39,1.66,2.77,-0.03,0.34,0.11
2024-03-25 16:59:31.4180,0.2,1.55,3.2,-0.0,0.3,0.1
2024-03-25 16:59:31.4280,0.23,1.24,3.97,0.1,0.2,0.03
2024-03-25 16:59:31.4380,0.44,0.87,4.78,0.27,0.11,-0.11
2024-03-25 16:59:31.4480,0.56,0.54,5.21,0.44,0.04,-0.27
2024-03-25 16:59:31.4580,0.5,0.41,5.06,0.6,0.02,-0.37
2024-03-25 16:59:31.4680,0.24,0.46,4.55,0.72,0.01,-0.44
2024-03-25 16:59:31.4780,0.05,0.74,4.03,0.8,0.01,-0.49
2024-03-25 16:59:31.4880,-0.07,0.99,3.39,0.8,0.04,-0.48
2024-03-25 16:59:31.4980,-0.49,1.03,2.6,0.75,0.13,-0.37
2024-03-25 16:59:31.5080,-1.0,0.95,2.32,0.77,0.24,-0.2
2024-03-25 16:59:31.5180,-1.42,0.6,2.5,0.84,0.3,-0.01
2024-03-25 16:59:31.5280,-1.64,-0.21,2.41,0.88,0.24,0.11
2024-03-25 16:59:31.5380,-1.4,-1.2,1.86,0.83,0.12,0.16
2024-03-25 16:59:31.5480,-0.97,-2.29,1.03,0.75,-0.02,0.14
2024-03-25 16:59:31.5580,-0.64,-2.98,0.44,0.62,-0.16,0.07
2024-03-25 16:59:31.5680,-0.46,-3.32,-0.23,0.45,-0.24,-0.0
2024-03-25 16:59:31.5780,-0.61,-3.45,-0.87,0.25,-0.21,-0.03
2024-03-25 16:59:31.5880,-0.92,-3.42,-1.35,0.07,-0.11,-0.02
2024-03-25 16:59:31.5980,-1.27,-3.24,-1.56,-0.09,0.03,0.01
2024-03-25 16:59:31.6080,-1.63,-2.77,-1.69,-0.25,0.1,0.05
2024-03-25 16:59:31.6180,-1.84,-2.07,-1.79,-0.39,0.08,0.11
2024-03-25 16:59:31.6280,-1.94,-1.36,-1.81,-0.48,0.02,0.2
2024-03-25 16:59:31.6380,-1.93,-0.83,-1.78,-0.54,-0.04,0.28
2024-03-25 16:59:31.6480,-1.69,-0.51,-1.93,-0.57,-0.11,0.35
2024-03-25 16:59:31.6580,-1.43,-0.27,-2.2,-0.58,-0.16,0.44
2024-03-25 16:59:31.6680,-1.09,-0.13,-2.52,-0.59,-0.2,0.51
2024-03-25 16:59:31.6780,-0.73,-0.13,-2.9,-0.56,-0.2,0.56
2024-03-25 16:59:31.6880,-0.31,-0.23,-3.15,-0.52,-0.14,0.59
2024-03-25 16:59:31.6980,0.03,-0.43,-3.35,-0.47,-0.05,0.61
2024-03-25 16:59:31.7080,0.21,-0.59,-3.48,-0.41,0.01,0.62
2024-03-25 16:59:31.7180,0.31,-0.82,-3.54,-0.37,0.07,0.61
2024-03-25 16:59:31.7280,0.45,-1.01,-3.66,-0.32,0.1,0.57
2024-03-25 16:59:31.7380,0.58,-1.03,-3.56,-0.27,0.08,0.51
2024-03-25 16:59:31.7480,0.72,-0.87,-3.6,-0.28,0.04,0.45
2024-03-25 16:59:31.7590,0.8,-0.68,-3.9,-0.32,0.0,0.39
2024-03-25 16:59:31.7680,0.9,-0.43,-4.0,-0.39,-0.02,0.33
2024-03-25 16:59:31.7780,1.09,-0.17,-3.87,-0.42,0.03,0.25
2024-03-25 16:59:31.7880,1.27,0.05,-3.43,-0.42,0.13,0.2
2024-03-25 16:59:31.7980,1.18,0.32,-2.73,-0.38,0.24,0.18
2024-03-25 16:59:31.8080,0.9,0.52,-1.87,-0.32,0.3,0.16
2024-03-25 16:59:31.8180,0.79,0.67,-1.02,-0.29,0.3,0.15
2024-03-25 16:59:31.8280,0.68,0.74,-0.28,-0.25,0.23,0.13
2024-03-25 16:59:31.8380,0.52,0.82,0.54,-0.2,0.11,0.11
2024-03-25 16:59:31.8480,0.42,0.95,1.18,-0.18,-0.01,0.09
2024-03-25 16:59:31.8580,0.36,1.0,1.43,-0.19,-0.11,0.09
2024-03-25 16:59:31.8680,0.35,1.14,1.56,-0.21,-0.15,0.09
2024-03-25 16:59:31.8780,0.36,1.21,1.77,-0.24,-0.14,0.1
2024-03-25 16:59:31.8880,0.39,1.25,2.09,-0.25,-0.07,0.09
2024-03-25 16:59:31.8980,0.47,1.24,2.44,-0.27,-0.0,0.07
2024-03-25 16:59:31.9080,0.46,1.17,2.74,-0.27,0.0,0.04
2024-03-25 16:59:31.9180,0.48,1.07,3.19,-0.24,-0.06,-0.02
2024-03-25 16:59:31.9280,0.54,0.82,3.71,-0.15,-0.17,-0.13
2024-03-25 16:59:31.9380,0.85,0.61,4.23,-0.06,-0.3,-0.32
2024-03-25 16:59:31.9480,1.29,0.64,4.2,0.0,-0.39,-0.52
2024-03-25 16:59:31.9580,1.37,0.78,3.79,0.07,-0.42,-0.7
2024-03-25 16:59:31.9680,1.18,1.1,3.59,0.16,-0.37,-0.8
2024-03-25 16:59:31.9780,0.77,1.49,3.54,0.25,-0.31,-0.9
2024-03-25 16:59:31.9880,0.72,1.79,3.28,0.32,-0.27,-0.97
2024-03-25 16:59:31.9980,0.54,2.14,3.0,0.39,-0.24,-0.98
2024-03-25 16:59:32.0080,0.25,2.38,2.84,0.42,-0.2,-0.92
2024-03-25 16:59:32.0180,-0.13,2.29,2.64,0.51,-0.17,-0.78
2024-03-25 16:59:32.0280,-0.56,1.94,2.85,0.59,-0.17,-0.6
2024-03-25 16:59:32.0380,-0.79,1.14,2.49,0.6,-0.25,-0.51
2024-03-25 16:59:32.0480,-0.2,0.19,1.55,0.56,-0.38,-0.51
2024-03-25 16:59:32.0580,0.39,-0.67,0.9,0.54,-0.5,-0.54
2024-03-25 16:59:32.0680,0.71,-1.2,0.58,0.52,-0.52,-0.55
2024-03-25 16:59:32.0780,0.82,-1.6,0.22,0.49,-0.45,-0.54
2024-03-25 16:59:32.0880,0.81,-1.82,-0.19,0.44,-0.3,-0.51
2024-03-25 16:59:32.0980,0.72,-1.85,-0.63,0.33,-0.14,-0.45
2024-03-25 16:59:32.1080,0.39,-1.78,-1.13,0.16,-0.03,-0.33
2024-03-25 16:59:32.1180,-0.22,-1.64,-1.52,-0.07,0.01,-0.17
2024-03-25 16:59:32.1280,-0.66,-1.58,-1.87,-0.33,0.01,0.0
2024-03-25 16:59:32.1380,-0.9,-1.82,-1.89,-0.56,-0.04,0.15
2024-03-25 16:59:32.1480,-0.78,-2.25,-1.57,-0.73,-0.11,0.23
2024-03-25 16:59:32.1580,-0.47,-2.8,-1.1,-0.78,-0.17,0.25
2024-03-25 16:59:32.1680,-0.06,-3.12,-0.51,-0.75,-0.2,0.16
2024-03-25 16:59:32.1780,0.61,-3.37,-0.32,-0.68,-0.19,-0.0
2024-03-25 16:59:32.1880,1.17,-3.22,-0.42,-0.55,-0.14,-0.2
2024-03-25 16:59:32.1980,1.36,-2.81,-0.67,-0.42,-0.06,-0.36
2024-03-25 16:59:32.2080,1.08,-2.16,-1.22,-0.34,0.01,-0.43
2024-03-25 16:59:32.2180,0.47,-1.41,-1.96,-0.31,0.07,-0.4
2024-03-25 16:59:32.2280,-0.15,-0.72,-2.57,-0.31,0.11,-0.3
2024-03-25 16:59:32.2380,-0.61,-0.08,-2.75,-0.28,0.09,-0.17
2024-03-25 16:59:32.2480,-0.74,0.44,-2.76,-0.27,0.05,-0.06
2024-03-25 16:59:32.2580,-0.53,0.65,-2.94,-0.27,0.01,0.0
2024-03-25 16:59:32.2680,-0.14,0.61,-3.01,-0.26,0.02,0.06
2024-03-25 16:59:32.2780,0.09,0.48,-2.76,-0.22,0.08,0.12
2024-03-25 16:59:32.2880,0.25,0.34,-2.37,-0.17,0.14,0.13
2024-03-25 16:59:32.2980,0.62,0.24,-2.02,-0.12,0.19,0.1
2024-03-25 16:59:32.3080,1.01,0.26,-1.66,-0.09,0.19,0.04
2024-03-25 16:59:32.3180,1.28,0.4,-1.33,-0.05,0.17,-0.02
2024-03-25 16:59:32.3280,1.38,0.54,-0.89,-0.01,0.18,-0.05
2024-03-25 16:59:32.3380,1.22,0.56,-0.41,0.05,0.2,-0.04
2024-03-25 16:59:32.3490,0.81,0.53,0.19,0.11,0.21,0.03
2024-03-25 16:59:32.3580,0.39,0.56,0.69,0.15,0.18,0.1
2024-03-25 16:59:32.3690,0.27,0.54,0.88,0.19,0.1,0.14
2024-03-25 16:59:32.3780,0.48,0.42,1.11,0.24,-0.03,0.1
2024-03-25 16:59:32.3880,0.89,0.3,1.17,0.28,-0.11,0.02
2024-03-25 16:59:32.3980,1.29,0.25,1.01,0.31,-0.09,-0.06
2024-03-25 16:59:32.4080,1.56,0.37,0.86,0.29,0.03,-0.13
2024-03-25 16:59:32.4180,1.6,0.47,0.7,0.24,0.21,-0.16
2024-03-25 16:59:32.4280,1.22,0.58,0.83,0.18,0.34,-0.12
2024-03-25 16:59:32.4380,0.56,0.75,1.4,0.13,0.35,-0.07
2024-03-25 16:59:32.4480,0.08,0.89,2.15,0.1,0.25,-0.04
2024-03-25 16:59:32.4580,-0.16,0.92,2.77,0.08,0.13,-0.04
2024-03-25 16:59:32.4680,-0.12,0.86,3.29,0.13,0.06,-0.09
2024-03-25 16:59:32.4780,0.02,0.78,3.82,0.27,0.07,-0.17
2024-03-25 16:59:32.4880,0.16,0.8,4.29,0.44,0.13,-0.27
2024-03-25 16:59:32.4980,0.32,1.1,4.38,0.57,0.19,-0.36
2024-03-25 16:59:32.5080,0.09,1.48,3.99,0.61,0.25,-0.34
2024-03-25 16:59:32.5180,-0.72,1.81,3.39,0.51,0.31,-0.18
2024-03-25 16:59:32.5280,-1.76,1.82,2.73,0.39,0.37,0.12
2024-03-25 16:59:32.5380,-2.52,1.4,2.81,0.43,0.31,0.41
2024-03-25 16:59:32.5480,-2.33,0.33,3.63,0.56,0.17,0.49
2024-03-25 16:59:32.5580,-1.34,-1.25,3.56,0.69,-0.01,0.43
2024-03-25 16:59:32.5680,-0.52,-2.52,2.77,0.77,-0.18,0.23
2024-03-25 16:59:32.5780,0.1,-3.32,1.76,0.76,-0.28,0.04
2024-03-25 16:59:32.5880,0.13,-3.51,0.66,0.7,-0.3,-0.05
2024-03-25 16:59:32.5980,-0.43,-3.37,-0.28,0.62,-0.26,-0.04
2024-03-25 16:59:32.6080,-1.04,-3.09,-0.98,0.46,-0.19,0.03
2024-03-25 16:59:32.6180,-1.47,-2.96,-1.96,0.21,-0.09,0.12
2024-03-25 16:59:32.6280,-1.81,-2.82,-2.75,-0.09,-0.02,0.21
2024-03-25 16:59:32.6380,-1.99,-2.68,-3.11,-0.37,0.03,0.29
2024-03-25 16:59:32.6480,-2.01,-2.53,-2.96,-0.55,0.05,0.33
2024-03-25 16:59:32.6580,-1.88,-2.29,-2.26,-0.61,0.04,0.34
2024-03-25 16:59:32.6680,-1.75,-2.03,-1.65,-0.63,0.02,0.34
2024-03-25 16:59:32.6780,-1.59,-1.75,-1.54,-0.6,-0.01,0.32
2024-03-25 16:59:32.6880,-1.43,-1.43,-1.45,-0.51,-0.03,0.31
2024-03-25 16:59:32.6980,-1.34,-1.12,-1.41,-0.4,-0.03,0.3
2024-03-25 16:59:32.7080,-1.33,-0.76,-1.67,-0.29,-0.0,0.32
2024-03-25 16:59:32.7180,-1.4,-0.4,-2.18,-0.23,0.05,0.39
2024-03-25 16:59:32.7280,-1.52,-0.09,-2.77,-0.18,0.1,0.49
2024-03-25 16:59:32.7380,-1.67,0.15,-3.14,-0.14,0.12,0.61
2024-03-25 16:59:32.7470,-1.63,0.3,-3.43,-0.14,0.13,0.73
2024-03-25 16:59:32.7580,-1.5,0.33,-3.76,-0.17,0.07,0.8
2024-03-25 16:59:32.7680,-1.03,0.28,-4.02,-0.23,-0.03,0.82
2024-03-25 16:59:32.7780,-0.52,0.13,-4.1,-0.26,-0.09,0.8
2024-03-25 16:59:32.7880,0.0,-0.02,-3.83,-0.25,-0.1,0.74
2024-03-25 16:59:32.7970,0.45,0.0,-3.5,-0.24,-0.07,0.67
2024-03-25 16:59:32.8080,0.66,0.11,-3.39,-0.26,-0.01,0.64
2024-03-25 16:59:32.8180,0.6,0.27,-3.13,-0.26,0.03,0.63
2024-03-25 16:59:32.8280,0.62,0.4,-2.61,-0.26,0.07,0.62
2024-03-25 16:59:32.8370,0.71,0.48,-2.13,-0.26,0.09,0.61
2024-03-25 16:59:32.8480,0.78,0.48,-1.61,-0.25,0.11,0.6
2024-03-25 16:59:32.8580,0.82,0.51,-1.03,-0.25,0.12,0.57
2024-03-25 16:59:32.8680,0.92,0.54,-0.61,-0.27,0.12,0.52
2024-03-25 16:59:32.8770,1.06,0.52,-0.05,-0.27,0.09,0.4
2024-03-25 16:59:32.8870,1.43,0.46,0.75,-0.23,0.03,0.23
2024-03-25 16:59:32.8970,1.69,0.5,1.59,-0.18,-0.03,0.05
2024-03-25 16:59:32.9070,1.66,0.64,2.17,-0.15,-0.07,-0.1
2024-03-25 16:59:32.9170,1.42,0.85,2.47,-0.15,-0.07,-0.2
2024-03-25 16:59:32.9270,1.0,1.07,2.64,-0.17,-0.02,-0.23
2024-03-25 16:59:32.9370,0.45,1.37,3.02,-0.18,0.03,-0.24
2024-03-25 16:59:32.9470,0.1,1.56,3.46,-0.2,0.03,-0.25
2024-03-25 16:59:32.9570,-0.1,1.64,3.93,-0.2,-0.01,-0.28
2024-03-25 16:59:32.9680,-0.13,1.63,4.51,-0.11,-0.1,-0.39
2024-03-25 16:59:32.9770,0.0,1.58,5.28,0.06,-0.22,-0.56
2024-03-25 16:59:32.9870,0.29,1.67,5.72,0.24,-0.34,-0.75
2024-03-25 16:59:32.9970,0.48,2.16,5.32,0.3,-0.34,-0.87
2024-03-25 16:59:33.0080,0.46,2.79,4.19,0.24,-0.17,-0.84
2024-03-25 16:59:33.0170,-0.19,3.04,3.41,0.12,0.1,-0.61
2024-03-25 16:59:33.0270,-1.19,2.77,3.57,0.1,0.26,-0.3
2024-03-25 16:59:33.0370,-1.57,1.7,4.63,0.22,0.29,-0.14
2024-03-25 16:59:33.0480,-1.03,0.06,5.42,0.39,0.19,-0.14
2024-03-25 16:59:33.0570,-0.23,-1.46,5.28,0.58,0.02,-0.27
2024-03-25 16:59:33.0670,0.54,-2.49,4.82,0.77,-0.16,-0.48
2024-03-25 16:59:33.0770,0.94,-3.04,3.84,0.9,-0.26,-0.64
2024-03-25 16:59:33.0880,0.84,-3.09,2.43,0.97,-0.27,-0.69
2024-03-25 16:59:33.0970,0.39,-2.79,1.01,0.99,-0.23,-0.67
2024-03-25 16:59:33.1070,0.03,-2.53,-0.28,0.93,-0.16,-0.61
2024-03-25 16:59:33.1170,-0.11,-2.23,-1.63,0.76,-0.04,-0.52
2024-03-25 16:59:33.1270,-0.29,-1.97,-2.77,0.54,0.09,-0.39
2024-03-25 16:59:33.1370,-0.62,-1.8,-3.39,0.3,0.24,-0.23
2024-03-25 16:59:33.1470,-0.97,-1.87,-3.58,0.09,0.34,-0.05
2024-03-25 16:59:33.1580,-1.21,-2.09,-3.38,-0.07,0.34,0.08
2024-03-25 16:59:33.1670,-1.11,-2.41,-3.1,-0.21,0.2,0.13
2024-03-25 16:59:33.1770,-0.79,-2.75,-2.97,-0.32,0.0,0.06
2024-03-25 16:59:33.1870,-0.2,-2.85,-2.95,-0.37,-0.14,-0.07
2024-03-25 16:59:33.1970,0.34,-2.64,-2.95,-0.37,-0.14,-0.19
2024-03-25 16:59:33.2070,0.55,-2.15,-2.99,-0.35,-0.03,-0.24
2024-03-25 16:59:33.2170,0.34,-1.61,-3.12,-0.32,0.12,-0.23
2024-03-25 16:59:33.2270,0.0,-1.04,-3.29,-0.32,0.22,-0.18
2024-03-25 16:59:33.2370,-0.3,-0.54,-3.45,-0.35,0.23,-0.11
2024-03-25 16:59:33.2480,-0.47,-0.07,-3.56,-0.39,0.18,-0.04
2024-03-25 16:59:33.2570,-0.52,0.23,-3.66,-0.43,0.12,0.03
2024-03-25 16:59:33.2670,-0.44,0.43,-3.59,-0.45,0.08,0.09
2024-03-25 16:59:33.2770,-0.35,0.54,-3.45,-0.45,0.09,0.17
2024-03-25 16:59:33.2870,-0.29,0.53,-3.18,-0.41,0.13,0.25
2024-03-25 16:59:33.2970,-0.16,0.49,-2.77,-0.38,0.17,0.32
2024-03-25 16:59:33.3070,0.0,0.35,-2.45,-0.35,0.16,0.36
2024-03-25 16:59:33.3170,0.2,0.24,-2.15,-0.34,0.1,0.38
2024-03-25 16:59:33.3270,0.4,0.16,-1.91,-0.34,0.04,0.39
2024-03-25 16:59:33.3370,0.57,0.04,-1.57,-0.3,-0.0,0.38
2024-03-25 16:59:33.3470,0.72,-0.07,-1.0,-0.22,-0.01,0.35
2024-03-25 16:59:33.3570,0.86,-0.22,-0.5,-0.13,-0.02,0.31
2024-03-25 16:59:33.3670,0.92,-0.18,-0.13,-0.06,-0.07,0.27
2024-03-25 16:59:33.3770,0.98,0.06,-0.08,-0.05,-0.16,0.2
2024-03-25 16:59:33.3870,1.19,0.4,-0.3,-0.1,-0.25,0.12
2024-03-25 16:59:33.3970,1.44,0.74,-0.52,-0.14,-0.26,0.05
2024-03-25 16:59:33.4070,1.62,1.07,-0.39,-0.19,-0.16,0.01
2024-03-25 16:59:33.4170,1.64,1.32,-0.09,-0.25,0.07,0.01
2024-03-25 16:59:33.4270,1.52,1.41,0.47,-0.27,0.34,0.04
2024-03-25 16:59:33.4370,1.31,1.45,1.63,-0.21,0.53,0.05
2024-03-25 16:59:33.4470,1.11,1.46,2.98,-0.15,0.57,0.02
2024-03-25 16:59:33.4570,0.99,1.47,3.81,-0.11,0.49,-0.06
2024-03-25 16:59:33.4670,0.9,1.44,4.28,-0.08,0.35,-0.15
2024-03-25 16:59:33.4770,0.77,1.48,4.63,-0.05,0.24,-0.22
2024-03-25 16:59:33.4870,0.54,1.49,5.02,0.04,0.19,-0.27
2024-03-25 16:59:33.4970,0.44,1.66,5.34,0.13,0.17,-0.31
2024-03-25 16:59:33.5070,0.16,1.9,5.28,0.19,0.18,-0.29
2024-03-25 16:59:33.5170,-0.42,2.03,4.97,0.22,0.19,-0.18
2024-03-25 16:59:33.5270,-1.08,2.05,4.76,0.22,0.2,0.01
2024-03-25 16:59:33.5380,-1.73,1.68,4.64,0.28,0.15,0.23
2024-03-25 16:59:33.5470,-2.05,0.56,4.73,0.42,-0.02,0.33
2024-03-25 16:59:33.5570,-1.31,-0.75,4.57,0.58,-0.28,0.26
2024-03-25 16:59:33.5670,-0.44,-1.73,3.64,0.65,-0.49,0.1
2024-03-25 16:59:33.5770,0.08,-2.44,2.16,0.63,-0.54,-0.02
2024-03-25 16:59:33.5870,0.07,-2.83,1.02,0.59,-0.45,-0.07
2024-03-25 16:59:33.5970,-0.24,-3.01,0.38,0.54,-0.25,-0.06
2024-03-25 16:59:33.6070,-0.61,-3.2,0.01,0.52,-0.08,-0.03
2024-03-25 16:59:33.6170,-0.93,-3.35,-0.25,0.46,-0.01,-0.01
2024-03-25 16:59:33.6270,-1.28,-3.46,-0.8,0.32,-0.08,0.01
2024-03-25 16:59:33.6370,-1.61,-3.35,-1.51,0.12,-0.22,0.04
2024-03-25 16:59:33.6470,-1.85,-3.1,-2.14,-0.09,-0.31,0.06
2024-03-25 16:59:33.6570,-1.83,-2.81,-2.52,-0.29,-0.31,0.09
2024-03-25 16:59:33.6670,-1.67,-2.54,-2.65,-0.45,-0.23,0.1
2024-03-25 16:59:33.6770,-1.44,-2.15,-2.6,-0.53,-0.11,0.13
2024-03-25 16:59:33.6870,-1.34,-1.73,-2.29,-0.55,-0.01,0.17
2024-03-25 16:59:33.6970,-1.23,-1.33,-1.91,-0.53,0.02,0.19
2024-03-25 16:59:33.7070,-1.02,-1.07,-1.78,-0.5,-0.0,0.18
2024-03-25 16:59:33.7170,-0.73,-0.82,-1.82,-0.44,-0.06,0.16
2024-03-25 16:59:33.7270,-0.57,-0.59,-1.86,-0.37,-0.12,0.15
2024-03-25 16:59:33.7370,-0.51,-0.29,-2.05,-0.33,-0.15,0.17
2024-03-25 16:59:33.7470,-0.61,-0.02,-2.45,-0.29,-0.14,0.26
2024-03-25 16:59:33.7570,-0.83,0.21,-2.62,-0.25,-0.11,0.37
2024-03-25 16:59:33.7670,-0.87,0.3,-2.75,-0.21,-0.07,0.45
2024-03-25 16:59:33.7770,-0.65,0.23,-2.81,-0.16,-0.03,0.5
2024-03-25 16:59:33.7870,-0.23,0.11,-2.82,-0.1,-0.01,0.48
2024-03-25 16:59:33.7970,0.19,-0.07,-2.81,-0.05,-0.0,0.42
2024-03-25 16:59:33.8070,0.44,-0.21,-2.85,-0.03,0.01,0.36
2024-03-25 16:59:33.8170,0.46,-0.27,-2.85,-0.03,0.07,0.33
2024-03-25 16:59:33.8270,0.2,-0.25,-2.58,-0.01,0.16,0.36
2024-03-25 16:59:33.8370,-0.11,-0.2,-1.9,0.04,0.24,0.39
2024-03-25 16:59:33.8470,-0.13,-0.1,-1.02,0.12,0.24,0.38
2024-03-25 16:59:33.8570,0.09,-0.01,-0.39,0.18,0.15,0.29
2024-03-25 16:59:33.8670,0.35,0.16,-0.21,0.2,0.03,0.18
2024-03-25 16:59:33.8770,0.37,0.31,-0.28,0.2,-0.05,0.09
2024-03-25 16:59:33.8870,0.25,0.5,-0.25,0.2,-0.04,0.04
2024-03-25 16:59:33.8970,0.03,0.73,0.04,0.21,-0.01,0.03
2024-03-25 16:59:33.9070,-0.18,0.99,0.26,0.17,0.02,0.04
2024-03-25 16:59:33.9170,-0.31,1.27,0.34,0.09,0.05,0.06
2024-03-25 16:59:33.9270,-0.41,1.48,0.5,-0.04,0.04,0.09
2024-03-25 16:59:33.9370,-0.41,1.66,0.62,-0.22,0.04,0.11
2024-03-25 16:59:33.9470,-0.35,1.62,0.97,-0.36,0.07,0.12
2024-03-25 16:59:33.9570,-0.3,1.48,1.8,-0.42,0.12,0.08
2024-03-25 16:59:33.9670,-0.18,1.24,2.88,-0.42,0.19,0.0
2024-03-25 16:59:33.9770,0.0,1.0,3.7,-0.35,0.21,-0.1
2024-03-25 16:59:33.9870,0.03,0.91,4.6,-0.19,0.16,-0.23
2024-03-25 16:59:33.9970,0.11,0.88,5.35,0.01,0.07,-0.37
2024-03-25 16:59:34.0070,0.31,1.07,5.45,0.17,-0.03,-0.53
2024-03-25 16:59:34.0170,0.61,1.51,4.82,0.2,-0.04,-0.64
2024-03-25 16:59:34.0270,0.53,2.1,3.57,0.07,0.1,-0.55
2024-03-25 16:59:34.0380,-0.31,2.3,2.79,-0.03,0.36,-0.27
2024-03-25 16:59:34.0470,-1.03,1.96,3.57,0.06,0.47,-0.02
2024-03-25 16:59:34.0570,-0.81,1.01,5.0,0.32,0.47,0.07
2024-03-25 16:59:34.0670,0.1,-0.5,5.67,0.67,0.3,-0.06
2024-03-25 16:59:34.0770,1.33,-1.6,5.41,0.93,-0.04,-0.33
2024-03-25 16:59:34.0870,2.14,-2.11,3.81,1.02,-0.38,-0.58
2024-03-25 16:59:34.0970,2.29,-2.06,1.75,1.01,-0.65,-0.7
2024-03-25 16:59:34.1070,1.8,-1.69,0.05,0.98,-0.78,-0.69
2024-03-25 16:59:34.1170,1.35,-1.32,-1.14,0.92,-0.74,-0.6
2024-03-25 16:59:34.1270,1.22,-1.03,-2.23,0.8,-0.56,-0.47
2024-03-25 16:59:34.1370,1.23,-0.88,-3.18,0.63,-0.3,-0.33
2024-03-25 16:59:34.1470,1.2,-0.92,-3.78,0.41,-0.05,-0.22
2024-03-25 16:59:34.1570,1.09,-1.12,-4.02,0.14,0.12,-0.13
2024-03-25 16:59:34.1670,0.7,-1.58,-3.99,-0.1,0.17,-0.04
2024-03-25 16:59:34.1770,0.15,-2.03,-3.35,-0.28,0.11,0.0
2024-03-25 16:59:34.1870,-0.16,-2.54,-2.54,-0.38,-0.01,-0.02
2024-03-25 16:59:34.1970,-0.06,-2.94,-2.08,-0.44,-0.13,-0.1
2024-03-25 16:59:34.2070,0.28,-3.11,-1.89,-0.43,-0.18,-0.24
2024-03-25 16:59:34.2170,0.67,-2.88,-1.75,-0.38,-0.13,-0.38
2024-03-25 16:59:34.2270,0.75,-2.28,-1.84,-0.33,-0.01,-0.46
2024-03-25 16:59:34.2370,0.5,-1.59,-2.15,-0.31,0.09,-0.5
2024-03-25 16:59:34.2470,0.26,-0.96,-2.61,-0.33,0.16,-0.53
2024-03-25 16:59:34.2570,0.05,-0.51,-3.1,-0.34,0.16,-0.51
2024-03-25 16:59:34.2670,-0.36,0.06,-3.06,-0.33,0.11,-0.43
2024-03-25 16:59:34.2770,-0.78,0.54,-2.91,-0.31,0.01,-0.3
2024-03-25 16:59:34.2870,-1.07,0.95,-2.77,-0.28,-0.08,-0.13
2024-03-25 16:59:34.2970,-1.22,1.27,-2.68,-0.28,-0.16,0.03
2024-03-25 16:59:34.3070,-1.01,1.35,-2.87,-0.33,-0.2,0.16
2024-03-25 16:59:34.3170,-0.69,1.08,-3.01,-0.37,-0.19,0.25
2024-03-25 16:59:34.3270,-0.44,0.78,-2.68,-0.36,-0.13,0.32
2024-03-25 16:59:34.3370,-0.17,0.56,-2.12,-0.31,-0.08,0.34
2024-03-25 16:59:34.3470,0.18,0.27,-1.67,-0.2,-0.06,0.3
2024-03-25 16:59:34.3570,0.66,0.2,-1.03,-0.11,-0.12,0.2
2024-03-25 16:59:34.3670,1.01,0.34,-0.69,-0.13,-0.25,0.13
2024-03-25 16:59:34.3770,0.9,0.48,-0.85,-0.21,-0.39,0.13
2024-03-25 16:59:34.3870,0.7,0.62,-0.66,-0.26,-0.49,0.16
2024-03-25 16:59:34.3970,0.5,0.69,-0.07,-0.24,-0.49,0.23
2024-03-25 16:59:34.4070,0.58,0.64,0.45,-0.16,-0.4,0.26
2024-03-25 16:59:34.4170,0.89,0.48,0.83,-0.05,-0.25,0.24
2024-03-25 16:59:34.4270,1.3,0.26,1.01,0.05,-0.07,0.16
2024-03-25 16:59:34.4370,1.66,0.07,1.08,0.12,0.07,0.03
2024-03-25 16:59:34.4470,1.66,-0.05,1.2,0.16,0.15,-0.09
2024-03-25 16:59:34.4570,1.42,-0.06,1.44,0.16,0.2,-0.2
2024-03-25 16:59:34.4670,1.16,0.09,1.58,0.09,0.2,-0.25
2024-03-25 16:59:34.4760,0.63,0.37,1.57,0.0,0.17,-0.25
2024-03-25 16:59:34.4870,0.02,0.72,1.77,-0.1,0.17,-0.18
2024-03-25 16:59:34.4970,-0.5,1.04,2.09,-0.16,0.19,-0.09
2024-03-25 16:59:34.5070,-0.71,1.31,2.64,-0.15,0.21,-0.04
2024-03-25 16:59:34.5170,-0.51,1.63,3.22,-0.12,0.22,-0.05
2024-03-25 16:59:34.5270,-0.23,2.11,3.43,-0.18,0.26,-0.02
2024-03-25 16:59:34.5370,-0.57,2.19,3.15,-0.35,0.31,0.12
2024-03-25 16:59:34.5470,-1.44,1.67,3.18,-0.47,0.33,0.38
2024-03-25 16:59:34.5570,-1.96,1.0,4.33,-0.39,0.24,0.54
2024-03-25 16:59:34.5670,-1.16,0.1,5.7,-0.19,0.09,0.52
2024-03-25 16:59:34.5770,-0.02,-0.92,6.05,0.06,-0.07,0.43
2024-03-25 16:59:34.5870,0.44,-1.92,5.72,0.24,-0.19,0.29
2024-03-25 16:59:34.5970,0.75,-2.66,4.62,0.31,-0.25,0.15
2024-03-25 16:59:34.6070,0.7,-3.04,3.4,0.31,-0.3,0.06
2024-03-25 16:59:34.6170,0.21,-3.32,2.55,0.33,-0.35,0.02
2024-03-25 16:59:34.6270,-0.32,-3.38,2.16,0.4,-0.43,-0.01
2024-03-25 16:59:34.6370,-0.67,-3.35,1.65,0.48,-0.49,-0.06
2024-03-25 16:59:34.6470,-0.82,-3.21,0.68,0.49,-0.49,-0.12
2024-03-25 16:59:34.6570,-0.84,-2.84,-0.66,0.42,-0.4,-0.15
2024-03-25 16:59:34.6670,-1.06,-2.36,-1.88,0.3,-0.26,-0.12
2024-03-25 16:59:34.6770,-1.42,-1.86,-2.64,0.2,-0.1,-0.06
2024-03-25 16:59:34.6870,-1.7,-1.48,-2.97,0.11,0.02,0.03
2024-03-25 16:59:34.6970,-1.93,-1.16,-3.14,0.04,0.09,0.13
2024-03-25 16:59:34.7070,-2.03,-0.95,-3.31,-0.03,0.08,0.22
2024-03-25 16:59:34.7170,-1.94,-0.82,-3.47,-0.11,0.02,0.28
2024-03-25 16:59:34.7270,-1.71,-0.78,-3.56,-0.15,-0.06,0.32
2024-03-25 16:59:34.7370,-1.53,-0.78,-3.58,-0.18,-0.14,0.35
2024-03-25 16:59:34.7470,-1.39,-0.78,-3.62,-0.19,-0.16,0.37
2024-03-25 16:59:34.7570,-1.25,-0.76,-3.74,-0.2,-0.11,0.42
2024-03-25 16:59:34.7670,-1.25,-0.75,-3.88,-0.22,-0.04,0.49
2024-03-25 16:59:34.7770,-1.36,-0.63,-3.92,-0.25,0.01,0.58
2024-03-25 16:59:34.7870,-1.34,-0.5,-3.93,-0.29,0.02,0.64
2024-03-25 16:59:34.7960,-1.17,-0.38,-3.91,-0.33,0.01,0.68
2024-03-25 16:59:34.8070,-0.86,-0.3,-3.75,-0.33,0.01,0.67
2024-03-25 16:59:34.8160,-0.45,-0.22,-3.23,-0.31,0.06,0.62
2024-03-25 16:59:34.8270,-0.15,-0.13,-2.69,-0.31,0.14,0.6
2024-03-25 16:59:34.8360,-0.09,0.05,-2.23,-0.34,0.22,0.59
2024-03-25 16:59:34.8470,-0.22,0.24,-1.72,-0.36,0.25,0.6
2024-03-25 16:59:34.8570,-0.38,0.44,-1.06,-0.38,0.22,0.62
2024-03-25 16:59:34.8660,-0.5,0.66,-0.42,-0.39,0.14,0.63
2024-03-25 16:59:34.8760,-0.44,0.92,0.08,-0.38,0.05,0.62
2024-03-25 16:59:34.8860,-0.16,1.12,0.57,-0.34,-0.0,0.57
2024-03-25 16:59:34.8960,0.23,1.19,1.07,-0.24,0.0,0.49
2024-03-25 16:59:34.9060,0.45,1.33,1.66,-0.11,0.05,0.39
2024-03-25 16:59:34.9160,0.68,1.46,2.06,0.01,0.08,0.27
2024-03-25 16:59:34.9260,0.75,1.59,2.16,0.09,0.09,0.14
2024-03-25 16:59:34.9360,0.61,1.75,2.07,0.11,0.09,0.06
2024-03-25 16:59:34.9460,0.24,1.92,2.03,0.13,0.09,0.02
2024-03-25 16:59:34.9560,-0.22,2.11,2.26,0.16,0.08,0.04
2024-03-25 16:59:34.9660,-0.68,2.2,2.55,0.19,0.06,0.1
2024-03-25 16:59:34.9760,-0.95,2.12,2.77,0.22,0.02,0.15
2024-03-25 16:59:34.9860,-0.72,1.79,2.87,0.25,-0.04,0.13
2024-03-25 16:59:34.9960,-0.07,1.49,2.85,0.27,-0.1,0.05
2024-03-25 16:59:35.0060,0.43,1.19,2.74,0.31,-0.14,-0.06
2024-03-25 16:59:35.0160,0.67,0.98,2.69,0.35,-0.15,-0.18
2024-03-25 16:59:35.0270,0.71,0.86,2.47,0.36,-0.16,-0.26
2024-03-25 16:59:35.0360,0.62,0.84,2.22,0.39,-0.19,-0.32
2024-03-25 16:59:35.0460,0.73,0.96,2.21,0.43,-0.19,-0.39
2024-03-25 16:59:35.0560,1.07,1.05,2.05,0.44,-0.11,-0.43
2024-03-25 16:59:35.0660,1.26,1.12,1.82,0.43,0.03,-0.39
2024-03-25 16:59:35.0760,1.22,1.0,1.78,0.42,0.14,-0.33
2024-03-25 16:59:35.0860,1.28,0.52,2.14,0.48,0.16,-0.3
2024-03-25 16:59:35.0960,1.36,-0.39,2.69,0.58,0.14,-0.32
2024-03-25 16:59:35.1060,1.42,-1.45,2.94,0.71,0.09,-0.39
2024-03-25 16:59:35.1160,1.48,-2.27,2.78,0.77,-0.0,-0.47
2024-03-25 16:59:35.1260,1.35,-2.68,2.11,0.75,-0.11,-0.5
2024-03-25 16:59:35.1360,0.97,-2.82,1.32,0.7,-0.21,-0.49
2024-03-25 16:59:35.1460,0.64,-2.66,0.58,0.61,-0.29,-0.44
2024-03-25 16:59:35.1570,0.46,-2.41,-0.21,0.48,-0.3,-0.37
2024-03-25 16:59:35.1660,0.38,-2.26,-0.95,0.33,-0.24,-0.28
2024-03-25 16:59:35.1760,0.26,-2.2,-1.47,0.14,-0.13,-0.18
2024-03-25 16:59:35.1860,0.16,-2.29,-1.97,-0.07,-0.01,-0.08
2024-03-25 16:59:35.1960,0.05,-2.57,-2.04,-0.2,0.07,-0.03
2024-03-25 16:59:35.2060,0.07,-2.97,-1.62,-0.25,0.07,-0.06
2024-03-25 16:59:35.2160,0.25,-3.29,-1.22,-0.25,-0.01,-0.18
2024-03-25 16:59:35.2260,0.51,-3.31,-1.24,-0.23,-0.09,-0.34
2024-03-25 16:59:35.2360,0.61,-2.88,-1.5,-0.2,-0.15,-0.44
2024-03-25 16:59:35.2460,0.24,-2.28,-1.84,-0.17,-0.17,-0.5
2024-03-25 16:59:35.2560,-0.05,-1.65,-2.34,-0.16,-0.13,-0.52
2024-03-25 16:59:35.2660,-0.23,-1.16,-2.85,-0.12,-0.07,-0.51
2024-03-25 16:59:35.2770,-0.51,-0.64,-3.18,-0.11,-0.03,-0.47
2024-03-25 16:59:35.2860,-0.71,-0.14,-3.62,-0.13,-0.02,-0.41
2024-03-25 16:59:35.2960,-0.72,0.31,-4.07,-0.18,-0.04,-0.37
2024-03-25 16:59:35.3060,-0.72,0.64,-4.43,-0.25,-0.06,-0.31
2024-03-25 16:59:35.3160,-0.71,0.92,-4.54,-0.3,-0.04,-0.24
2024-03-25 16:59:35.3260,-0.64,1.07,-4.28,-0.3,0.03,-0.15
2024-03-25 16:59:35.3360,-0.52,1.05,-3.78,-0.28,0.12,-0.04
2024-03-25 16:59:35.3460,-0.41,0.95,-3.21,-0.27,0.18,0.06
2024-03-25 16:59:35.3560,-0.33,0.68,-2.62,-0.24,0.22,0.15
2024-03-25 16:59:35.3660,-0.23,0.41,-1.76,-0.19,0.21,0.2
2024-03-25 16:59:35.3760,-0.05,0.23,-1.04,-0.17,0.18,0.23
2024-03-25 16:59:35.3860,0.02,0.06,-0.7,-0.2,0.1,0.25
2024-03-25 16:59:35.3960,0.12,-0.02,-0.52,-0.25,-0.07,0.24
2024-03-25 16:59:35.4060,0.4,0.02,-0.32,-0.29,-0.24,0.19
2024-03-25 16:59:35.4160,0.84,0.16,-0.07,-0.3,-0.32,0.12
2024-03-25 16:59:35.4260,1.3,0.3,0.21,-0.27,-0.32,0.03
2024-03-25 16:59:35.4360,1.74,0.47,0.49,-0.21,-0.21,-0.07
2024-03-25 16:59:35.4460,1.99,0.7,0.75,-0.15,-0.02,-0.13
2024-03-25 16:59:35.4560,2.02,1.0,0.92,-0.13,0.22,-0.17
2024-03-25 16:59:35.4660,1.71,1.29,1.12,-0.12,0.42,-0.14
2024-03-25 16:59:35.4760,1.08,1.57,1.7,-0.13,0.56,-0.09
2024-03-25 16:59:35.4860,0.69,1.75,2.31,-0.14,0.59,-0.06
2024-03-25 16:59:35.4960,0.5,1.67,2.99,-0.13,0.49,-0.08
2024-03-25 16:59:35.5060,0.41,1.45,3.65,-0.07,0.34,-0.14
2024-03-25 16:59:35.5160,0.41,1.28,4.3,0.04,0.2,-0.21
2024-03-25 16:59:35.5260,0.35,1.03,4.72,0.21,0.14,-0.29
2024-03-25 16:59:35.5360,0.28,0.95,4.9,0.39,0.14,-0.34
2024-03-25 16:59:35.5460,0.01,0.86,4.63,0.55,0.19,-0.38
2024-03-25 16:59:35.5560,-0.32,0.81,4.04,0.68,0.25,-0.38
2024-03-25 16:59:35.5660,-0.94,0.63,3.45,0.85,0.26,-0.36
2024-03-25 16:59:35.5760,-1.46,0.57,3.27,1.02,0.21,-0.35
2024-03-25 16:59:35.5860,-1.7,0.59,2.87,1.09,0.13,-0.3
2024-03-25 16:59:35.5960,-2.11,0.56,1.86,1.0,0.11,-0.15
2024-03-25 16:59:35.6060,-2.79,0.01,0.83,0.89,0.05,0.05
2024-03-25 16:59:35.6160,-2.82,-0.73,0.62,0.88,-0.03,0.16
2024-03-25 16:59:35.6260,-1.94,-1.47,0.78,0.9,-0.12,0.19
2024-03-25 16:59:35.6360,-1.21,-2.42,0.35,0.85,-0.19,0.21
2024-03-25 16:59:35.6460,-1.01,-2.93,-0.63,0.59,-0.15,0.27
2024-03-25 16:59:35.6560,-0.94,-3.14,-2.0,0.17,-0.04,0.38
2024-03-25 16:59:35.6660,-1.12,-3.18,-2.67,-0.28,0.08,0.5
2024-03-25 16:59:35.6760,-1.25,-3.11,-2.47,-0.65,0.15,0.64
2024-03-25 16:59:35.6860,-1.49,-2.99,-1.42,-0.92,0.18,0.76
2024-03-25 16:59:35.6960,-1.47,-2.72,-0.26,-1.17,0.19,0.83
2024-03-25 16:59:35.7060,-1.09,-2.35,0.47,-1.29,0.15,0.82
2024-03-25 16:59:35.7160,-0.64,-2.18,1.49,-1.24,0.08,0.72
2024-03-25 16:59:35.7260,-0.29,-1.97,2.54,-1.06,0.05,0.59
2024-03-25 16:59:35.7360,-0.15,-1.67,2.91,-0.87,0.05,0.46
2024-03-25 16:59:35.7470,-0.06,-1.34,2.44,-0.67,0.04,0.34
2024-03-25 16:59:35.7560,-0.07,-0.94,1.87,-0.42,0.05,0.25
2024-03-25 16:59:35.7660,-0.27,-0.57,1.31,-0.11,0.06,0.23
2024-03-25 16:59:35.7760,-0.75,-0.24,0.84,0.2,0.02,0.29
2024-03-25 16:59:35.7860,-1.2,-0.12,0.01,0.37,-0.07,0.34
2024-03-25 16:59:35.7960,-1.16,-0.01,-1.57,0.4,-0.19,0.39
2024-03-25 16:59:35.8060,-1.02,-0.06,-2.95,0.39,-0.36,0.42
2024-03-25 16:59:35.8160,-0.91,-0.21,-3.56,0.42,-0.53,0.46
2024-03-25 16:59:35.8260,-0.85,-0.26,-3.61,0.47,-0.66,0.52
2024-03-25 16:59:35.8360,-0.77,-0.32,-3.84,0.47,-0.71,0.59
2024-03-25 16:59:35.8460,-0.51,-0.44,-4.57,0.36,-0.67,0.62
2024-03-25 16:59:35.8560,-0.06,-0.62,-5.37,0.19,-0.55,0.62
2024-03-25 16:59:35.8660,0.37,-0.63,-5.76,0.03,-0.39,0.59
2024-03-25 16:59:35.8760,0.8,-0.57,-5.43,-0.05,-0.23,0.5
2024-03-25 16:59:35.8860,1.25,-0.37,-4.72,-0.06,-0.06,0.4
2024-03-25 16:59:35.8960,1.32,-0.2,-3.78,0.02,0.1,0.29
2024-03-25 16:59:35.9060,1.41,0.0,-2.78,0.09,0.22,0.17
2024-03-25 16:59:35.9160,1.39,0.17,-2.24,0.1,0.29,0.08
2024-03-25 16:59:35.9260,1.07,0.45,-1.89,0.08,0.33,0.07
2024-03-25 16:59:35.9360,0.49,0.86,-1.37,0.01,0.34,0.13
2024-03-25 16:59:35.9460,0.08,1.18,-0.85,-0.08,0.29,0.18
2024-03-25 16:59:35.9560,0.03,1.31,-0.29,-0.17,0.2,0.2
2024-03-25 16:59:35.9660,0.12,1.29,0.4,-0.22,0.11,0.18
2024-03-25 16:59:35.9760,0.37,1.19,1.11,-0.2,0.06,0.11
2024-03-25 16:59:35.9860,0.6,1.0,1.93,-0.12,0.05,-0.0
2024-03-25 16:59:36.0000,0.63,0.85,2.82,-0.02,0.04,-0.1
2024-03-25 16:59:36.0060,0.4,0.82,3.41,0.05,0.03,-0.16
2024-03-25 16:59:36.0160,0.03,0.9,3.7,0.09,0.02,-0.19
2024-03-25 16:59:36.0260,-0.3,1.04,3.86,0.12,0.0,-0.22
2024-03-25 16:59:36.0360,-0.37,1.2,3.94,0.15,-0.03,-0.27
2024-03-25 16:59:36.0460,-0.32,1.24,3.88,0.19,-0.09,-0.35
2024-03-25 16:59:36.0560,-0.23,1.33,3.79,0.26,-0.15,-0.46
2024-03-25 16:59:36.0660,0.05,1.53,3.57,0.32,-0.2,-0.59
2024-03-25 16:59:36.0760,0.39,1.89,3.05,0.3,-0.19,-0.7
2024-03-25 16:59:36.0860,0.63,2.33,2.34,0.2,-0.11,-0.75
2024-03-25 16:59:36.0960,0.43,2.54,1.97,0.18,0.11,-0.7
2024-03-25 16:59:36.1060,-0.01,2.26,2.67,0.28,0.33,-0.53
2024-03-25 16:59:36.1160,-0.44,1.59,3.77,0.52,0.37,-0.41
2024-03-25 16:59:36.1260,-0.47,0.64,4.38,0.75,0.26,-0.34
2024-03-25 16:59:36.1360,-0.21,-0.4,3.8,0.86,0.04,-0.37
2024-03-25 16:59:36.1460,0.4,-1.08,2.33,0.82,-0.21,-0.47
2024-03-25 16:59:36.1560,0.89,-1.54,0.7,0.71,-0.4,-0.53
2024-03-25 16:59:36.1660,1.05,-1.71,-0.34,0.64,-0.5,-0.54
2024-03-25 16:59:36.1760,1.15,-1.73,-0.74,0.62,-0.54,-0.55
2024-03-25 16:59:36.1860,1.31,-1.73,-0.99,0.61,-0.53,-0.53
2024-03-25 16:59:36.1960,1.45,-1.72,-1.31,0.55,-0.48,-0.51
2024-03-25 16:59:36.2060,1.46,-1.63,-1.86,0.36,-0.39,-0.45
2024-03-25 16:59:36.2160,1.19,-1.49,-2.44,0.11,-0.27,-0.31
2024-03-25 16:59:36.2260,0.64,-1.47,-2.52,-0.14,-0.12,-0.11
2024-03-25 16:59:36.2360,0.17,-1.63,-2.23,-0.38,-0.06,0.08
2024-03-25 16:59:36.2460,0.09,-1.87,-1.85,-0.58,-0.1,0.17
2024-03-25 16:59:36.2560,0.4,-2.25,-1.45,-0.74,-0.19,0.14
2024-03-25 16:59:36.2660,0.9,-2.49,-1.12,-0.81,-0.26,0.04
2024-03-25 16:59:36.2760,1.21,-2.5,-0.68,-0.74,-0.26,-0.1
2024-03-25 16:59:36.2860,1.49,-2.36,-0.2,-0.59,-0.2,-0.27
2024-03-25 16:59:36.2960,1.52,-2.13,-0.1,-0.43,-0.11,-0.42
2024-03-25 16:59:36.3060,1.33,-1.78,-0.39,-0.28,-0.05,-0.56
2024-03-25 16:59:36.3160,0.93,-1.41,-0.92,-0.16,-0.01,-0.63
2024-03-25 16:59:36.3260,0.34,-0.93,-1.56,-0.09,-0.0,-0.64
2024-03-25 16:59:36.3360,-0.15,-0.52,-2.31,-0.06,0.0,-0.63
2024-03-25 16:59:36.3460,-0.4,-0.22,-3.11,-0.08,0.02,-0.59
2024-03-25 16:59:36.3560,-0.57,-0.01,-3.78,-0.11,0.05,-0.53
2024-03-25 16:59:36.3660,-0.79,0.11,-4.2,-0.15,0.08,-0.44
2024-03-25 16:59:36.3760,-0.91,0.18,-4.43,-0.22,0.09,-0.34
2024-03-25 16:59:36.3860,-1.0,0.21,-4.55,-0.31,0.1,-0.22
2024-03-25 16:59:36.3960,-1.07,0.23,-4.33,-0.38,0.11,-0.1
2024-03-25 16:59:36.4060,-0.97,0.21,-3.92,-0.44,0.13,-0.0
2024-03-25 16:59:36.4160,-0.85,0.14,-3.42,-0.48,0.15,0.08
2024-03-25 16:59:36.4260,-0.75,0.11,-2.96,-0.53,0.15,0.15
2024-03-25 16:59:36.4360,-0.6,0.12,-2.61,-0.59,0.14,0.19
2024-03-25 16:59:36.4460,-0.44,0.17,-2.27,-0.65,0.15,0.22
2024-03-25 16:59:36.4560,-0.27,0.27,-1.8,-0.68,0.15,0.23
2024-03-25 16:59:36.4660,-0.07,0.4,-1.15,-0.69,0.16,0.22
2024-03-25 16:59:36.4750,0.19,0.57,-0.49,-0.67,0.15,0.21
2024-03-25 16:59:36.4860,0.38,0.79,0.29,-0.62,0.12,0.18
2024-03-25 16:59:36.4950,0.64,1.11,0.95,-0.58,0.12,0.13
2024-03-25 16:59:36.5060,0.96,1.4,1.34,-0.54,0.17,0.09
2024-03-25 16:59:36.5160,1.12,1.67,1.87,-0.48,0.26,0.07
2024-03-25 16:59:36.5260,1.15,1.84,2.62,-0.4,0.38,0.03
2024-03-25 16:59:36.5360,1.28,1.87,3.33,-0.31,0.48,-0.03
2024-03-25 16:59:36.5460,1.35,1.82,3.87,-0.21,0.55,-0.11
2024-03-25 16:59:36.5560,1.3,1.79,4.42,-0.11,0.57,-0.19
2024-03-25 16:59:36.5650,1.08,1.74,4.89,0.01,0.54,-0.26
2024-03-25 16:59:36.5760,0.76,1.69,5.2,0.12,0.49,-0.28
2024-03-25 16:59:36.5860,0.32,1.64,5.35,0.24,0.37,-0.27
2024-03-25 16:59:36.5960,-0.05,1.72,5.53,0.34,0.23,-0.25
2024-03-25 16:59:36.6060,-0.24,1.91,5.23,0.34,0.15,-0.19
2024-03-25 16:59:36.6160,-0.57,1.9,4.44,0.24,0.18,-0.06
2024-03-25 16:59:36.6250,-1.03,1.65,3.9,0.13,0.27,0.15
2024-03-25 16:59:36.6350,-1.53,0.95,4.2,0.17,0.3,0.34
2024-03-25 16:59:36.6450,-1.58,-0.28,5.15,0.35,0.19,0.39
2024-03-25 16:59:36.6560,-0.97,-1.71,5.43,0.53,-0.02,0.3
2024-03-25 16:59:36.6650,-0.23,-2.92,4.51,0.67,-0.24,0.12
2024-03-25 16:59:36.6760,0.32,-3.59,3.2,0.68,-0.36,-0.05
2024-03-25 16:59:36.6860,0.34,-3.94,1.55,0.6,-0.34,-0.13
2024-03-25 16:59:36.6950,0.07,-3.81,0.28,0.5,-0.22,-0.15
2024-03-25 16:59:36.7050,-0.25,-3.7,-0.43,0.39,-0.03,-0.13
2024-03-25 16:59:36.7160,-0.51,-3.66,-0.9,0.27,0.18,-0.12
2024-03-25 16:59:36.7250,-0.74,-3.65,-1.22,0.13,0.33,-0.14
2024-03-25 16:59:36.7350,-0.95,-3.56,-1.54,0.02,0.39,-0.17
2024-03-25 16:59:36.7450,-1.29,-3.17,-1.36,-0.03,0.36,-0.19
2024-03-25 16:59:36.7550,-1.68,-2.59,-1.11,-0.07,0.27,-0.2
2024-03-25 16:59:36.7660,-1.83,-2.06,-1.37,-0.11,0.14,-0.17
2024-03-25 16:59:36.7750,-2.0,-1.47,-1.81,-0.15,0.02,-0.1
2024-03-25 16:59:36.7850,-2.04,-0.89,-2.36,-0.2,-0.06,0.01
2024-03-25 16:59:36.7950,-1.94,-0.47,-3.0,-0.28,-0.09,0.13
2024-03-25 16:59:36.8050,-1.79,-0.14,-3.62,-0.34,-0.07,0.25
2024-03-25 16:59:36.8150,-1.6,0.12,-3.96,-0.37,-0.04,0.38
2024-03-25 16:59:36.8250,-1.43,0.18,-4.06,-0.36,0.0,0.48
2024-03-25 16:59:36.8350,-1.22,0.02,-4.02,-0.3,0.01,0.55
2024-03-25 16:59:36.8450,-0.91,-0.15,-3.76,-0.22,-0.02,0.58
2024-03-25 16:59:36.8550,-0.58,-0.38,-3.61,-0.14,-0.07,0.56
2024-03-25 16:59:36.8650,-0.28,-0.54,-3.59,-0.1,-0.11,0.56
2024-03-25 16:59:36.8750,-0.23,-0.59,-3.78,-0.12,-0.13,0.58
2024-03-25 16:59:36.8850,-0.22,-0.54,-3.94,-0.17,-0.11,0.62
2024-03-25 16:59:36.8950,-0.23,-0.48,-3.99,-0.23,-0.1,0.67
2024-03-25 16:59:36.9050,-0.2,-0.34,-3.73,-0.26,-0.11,0.69
2024-03-25 16:59:36.9150,0.06,-0.21,-3.51,-0.3,-0.1,0.66
2024-03-25 16:59:36.9250,0.38,-0.15,-3.35,-0.33,-0.07,0.61
2024-03-25 16:59:36.9350,0.57,-0.05,-2.89,-0.34,-0.02,0.56
2024-03-25 16:59:36.9450,0.66,0.02,-2.06,-0.28,0.05,0.49
2024-03-25 16:59:36.9550,0.79,0.2,-0.92,-0.19,0.09,0.4
2024-03-25 16:59:36.9650,0.87,0.48,-0.09,-0.14,0.06,0.33
2024-03-25 16:59:36.9750,0.83,0.79,0.19,-0.18,0.01,0.28
2024-03-25 16:59:36.9850,0.64,1.11,0.36,-0.25,-0.04,0.25
2024-03-25 16:59:36.9950,0.56,1.32,0.79,-0.29,-0.09,0.21
2024-03-25 16:59:37.0050,0.52,1.51,1.57,-0.27,-0.13,0.17
2024-03-25 16:59:37.0150,0.39,1.69,2.37,-0.22,-0.15,0.14
2024-03-25 16:59:37.0250,0.21,1.8,2.99,-0.15,-0.17,0.11
2024-03-25 16:59:37.0350,0.17,1.81,3.53,-0.08,-0.2,0.07
2024-03-25 16:59:37.0450,0.16,1.71,4.02,0.01,-0.2,0.0
2024-03-25 16:59:37.0550,0.21,1.59,4.55,0.14,-0.22,-0.08
2024-03-25 16:59:37.0650,0.27,1.54,4.93,0.28,-0.26,-0.17
2024-03-25 16:59:37.0750,0.33,1.56,4.89,0.38,-0.31,-0.27
2024-03-25 16:59:37.0850,0.41,1.67,4.47,0.43,-0.37,-0.37
2024-03-25 16:59:37.0950,0.62,2.0,3.92,0.44,-0.36,-0.44
2024-03-25 16:59:37.1050,0.7,2.28,3.35,0.38,-0.26,-0.42
2024-03-25 16:59:37.1150,0.38,2.26,2.93,0.29,-0.04,-0.27
2024-03-25 16:59:37.1250,-0.25,1.57,2.95,0.25,0.16,-0.1
2024-03-25 16:59:37.1350,-0.32,0.52,3.56,0.29,0.24,-0.06
2024-03-25 16:59:37.1450,0.19,-0.61,4.11,0.38,0.18,-0.15
2024-03-25 16:59:37.1550,0.61,-1.51,4.24,0.52,0.01,-0.31
2024-03-25 16:59:37.1650,0.91,-1.94,4.0,0.63,-0.14,-0.46
2024-03-25 16:59:37.1750,1.03,-1.97,3.14,0.68,-0.22,-0.52
2024-03-25 16:59:37.1850,0.82,-1.79,1.98,0.68,-0.25,-0.51
2024-03-25 16:59:37.1950,0.63,-1.62,0.8,0.63,-0.24,-0.47
2024-03-25 16:59:37.2050,0.59,-1.5,-0.35,0.51,-0.16,-0.4
2024-03-25 16:59:37.2150,0.63,-1.34,-1.41,0.32,-0.02,-0.31
2024-03-25 16:59:37.2250,0.58,-1.2,-2.26,0.11,0.15,-0.2
2024-03-25 16:59:37.2350,0.42,-1.13,-2.62,-0.12,0.31,-0.06
2024-03-25 16:59:37.2450,0.14,-1.31,-2.62,-0.3,0.43,0.08
2024-03-25 16:59:37.2550,-0.04,-1.65,-2.15,-0.46,0.47,0.18
2024-03-25 16:59:37.2650,-0.12,-2.16,-1.73,-0.56,0.44,0.2
2024-03-25 16:59:37.2750,0.09,-2.59,-1.34,-0.57,0.34,0.14
2024-03-25 16:59:37.2850,0.5,-2.78,-0.86,-0.5,0.18,0.01
2024-03-25 16:59:37.2950,0.92,-2.6,-0.59,-0.38,0.06,-0.13
2024-03-25 16:59:37.3050,1.05,-2.27,-0.84,-0.28,-0.01,-0.25
2024-03-25 16:59:37.3150,1.01,-1.88,-1.55,-0.22,-0.03,-0.33
2024-03-25 16:59:37.3250,0.87,-1.48,-2.45,-0.18,-0.03,-0.37
2024-03-25 16:59:37.3350,0.61,-1.09,-3.15,-0.15,0.0,-0.37
2024-03-25 16:59:37.3460,0.41,-0.72,-3.55,-0.1,0.03,-0.35
2024-03-25 16:59:37.3550,0.37,-0.44,-3.92,-0.07,0.07,-0.35
2024-03-25 16:59:37.3650,0.45,-0.21,-4.37,-0.08,0.1,-0.35
2024-03-25 16:59:37.3750,0.39,-0.04,-4.74,-0.11,0.14,-0.31
2024-03-25 16:59:37.3850,0.17,0.14,-4.87,-0.16,0.2,-0.23
2024-03-25 16:59:37.3950,-0.05,0.27,-4.78,-0.23,0.27,-0.12
2024-03-25 16:59:37.4050,-0.1,0.34,-4.52,-0.3,0.33,-0.01
2024-03-25 16:59:37.4150,-0.05,0.28,-4.0,-0.33,0.37,0.07
2024-03-25 16:59:37.4250,0.09,0.2,-3.16,-0.32,0.38,0.12
2024-03-25 16:59:37.4350,0.31,0.07,-2.24,-0.28,0.32,0.11
2024-03-25 16:59:37.4450,0.56,0.03,-1.53,-0.27,0.17,0.07
2024-03-25 16:59:37.4550,0.76,0.19,-1.15,-0.32,-0.06,0.02
2024-03-25 16:59:37.4650,0.89,0.6,-0.98,-0.4,-0.27,0.01
2024-03-25 16:59:37.4750,0.91,1.14,-0.8,-0.48,-0.37,0.06
2024-03-25 16:59:37.4850,1.01,1.63,-0.41,-0.53,-0.32,0.13
2024-03-25 16:59:37.4950,1.17,1.92,0.11,-0.54,-0.17,0.21
2024-03-25 16:59:37.5050,1.45,2.05,0.76,-0.53,0.04,0.24
2024-03-25 16:59:37.5150,1.71,2.0,1.51,-0.45,0.23,0.25
2024-03-25 16:59:37.5250,1.85,1.82,2.73,-0.29,0.35,0.18
2024-03-25 16:59:37.5350,2.07,1.52,4.06,-0.11,0.34,0.01
2024-03-25 16:59:37.5450,2.31,1.29,4.86,0.04,0.25,-0.19
2024-03-25 16:59:37.5550,2.22,1.15,5.19,0.14,0.13,-0.37
2024-03-25 16:59:37.5650,1.88,1.22,5.23,0.2,0.06,-0.49
2024-03-25 16:59:37.5750,1.35,1.37,5.12,0.27,0.07,-0.52
2024-03-25 16:59:37.5850,0.74,1.63,5.09,0.33,0.13,-0.49
2024-03-25 16:59:37.5950,0.21,1.92,4.99,0.37,0.19,-0.43
2024-03-25 16:59:37.6050,-0.14,2.13,4.89,0.37,0.19,-0.36
2024-03-25 16:59:37.6150,-0.44,2.17,4.7,0.36,0.13,-0.3
2024-03-25 16:59:37.6250,-0.72,2.03,4.7,0.39,0.04,-0.22
2024-03-25 16:59:37.6350,-1.08,1.58,4.95,0.47,-0.04,-0.11
2024-03-25 16:59:37.6450,-1.37,0.62,5.18,0.58,-0.12,-0.01
2024-03-25 16:59:37.6550,-1.21,-0.56,5.02,0.72,-0.23,0.0
2024-03-25 16:59:37.6650,-0.77,-1.7,4.44,0.83,-0.34,-0.01
2024-03-25 16:59:37.6750,-0.71,-2.57,3.56,0.9,-0.41,-0.05
2024-03-25 16:59:37.6850,-0.61,-3.16,2.52,0.89,-0.43,-0.11
2024-03-25 16:59:37.6950,-0.54,-3.56,1.39,0.83,-0.38,-0.15
2024-03-25 16:59:37.7050,-0.69,-3.76,0.47,0.75,-0.28,-0.17
2024-03-25 16:59:37.7150,-1.03,-3.91,-0.22,0.66,-0.17,-0.18
2024-03-25 16:59:37.7250,-1.38,-3.96,-0.85,0.53,-0.05,-0.18
2024-03-25 16:59:37.7350,-1.7,-3.93,-1.52,0.35,0.05,-0.17
2024-03-25 16:59:37.7450,-2.0,-3.77,-2.2,0.13,0.1,-0.16
2024-03-25 16:59:37.7550,-2.23,-3.5,-2.81,-0.1,0.11,-0.15
2024-03-25 16:59:37.7650,-2.31,-3.07,-3.04,-0.27,0.09,-0.14
2024-03-25 16:59:37.7750,-2.29,-2.4,-2.87,-0.39,0.05,-0.13
2024-03-25 16:59:37.7850,-2.18,-1.77,-2.77,-0.46,0.02,-0.07
2024-03-25 16:59:37.7950,-2.11,-1.19,-2.82,-0.51,0.01,0.02
2024-03-25 16:59:37.8050,-1.97,-0.7,-2.88,-0.51,0.01,0.12
2024-03-25 16:59:37.8150,-1.78,-0.34,-2.97,-0.51,0.04,0.21
2024-03-25 16:59:37.8250,-1.53,-0.07,-3.15,-0.51,0.07,0.3
2024-03-25 16:59:37.8350,-1.36,0.08,-3.4,-0.5,0.08,0.39
2024-03-25 16:59:37.8450,-1.25,0.11,-3.45,-0.44,0.07,0.46
2024-03-25 16:59:37.8550,-1.15,0.02,-3.32,-0.32,0.05,0.53
2024-03-25 16:59:37.8650,-1.1,-0.09,-3.16,-0.21,-0.01,0.58
2024-03-25 16:59:37.8750,-0.92,-0.17,-3.34,-0.16,-0.09,0.59
2024-03-25 16:59:37.8850,-0.6,-0.27,-3.92,-0.17,-0.15,0.57
2024-03-25 16:59:37.8950,-0.32,-0.32,-4.37,-0.19,-0.15,0.56
2024-03-25 16:59:37.9050,-0.27,-0.28,-4.45,-0.18,-0.09,0.59
2024-03-25 16:59:37.9150,-0.27,-0.19,-4.29,-0.17,-0.02,0.61
2024-03-25 16:59:37.9250,0.0,-0.12,-4.19,-0.2,0.02,0.59
2024-03-25 16:59:37.9350,0.19,-0.09,-4.23,-0.26,0.05,0.59
2024-03-25 16:59:37.9450,0.24,-0.07,-4.02,-0.33,0.09,0.56
2024-03-25 16:59:37.9550,0.37,-0.1,-3.48,-0.39,0.13,0.51
2024-03-25 16:59:37.9650,0.54,-0.13,-2.69,-0.41,0.2,0.45
2024-03-25 16:59:37.9750,0.61,-0.02,-1.57,-0.38,0.25,0.39
2024-03-25 16:59:37.9850,0.61,0.24,-0.36,-0.35,0.25,0.35
2024-03-25 16:59:37.9950,0.52,0.59,0.5,-0.34,0.22,0.31
2024-03-25 16:59:38.0050,0.48,0.9,1.03,-0.38,0.18,0.28
2024-03-25 16:59:38.0150,0.42,1.13,1.52,-0.4,0.16,0.26
2024-03-25 16:59:38.0250,0.24,1.28,2.32,-0.39,0.13,0.24
2024-03-25 16:59:38.0350,0.17,1.42,3.23,-0.35,0.1,0.18
2024-03-25 16:59:38.0450,0.29,1.46,3.95,-0.33,0.06,0.1
2024-03-25 16:59:38.0550,0.35,1.47,4.43,-0.31,-0.0,0.03
2024-03-25 16:59:38.0650,0.39,1.47,4.84,-0.27,-0.08,-0.08
2024-03-25 16:59:38.0750,0.54,1.43,5.24,-0.21,-0.13,-0.21
2024-03-25 16:59:38.0850,0.77,1.38,5.6,-0.09,-0.16,-0.37
2024-03-25 16:59:38.0950,0.92,1.36,5.86,0.08,-0.19,-0.55
2024-03-25 16:59:38.1050,1.06,1.56,5.86,0.22,-0.21,-0.69
2024-03-25 16:59:38.1150,0.95,2.0,5.38,0.32,-0.17,-0.75
2024-03-25 16:59:38.1250,0.59,2.45,4.79,0.36,-0.02,-0.68
2024-03-25 16:59:38.1350,0.06,2.51,4.33,0.4,0.14,-0.52
2024-03-25 16:59:38.1450,-0.41,1.99,4.51,0.55,0.21,-0.38
2024-03-25 16:59:38.1550,-0.4,0.97,5.13,0.73,0.18,-0.34
2024-03-25 16:59:38.1650,0.02,-0.21,4.9,0.88,0.06,-0.39
2024-03-25 16:59:38.1750,0.36,-1.15,4.03,0.96,-0.1,-0.47
2024-03-25 16:59:38.1850,0.57,-1.69,2.79,0.97,-0.21,-0.53
2024-03-25 16:59:38.1950,0.61,-1.87,1.55,0.92,-0.27,-0.52
2024-03-25 16:59:38.2050,0.4,-1.86,0.42,0.86,-0.29,-0.45
2024-03-25 16:59:38.2150,0.26,-1.74,-0.5,0.76,-0.28,-0.36
2024-03-25 16:59:38.2250,0.3,-1.65,-1.38,0.6,-0.23,-0.26
2024-03-25 16:59:38.2350,0.4,-1.53,-2.19,0.4,-0.13,-0.14
2024-03-25 16:59:38.2450,0.36,-1.47,-2.81,0.16,0.01,-0.01
2024-03-25 16:59:38.2550,0.21,-1.58,-3.14,-0.09,0.13,0.14
2024-03-25 16:59:38.2650,-0.11,-1.9,-3.03,-0.3,0.17,0.26
2024-03-25 16:59:38.2750,-0.27,-2.35,-2.54,-0.44,0.11,0.31
2024-03-25 16:59:38.2840,-0.12,-2.88,-2.09,-0.53,-0.01,0.27
2024-03-25 16:59:38.2940,0.27,-3.19,-1.88,-0.53,-0.14,0.14
2024-03-25 16:59:38.3040,0.82,-3.08,-1.7,-0.47,-0.21,-0.02
2024-03-25 16:59:38.3140,1.18,-2.61,-1.85,-0.4,-0.19,-0.15
2024-03-25 16:59:38.3240,1.19,-2.07,-2.34,-0.32,-0.11,-0.24
2024-03-25 16:59:38.3340,1.01,-1.52,-2.87,-0.27,-0.0,-0.29
2024-03-25 16:59:38.3440,0.74,-1.01,-3.4,-0.25,0.09,-0.3
2024-03-25 16:59:38.3540,0.43,-0.55,-3.84,-0.23,0.16,-0.26
2024-03-25 16:59:38.3640,0.1,-0.09,-4.0,-0.21,0.21,-0.2
2024-03-25 16:59:38.3740,-0.02,0.2,-4.09,-0.21,0.21,-0.15
2024-03-25 16:59:38.3840,-0.09,0.37,-4.16,-0.22,0.17,-0.1
2024-03-25 16:59:38.3940,-0.04,0.43,-4.04,-0.22,0.11,-0.06
2024-03-25 16:59:38.4040,-0.03,0.37,-3.78,-0.24,0.07,-0.03
2024-03-25 16:59:38.4140,0.08,0.27,-3.67,-0.29,0.05,0.0
2024-03-25 16:59:38.4240,0.13,0.12,-3.51,-0.32,0.07,0.03
2024-03-25 16:59:38.4340,0.14,0.05,-3.02,-0.32,0.13,0.06
2024-03-25 16:59:38.4440,0.1,0.0,-2.38,-0.27,0.18,0.1
2024-03-25 16:59:38.4540,0.15,0.04,-1.64,-0.17,0.17,0.11
2024-03-25 16:59:38.4640,0.21,0.19,-1.02,-0.11,0.08,0.14
2024-03-25 16:59:38.4740,0.14,0.48,-0.86,-0.13,-0.04,0.16
2024-03-25 16:59:38.4840,0.26,0.71,-0.99,-0.17,-0.15,0.16
2024-03-25 16:59:38.4940,0.57,0.93,-0.84,-0.2,-0.19,0.16
2024-03-25 16:59:38.5040,0.85,1.11,-0.57,-0.22,-0.16,0.15
2024-03-25 16:59:38.5140,1.08,1.31,-0.22,-0.25,-0.08,0.14
2024-03-25 16:59:38.5250,1.24,1.4,0.01,-0.31,0.05,0.12
2024-03-25 16:59:38.5340,1.3,1.37,0.37,-0.36,0.2,0.11
2024-03-25 16:59:38.5440,1.19,1.27,1.19,-0.34,0.33,0.1
2024-03-25 16:59:38.5540,1.01,1.17,2.4,-0.28,0.39,0.07
2024-03-25 16:59:38.5650,0.87,1.1,3.38,-0.24,0.36,0.01
2024-03-25 16:59:38.5750,0.66,1.07,4.01,-0.23,0.23,-0.06
2024-03-25 16:59:38.5850,0.36,1.13,4.57,-0.24,0.05,-0.14
2024-03-25 16:59:38.5950,0.17,1.36,4.93,-0.25,-0.11,-0.18
2024-03-25 16:59:38.6040,0.13,1.78,5.16,-0.23,-0.19,-0.21
2024-03-25 16:59:38.6140,0.08,2.23,5.28,-0.23,-0.15,-0.16
2024-03-25 16:59:38.6250,-0.33,2.44,5.01,-0.3,0.02,0.01
2024-03-25 16:59:38.6340,-0.87,2.37,4.71,-0.32,0.24,0.26
2024-03-25 16:59:38.6440,-0.94,1.91,5.31,-0.15,0.41,0.39
2024-03-25 16:59:38.6540,-0.18,0.96,6.47,0.08,0.45,0.38
2024-03-25 16:59:38.6640,0.46,-0.33,6.68,0.24,0.34,0.33
2024-03-25 16:59:38.6740,0.52,-1.58,6.06,0.33,0.16,0.21
2024-03-25 16:59:38.6840,0.78,-2.65,5.43,0.46,-0.03,0.04
2024-03-25 16:59:38.6940,0.97,-3.53,5.1,0.66,-0.18,-0.16
2024-03-25 16:59:38.7040,0.93,-4.01,4.62,0.88,-0.24,-0.34
2024-03-25 16:59:38.7140,0.62,-4.09,3.34,1.01,-0.24,-0.45
2024-03-25 16:59:38.7240,0.05,-3.77,1.52,1.05,-0.22,-0.48
2024-03-25 16:59:38.7340,-0.52,-3.12,-0.26,0.97,-0.14,-0.43
2024-03-25 16:59:38.7450,-1.09,-2.42,-2.06,0.77,0.0,-0.3
2024-03-25 16:59:38.7540,-1.6,-1.89,-3.61,0.52,0.16,-0.14
2024-03-25 16:59:38.7640,-1.89,-1.55,-4.5,0.24,0.25,0.04
2024-03-25 16:59:38.7740,-2.03,-1.44,-4.88,-0.03,0.22,0.19
2024-03-25 16:59:38.7840,-2.0,-1.57,-4.79,-0.25,0.06,0.27
2024-03-25 16:59:38.7940,-1.78,-1.78,-4.3,-0.4,-0.12,0.31
2024-03-25 16:59:38.8040,-1.52,-1.98,-3.9,-0.49,-0.26,0.32
2024-03-25 16:59:38.8140,-1.13,-2.07,-3.52,-0.51,-0.3,0.27
2024-03-25 16:59:38.8240,-0.61,-2.0,-3.21,-0.48,-0.24,0.21
2024-03-25 16:59:38.8340,-0.45,-1.75,-3.01,-0.43,-0.15,0.18
2024-03-25 16:59:38.8440,-0.54,-1.29,-2.89,-0.39,-0.07,0.19
2024-03-25 16:59:38.8540,-0.74,-0.82,-2.9,-0.38,-0.05,0.22
2024-03-25 16:59:38.8640,-0.96,-0.39,-2.9,-0.38,-0.07,0.25
2024-03-25 16:59:38.8740,-0.97,-0.13,-3.0,-0.39,-0.15,0.27
2024-03-25 16:59:38.8840,-0.9,0.06,-3.0,-0.37,-0.22,0.28
2024-03-25 16:59:38.8940,-0.8,0.21,-2.91,-0.33,-0.29,0.29
2024-03-25 16:59:38.9040,-0.69,0.37,-2.88,-0.3,-0.32,0.28
2024-03-25 16:59:38.9140,-0.54,0.52,-2.88,-0.28,-0.3,0.28
2024-03-25 16:59:38.9240,-0.48,0.69,-2.87,-0.31,-0.22,0.31
2024-03-25 16:59:38.9340,-0.53,0.78,-2.77,-0.33,-0.11,0.36
2024-03-25 16:59:38.9440,-0.63,0.73,-2.31,-0.32,-0.02,0.4
2024-03-25 16:59:38.9540,-0.59,0.68,-1.8,-0.3,0.06,0.43
2024-03-25 16:59:38.9640,-0.58,0.51,-1.34,-0.24,0.06,0.42
2024-03-25 16:59:38.9740,-0.55,0.46,-0.59,-0.13,-0.03,0.37
2024-03-25 16:59:38.9840,-0.38,0.43,-0.06,-0.02,-0.16,0.28
2024-03-25 16:59:38.9940,-0.26,0.47,0.19,0.06,-0.3,0.19
2024-03-25 16:59:39.0040,-0.22,0.59,0.13,0.05,-0.41,0.12
2024-03-25 16:59:39.0140,-0.09,0.87,-0.41,-0.05,-0.45,0.1
2024-03-25 16:59:39.0240,-0.14,1.18,-0.88,-0.16,-0.42,0.13
2024-03-25 16:59:39.0340,-0.13,1.56,-0.68,-0.24,-0.35,0.16
2024-03-25 16:59:39.0440,-0.03,1.8,-0.22,-0.3,-0.27,0.19
2024-03-25 16:59:39.0540,0.0,1.85,0.28,-0.34,-0.15,0.2
2024-03-25 16:59:39.0640,0.02,1.71,1.13,-0.31,-0.06,0.17
2024-03-25 16:59:39.0740,0.07,1.56,2.15,-0.26,-0.05,0.13
2024-03-25 16:59:39.0840,-0.05,1.31,3.1,-0.15,-0.19,0.06
2024-03-25 16:59:39.0940,-0.04,1.11,3.85,-0.03,-0.4,-0.05
2024-03-25 16:59:39.1040,0.1,0.9,4.16,0.09,-0.61,-0.18
2024-03-25 16:59:39.1140,0.38,0.92,4.16,0.21,-0.73,-0.33
2024-03-25 16:59:39.1240,0.84,1.2,3.79,0.26,-0.73,-0.44
2024-03-25 16:59:39.1340,1.15,1.67,3.08,0.24,-0.56,-0.45
2024-03-25 16:59:39.1440,1.06,1.88,2.63,0.17,-0.28,-0.32
2024-03-25 16:59:39.1540,0.52,1.47,2.59,0.13,0.03,-0.05
2024-03-25 16:59:39.1640,-0.28,0.26,3.37,0.17,0.21,0.11
2024-03-25 16:59:39.1740,-0.15,-1.35,4.32,0.21,0.2,0.11
2024-03-25 16:59:39.1840,0.33,-2.85,4.46,0.27,0.0,-0.01
2024-03-25 16:59:39.1940,0.82,-3.77,4.52,0.37,-0.27,-0.24
2024-03-25 16:59:39.2040,1.36,-4.08,4.24,0.47,-0.42,-0.44
2024-03-25 16:59:39.2140,1.39,-3.86,3.38,0.52,-0.38,-0.51
2024-03-25 16:59:39.2240,0.86,-3.4,2.14,0.53,-0.25,-0.46
2024-03-25 16:59:39.2340,0.42,-2.86,0.96,0.45,-0.1,-0.36
2024-03-25 16:59:39.2440,0.16,-2.44,-0.29,0.26,0.08,-0.21
2024-03-25 16:59:39.2540,-0.05,-2.18,-1.36,0.04,0.22,-0.08
2024-03-25 16:59:39.2640,-0.07,-2.2,-1.84,-0.14,0.3,-0.01
2024-03-25 16:59:39.2740,0.12,-2.41,-1.66,-0.24,0.28,-0.04
2024-03-25 16:59:39.2840,0.47,-2.47,-1.3,-0.29,0.18,-0.16
2024-03-25 16:59:39.2940,0.66,-2.19,-1.19,-0.31,0.08,-0.27
2024-03-25 16:59:39.3040,0.69,-1.67,-1.32,-0.3,0.04,-0.36
2024-03-25 16:59:39.3140,0.68,-1.19,-1.63,-0.25,0.08,-0.42
2024-03-25 16:59:39.3240,0.61,-0.76,-1.89,-0.17,0.2,-0.42
2024-03-25 16:59:39.3340,0.4,-0.39,-2.22,-0.09,0.33,-0.36
2024-03-25 16:59:39.3440,0.0,0.02,-2.59,-0.06,0.41,-0.27
2024-03-25 16:59:39.3540,-0.26,0.31,-3.19,-0.09,0.41,-0.18
2024-03-25 16:59:39.3640,-0.27,0.44,-3.79,-0.17,0.33,-0.13
2024-03-25 16:59:39.3740,-0.26,0.42,-4.05,-0.26,0.15,-0.1
2024-03-25 16:59:39.3840,-0.33,0.33,-4.07,-0.31,-0.01,-0.08
2024-03-25 16:59:39.3940,-0.28,0.23,-3.93,-0.3,-0.07,-0.05
2024-03-25 16:59:39.4040,-0.13,0.14,-3.75,-0.29,-0.05,-0.03
2024-03-25 16:59:39.4140,0.07,0.05,-3.84,-0.31,-0.0,0.0
2024-03-25 16:59:39.4240,0.18,0.11,-4.02,-0.37,0.06,0.05
2024-03-25 16:59:39.4340,0.17,0.24,-3.94,-0.45,0.13,0.14
2024-03-25 16:59:39.4440,0.04,0.34,-3.48,-0.49,0.19,0.25
2024-03-25 16:59:39.4540,-0.1,0.32,-2.72,-0.49,0.22,0.36
2024-03-25 16:59:39.4640,-0.08,0.17,-1.93,-0.44,0.19,0.42
2024-03-25 16:59:39.4740,0.08,-0.05,-1.16,-0.35,0.12,0.4
2024-03-25 16:59:39.4840,0.54,-0.23,-0.45,-0.23,0.05,0.28
2024-03-25 16:59:39.4940,1.24,-0.31,-0.12,-0.17,0.01,0.1
2024-03-25 16:59:39.5040,1.7,-0.14,-0.28,-0.21,0.04,-0.04
2024-03-25 16:59:39.5140,1.67,0.26,-0.5,-0.28,0.1,-0.1
2024-03-25 16:59:39.5240,1.37,0.73,-0.34,-0.35,0.2,-0.1
2024-03-25 16:59:39.5340,1.09,1.04,-0.02,-0.39,0.32,-0.08
2024-03-25 16:59:39.5440,1.08,1.29,0.49,-0.41,0.45,-0.08
2024-03-25 16:59:39.5540,1.07,1.39,1.16,-0.38,0.57,-0.09
2024-03-25 16:59:39.5640,1.0,1.34,1.96,-0.33,0.7,-0.1
2024-03-25 16:59:39.5740,0.75,1.16,2.72,-0.29,0.85,-0.09
2024-03-25 16:59:39.5840,0.34,0.88,3.49,-0.24,0.96,-0.09
2024-03-25 16:59:39.5940,0.06,0.67,4.32,-0.18,0.94,-0.1
2024-03-25 16:59:39.6040,-0.26,0.38,5.17,-0.07,0.83,-0.14
2024-03-25 16:59:39.6140,-0.46,0.19,5.9,0.08,0.61,-0.2
2024-03-25 16:59:39.6240,-0.44,0.22,6.28,0.26,0.36,-0.3
2024-03-25 16:59:39.6340,-0.36,0.71,5.97,0.3,0.2,-0.34
2024-03-25 16:59:39.6440,-0.67,1.21,4.53,0.16,0.15,-0.25
2024-03-25 16:59:39.6540,-1.38,1.42,3.23,-0.03,0.17,-0.02
2024-03-25 16:59:39.6640,-2.16,1.33,3.17,-0.05,0.15,0.27
2024-03-25 16:59:39.6740,-2.26,0.88,4.27,0.16,0.07,0.43
2024-03-25 16:59:39.6840,-1.35,-0.02,5.25,0.42,-0.05,0.4
2024-03-25 16:59:39.6940,-0.24,-1.07,4.77,0.56,-0.16,0.3
2024-03-25 16:59:39.7040,0.2,-1.93,3.31,0.55,-0.22,0.2
2024-03-25 16:59:39.7140,0.33,-2.46,2.09,0.54,-0.23,0.11
2024-03-25 16:59:39.7240,0.28,-2.89,1.84,0.6,-0.23,0.01
2024-03-25 16:59:39.7340,0.13,-3.23,1.71,0.65,-0.23,-0.07
2024-03-25 16:59:39.7440,-0.13,-3.43,1.12,0.69,-0.28,-0.14
2024-03-25 16:59:39.7540,-0.33,-3.37,0.35,0.7,-0.34,-0.18
2024-03-25 16:59:39.7640,-0.45,-3.08,-0.55,0.64,-0.35,-0.2
2024-03-25 16:59:39.7740,-0.5,-2.69,-1.71,0.51,-0.31,-0.18
2024-03-25 16:59:39.7840,-0.62,-2.24,-2.76,0.32,-0.23,-0.11
2024-03-25 16:59:39.7940,-0.77,-1.88,-3.6,0.12,-0.15,-0.03
2024-03-25 16:59:39.8040,-0.87,-1.6,-4.01,-0.06,-0.08,0.05
2024-03-25 16:59:39.8140,-0.87,-1.37,-4.16,-0.21,-0.02,0.1
2024-03-25 16:59:39.8240,-0.78,-1.15,-4.16,-0.31,0.01,0.15
2024-03-25 16:59:39.8340,-0.74,-0.85,-4.0,-0.36,0.04,0.18
2024-03-25 16:59:39.8440,-0.7,-0.61,-3.74,-0.35,0.07,0.21
2024-03-25 16:59:39.8540,-0.8,-0.39,-3.52,-0.33,0.09,0.26
2024-03-25 16:59:39.8640,-1.0,-0.11,-3.46,-0.32,0.11,0.32
2024-03-25 16:59:39.8740,-1.19,0.13,-3.59,-0.34,0.13,0.4
2024-03-25 16:59:39.8840,-1.29,0.32,-3.69,-0.35,0.14,0.46
2024-03-25 16:59:39.8940,-1.1,0.45,-3.7,-0.35,0.11,0.48
2024-03-25 16:59:39.9040,-0.76,0.49,-3.55,-0.3,0.11,0.45
2024-03-25 16:59:39.9140,-0.39,0.35,-3.15,-0.18,0.11,0.37
2024-03-25 16:59:39.9240,-0.03,0.18,-2.58,-0.07,0.13,0.29
2024-03-25 16:59:39.9340,0.01,0.15,-2.48,-0.06,0.12,0.24
2024-03-25 16:59:39.9440,-0.17,0.29,-2.68,-0.09,0.1,0.23
2024-03-25 16:59:39.9540,-0.39,0.49,-2.59,-0.14,0.07,0.26
2024-03-25 16:59:39.9640,-0.58,0.77,-2.2,-0.16,0.07,0.33
2024-03-25 16:59:39.9740,-0.6,0.98,-1.66,-0.16,0.03,0.36
2024-03-25 16:59:39.9840,-0.32,1.14,-1.07,-0.16,-0.02,0.36
2024-03-25 16:59:39.9940,0.01,1.19,-0.7,-0.15,-0.01,0.34
2024-03-25 16:59:40.0040,0.3,1.14,-0.1,-0.08,0.02,0.29
2024-03-25 16:59:40.0140,0.56,1.15,0.77,0.02,0.08,0.23
2024-03-25 16:59:40.0240,0.62,1.17,1.48,0.08,0.11,0.19
2024-03-25 16:59:40.0340,0.48,1.23,1.98,0.12,0.1,0.16
2024-03-25 16:59:40.0440,0.33,1.27,2.44,0.15,0.04,0.13
2024-03-25 16:59:40.0540,0.2,1.33,2.94,0.15,-0.06,0.11
2024-03-25 16:59:40.0640,0.11,1.38,3.2,0.14,-0.19,0.09
2024-03-25 16:59:40.0740,0.13,1.4,3.51,0.15,-0.29,0.04
2024-03-25 16:59:40.0840,0.31,1.35,3.78,0.2,-0.34,-0.04
2024-03-25 16:59:40.0940,0.57,1.22,4.09,0.26,-0.35,-0.13
2024-03-25 16:59:40.1040,0.7,1.12,4.22,0.33,-0.33,-0.22
2024-03-25 16:59:40.1140,0.62,1.11,4.21,0.39,-0.3,-0.29
2024-03-25 16:59:40.1240,0.54,1.13,4.07,0.44,-0.29,-0.38
2024-03-25 16:59:40.1340,0.72,1.27,3.98,0.5,-0.25,-0.5
2024-03-25 16:59:40.1440,0.98,1.52,3.83,0.49,-0.17,-0.53
2024-03-25 16:59:40.1540,0.63,1.66,3.44,0.42,-0.07,-0.45
2024-03-25 16:59:40.1640,-0.04,1.25,3.38,0.42,-0.01,-0.31
2024-03-25 16:59:40.1740,-0.5,0.3,4.21,0.61,-0.04,-0.23
2024-03-25 16:59:40.1840,-0.33,-0.87,5.12,0.83,-0.16,-0.29
2024-03-25 16:59:40.1940,0.28,-1.8,4.52,0.93,-0.29,-0.41
2024-03-25 16:59:40.2040,0.71,-2.37,2.91,0.94,-0.4,-0.52
2024-03-25 16:59:40.2140,0.73,-2.41,1.39,0.89,-0.45,-0.55
2024-03-25 16:59:40.2240,0.52,-2.24,0.21,0.83,-0.45,-0.52
2024-03-25 16:59:40.2340,0.31,-2.06,-0.61,0.76,-0.4,-0.45
2024-03-25 16:59:40.2440,0.25,-1.93,-1.54,0.64,-0.31,-0.38
2024-03-25 16:59:40.2540,0.35,-1.8,-2.47,0.46,-0.21,-0.29
2024-03-25 16:59:40.2640,0.38,-1.72,-3.19,0.24,-0.08,-0.2
2024-03-25 16:59:40.2740,0.31,-1.7,-3.65,0.02,0.05,-0.1
2024-03-25 16:59:40.2840,0.21,-1.8,-3.77,-0.21,0.15,-0.01
2024-03-25 16:59:40.2930,0.04,-2.1,-3.81,-0.42,0.24,0.06
2024-03-25 16:59:40.3040,-0.01,-2.38,-3.47,-0.55,0.26,0.07
2024-03-25 16:59:40.3140,0.11,-2.63,-2.84,-0.62,0.24,0.0
2024-03-25 16:59:40.3230,0.42,-2.64,-2.34,-0.61,0.18,-0.11
2024-03-25 16:59:40.3330,0.61,-2.3,-1.86,-0.54,0.1,-0.21
2024-03-25 16:59:40.3440,0.64,-1.84,-1.76,-0.45,0.04,-0.3
2024-03-25 16:59:40.3540,0.5,-1.4,-2.0,-0.38,0.01,-0.36
2024-03-25 16:59:40.3640,0.35,-0.91,-2.47,-0.34,0.0,-0.39
2024-03-25 16:59:40.3730,0.14,-0.48,-3.11,-0.31,0.02,-0.34
2024-03-25 16:59:40.3830,-0.16,0.06,-3.35,-0.26,0.04,-0.26
2024-03-25 16:59:40.3930,-0.28,0.52,-3.5,-0.22,0.05,-0.19
2024-03-25 16:59:40.4040,-0.14,0.84,-3.75,-0.2,0.07,-0.15
2024-03-25 16:59:40.4130,0.06,1.01,-4.06,-0.21,0.1,-0.11
2024-03-25 16:59:40.4230,0.09,1.06,-4.21,-0.23,0.15,-0.04
2024-03-25 16:59:40.4330,-0.07,1.0,-4.13,-0.27,0.21,0.06
2024-03-25 16:59:40.4430,-0.11,0.8,-3.84,-0.31,0.23,0.13
2024-03-25 16:59:40.4530,0.1,0.7,-3.38,-0.38,0.18,0.18
2024-03-25 16:59:40.4630,0.32,0.72,-2.96,-0.44,0.13,0.25
2024-03-25 16:59:40.4730,0.48,0.74,-2.33,-0.45,0.1,0.29
2024-03-25 16:59:40.4830,0.74,0.69,-1.44,-0.4,0.1,0.3
2024-03-25 16:59:40.4930,1.04,0.58,-0.67,-0.35,0.11,0.27
2024-03-25 16:59:40.5040,1.26,0.49,-0.2,-0.31,0.11,0.23
2024-03-25 16:59:40.5130,1.4,0.44,0.2,-0.27,0.06,0.16
2024-03-25 16:59:40.5230,1.62,0.49,0.56,-0.27,-0.0,0.06
2024-03-25 16:59:40.5330,1.83,0.62,0.77,-0.3,-0.06,-0.05
2024-03-25 16:59:40.5430,1.98,0.91,1.03,-0.35,-0.05,-0.14
2024-03-25 16:59:40.5530,1.88,1.13,1.38,-0.39,0.02,-0.17
2024-03-25 16:59:40.5630,1.53,1.33,2.02,-0.39,0.15,-0.15
2024-03-25 16:59:40.5730,1.14,1.47,2.98,-0.33,0.28,-0.13
2024-03-25 16:59:40.5830,1.02,1.59,3.91,-0.21,0.38,-0.15
2024-03-25 16:59:40.5930,1.18,1.58,4.81,-0.05,0.41,-0.24
2024-03-25 16:59:40.6030,1.31,1.51,5.34,0.09,0.38,-0.35
2024-03-25 16:59:40.6130,1.16,1.53,5.52,0.22,0.28,-0.46
2024-03-25 16:59:40.6230,0.77,1.65,5.54,0.34,0.19,-0.52
2024-03-25 16:59:40.6330,0.28,1.85,5.44,0.45,0.1,-0.54
2024-03-25 16:59:40.6430,-0.09,2.16,5.01,0.48,0.03,-0.51
2024-03-25 16:59:40.6530,-0.44,2.36,4.25,0.43,-0.03,-0.41
2024-03-25 16:59:40.6630,-1.05,2.3,3.63,0.32,0.01,-0.19
2024-03-25 16:59:40.6730,-1.79,1.79,3.37,0.27,0.05,0.12
2024-03-25 16:59:40.6830,-2.12,0.74,3.93,0.44,0.05,0.31
2024-03-25 16:59:40.6930,-1.22,-0.79,4.97,0.68,-0.05,0.31
2024-03-25 16:59:40.7030,-0.35,-2.37,4.97,0.86,-0.2,0.2
2024-03-25 16:59:40.7130,0.15,-3.44,4.07,0.93,-0.32,0.04
2024-03-25 16:59:40.7230,0.44,-4.13,3.01,0.96,-0.39,-0.14
2024-03-25 16:59:40.7330,0.39,-4.3,2.17,0.93,-0.39,-0.25
2024-03-25 16:59:40.7430,-0.19,-4.32,1.29,0.85,-0.34,-0.28
2024-03-25 16:59:40.7530,-0.95,-4.15,0.4,0.72,-0.28,-0.24
2024-03-25 16:59:40.7630,-1.62,-3.84,-0.56,0.53,-0.22,-0.16
2024-03-25 16:59:40.7730,-1.9,-3.46,-1.48,0.3,-0.17,-0.12
2024-03-25 16:59:40.7830,-1.72,-3.04,-2.22,0.06,-0.13,-0.12
2024-03-25 16:59:40.7930,-1.46,-2.46,-2.69,-0.14,-0.12,-0.12
2024-03-25 16:59:40.8030,-1.36,-1.78,-2.86,-0.28,-0.12,-0.09
2024-03-25 16:59:40.8130,-1.37,-1.22,-2.93,-0.38,-0.09,-0.04
2024-03-25 16:59:40.8230,-1.28,-0.83,-3.06,-0.44,-0.06,0.02
2024-03-25 16:59:40.8330,-1.14,-0.46,-3.19,-0.48,-0.03,0.07
2024-03-25 16:59:40.8430,-1.03,-0.24,-3.27,-0.49,-0.01,0.12
2024-03-25 16:59:40.8530,-0.95,-0.09,-3.32,-0.48,0.02,0.18
2024-03-25 16:59:40.8630,-0.94,-0.05,-3.38,-0.43,0.05,0.24
2024-03-25 16:59:40.8730,-0.92,-0.11,-3.44,-0.36,0.08,0.3
2024-03-25 16:59:40.8830,-0.91,-0.24,-3.55,-0.27,0.08,0.36
2024-03-25 16:59:40.8930,-0.9,-0.42,-3.61,-0.17,0.05,0.41
2024-03-25 16:59:40.9030,-0.85,-0.55,-3.66,-0.06,-0.01,0.43
2024-03-25 16:59:40.9130,-0.72,-0.65,-3.73,-0.01,-0.07,0.43
2024-03-25 16:59:40.9230,-0.5,-0.67,-4.12,-0.01,-0.1,0.42
2024-03-25 16:59:40.9330,-0.32,-0.51,-4.55,-0.04,-0.1,0.42
2024-03-25 16:59:40.9430,-0.21,-0.39,-4.77,-0.1,-0.05,0.43
2024-03-25 16:59:40.9530,-0.18,-0.29,-4.78,-0.16,0.05,0.45
2024-03-25 16:59:40.9630,-0.07,-0.16,-4.53,-0.22,0.15,0.44
2024-03-25 16:59:40.9730,0.12,0.07,-4.21,-0.31,0.28,0.46
2024-03-25 16:59:40.9830,0.02,0.26,-3.75,-0.37,0.38,0.49
2024-03-25 16:59:40.9930,-0.06,0.39,-2.5,-0.37,0.45,0.49
2024-03-25 16:59:41.0030,0.07,0.49,-1.04,-0.34,0.44,0.47
2024-03-25 16:59:41.0130,0.2,0.55,0.11,-0.32,0.35,0.4
2024-03-25 16:59:41.0230,0.42,0.7,1.05,-0.32,0.23,0.3
2024-03-25 16:59:41.0330,0.54,0.83,1.76,-0.33,0.12,0.19
2024-03-25 16:59:41.0430,0.48,1.01,2.41,-0.34,0.07,0.13
2024-03-25 16:59:41.0530,0.23,1.28,3.02,-0.33,0.08,0.11
2024-03-25 16:59:41.0630,0.02,1.57,3.62,-0.28,0.09,0.13
2024-03-25 16:59:41.0730,-0.11,1.78,4.24,-0.22,0.07,0.13
2024-03-25 16:59:41.0830,-0.08,1.83,4.63,-0.15,0.02,0.1
2024-03-25 16:59:41.0930,0.11,1.73,4.99,-0.06,-0.05,0.01
2024-03-25 16:59:41.1030,0.34,1.62,5.3,0.05,-0.13,-0.1
2024-03-25 16:59:41.1130,0.45,1.56,5.42,0.17,-0.22,-0.21
2024-03-25 16:59:41.1230,0.5,1.66,5.3,0.24,-0.27,-0.28
2024-03-25 16:59:41.1330,0.53,1.91,4.71,0.23,-0.25,-0.27
2024-03-25 16:59:41.1430,0.37,2.02,4.04,0.16,-0.12,-0.15
2024-03-25 16:59:41.1530,-0.19,1.75,3.87,0.12,0.04,0.06
2024-03-25 16:59:41.1630,-0.53,1.03,4.21,0.18,0.13,0.19
2024-03-25 16:59:41.1730,-0.3,0.0,4.87,0.29,0.08,0.22
2024-03-25 16:59:41.1830,0.1,-1.01,4.87,0.38,-0.1,0.15
2024-03-25 16:59:41.1930,0.46,-1.78,4.16,0.44,-0.31,0.04
2024-03-25 16:59:41.2030,0.77,-2.21,3.11,0.46,-0.45,-0.06
2024-03-25 16:59:41.2130,0.88,-2.3,1.96,0.49,-0.52,-0.09
2024-03-25 16:59:41.2230,0.9,-2.2,0.91,0.52,-0.54,-0.1
2024-03-25 16:59:41.2330,1.12,-2.1,-0.18,0.52,-0.51,-0.11
2024-03-25 16:59:41.2430,1.36,-2.03,-1.4,0.45,-0.42,-0.12
2024-03-25 16:59:41.2530,1.58,-1.88,-2.62,0.29,-0.25,-0.11
2024-03-25 16:59:41.2630,1.67,-1.78,-3.68,0.08,-0.02,-0.1
2024-03-25 16:59:41.2730,1.64,-1.71,-4.3,-0.17,0.22,-0.09
2024-03-25 16:59:41.2830,1.54,-1.82,-4.47,-0.39,0.42,-0.1
2024-03-25 16:59:41.2930,1.31,-2.06,-3.95,-0.51,0.52,-0.15
2024-03-25 16:59:41.3030,1.09,-2.21,-2.93,-0.55,0.54,-0.24
2024-03-25 16:59:41.3130,1.0,-2.11,-2.13,-0.51,0.52,-0.34
2024-03-25 16:59:41.3230,0.95,-1.81,-1.35,-0.41,0.42,-0.43
2024-03-25 16:59:41.3330,0.95,-1.37,-0.87,-0.32,0.3,-0.52
2024-03-25 16:59:41.3430,0.85,-0.99,-0.93,-0.24,0.2,-0.57
2024-03-25 16:59:41.3530,0.71,-0.51,-1.17,-0.19,0.14,-0.57
2024-03-25 16:59:41.3630,0.47,-0.04,-1.52,-0.15,0.12,-0.52
2024-03-25 16:59:41.3730,0.19,0.42,-1.76,-0.09,0.13,-0.41
2024-03-25 16:59:41.3830,-0.04,0.85,-1.84,-0.04,0.11,-0.3
2024-03-25 16:59:41.3930,-0.01,1.07,-2.02,-0.02,0.06,-0.23
2024-03-25 16:59:41.4030,0.2,1.08,-2.38,-0.0,0.01,-0.18
2024-03-25 16:59:41.4130,0.38,0.96,-2.58,0.01,-0.04,-0.15
2024-03-25 16:59:41.4230,0.51,0.78,-2.65,0.01,-0.07,-0.12
2024-03-25 16:59:41.4330,0.6,0.6,-2.76,0.01,-0.09,-0.09
2024-03-25 16:59:41.4430,0.69,0.47,-2.67,-0.01,-0.1,-0.07
2024-03-25 16:59:41.4530,0.76,0.38,-2.52,-0.02,-0.06,-0.05
2024-03-25 16:59:41.4630,0.81,0.27,-2.3,-0.01,-0.02,-0.02
2024-03-25 16:59:41.4730,0.74,0.16,-1.97,-0.02,0.02,0.0
2024-03-25 16:59:41.4830,0.61,0.05,-1.68,-0.03,0.05,0.03
2024-03-25 16:59:41.4930,0.5,-0.04,-1.34,-0.04,0.03,0.01
2024-03-25 16:59:41.5030,0.67,-0.04,-0.91,-0.04,-0.01,-0.07
2024-03-25 16:59:41.5130,1.04,-0.01,-0.58,-0.04,-0.01,-0.2
2024-03-25 16:59:41.5230,1.31,0.16,-0.19,-0.03,0.05,-0.3
2024-03-25 16:59:41.5330,1.18,0.43,0.35,-0.02,0.18,-0.33
2024-03-25 16:59:41.5430,0.62,0.67,1.05,0.01,0.33,-0.29
2024-03-25 16:59:41.5530,0.03,0.89,1.96,0.08,0.45,-0.22
2024-03-25 16:59:41.5630,-0.37,1.06,2.82,0.13,0.48,-0.17
2024-03-25 16:59:41.5730,-0.45,1.24,3.24,0.17,0.41,-0.15
2024-03-25 16:59:41.5830,-0.53,1.31,3.64,0.22,0.28,-0.15
2024-03-25 16:59:41.5930,-0.57,1.43,3.95,0.27,0.19,-0.15
2024-03-25 16:59:41.6030,-0.57,1.55,4.13,0.35,0.14,-0.15
2024-03-25 16:59:41.6130,-0.64,1.72,4.24,0.47,0.16,-0.15
2024-03-25 16:59:41.6230,-0.64,2.05,4.27,0.56,0.21,-0.12
2024-03-25 16:59:41.6330,-0.89,2.31,3.86,0.57,0.28,-0.01
2024-03-25 16:59:41.6430,-1.29,2.33,3.39,0.52,0.35,0.16
2024-03-25 16:59:41.6530,-1.81,2.07,3.35,0.5,0.34,0.4
2024-03-25 16:59:41.6630,-2.24,1.39,3.93,0.59,0.17,0.6
2024-03-25 16:59:41.6730,-1.99,0.3,4.62,0.67,-0.09,0.66
2024-03-25 16:59:41.6830,-1.17,-1.12,4.16,0.67,-0.33,0.65
2024-03-25 16:59:41.6930,-0.7,-2.21,3.05,0.57,-0.47,0.63
2024-03-25 16:59:41.7030,-0.51,-3.08,2.05,0.45,-0.53,0.58
2024-03-25 16:59:41.7130,-0.32,-3.75,1.57,0.36,-0.48,0.51
2024-03-25 16:59:41.7230,-0.29,-4.3,1.41,0.3,-0.36,0.44
2024-03-25 16:59:41.7330,-0.39,-4.76,1.21,0.25,-0.26,0.34
2024-03-25 16:59:41.7430,-0.63,-5.06,0.86,0.16,-0.19,0.24
2024-03-25 16:59:41.7530,-1.01,-5.11,-0.47,0.02,-0.12,0.12
2024-03-25 16:59:41.7630,-1.01,-5.11,-0.47,-0.12,-0.05,-0.01
2024-03-25 16:59:41.7730,-1.23,-4.71,-0.99,-0.21,-0.01,-0.08
2024-03-25 16:59:41.7830,-1.63,-3.83,-1.32,-0.25,0.01,-0.08
2024-03-25 16:59:41.7930,-1.94,-2.71,-1.66,-0.29,0.02,-0.01
2024-03-25 16:59:41.8030,-2.04,-1.65,-2.4,-0.39,0.01,0.08
2024-03-25 16:59:41.8130,-1.85,-0.91,-3.38,-0.48,-0.01,0.16
2024-03-25 16:59:41.8230,-1.58,-0.38,-3.84,-0.53,-0.02,0.24
2024-03-25 16:59:41.8330,-1.35,-0.06,-4.0,-0.55,-0.03,0.3
2024-03-25 16:59:41.8430,-1.2,0.15,-4.1,-0.56,-0.03,0.39
2024-03-25 16:59:41.8530,-1.26,0.29,-4.05,-0.52,-0.05,0.5
2024-03-25 16:59:41.8630,-1.39,0.31,-3.73,-0.44,-0.06,0.6
2024-03-25 16:59:41.8730,-1.24,0.22,-3.47,-0.36,-0.09,0.64
2024-03-25 16:59:41.8830,-0.83,0.04,-3.43,-0.28,-0.12,0.63
2024-03-25 16:59:41.8930,-0.37,-0.06,-3.49,-0.22,-0.15,0.61
2024-03-25 16:59:41.9030,-0.15,-0.12,-3.61,-0.18,-0.16,0.59
2024-03-25 16:59:41.9130,0.01,-0.1,-3.87,-0.17,-0.16,0.56
2024-03-25 16:59:41.9230,0.24,-0.04,-4.16,-0.21,-0.13,0.55
2024-03-25 16:59:41.9330,0.35,-0.04,-4.32,-0.25,-0.09,0.53
2024-03-25 16:59:41.9430,0.5,0.0,-4.06,-0.25,-0.03,0.51
2024-03-25 16:59:41.9530,0.63,0.03,-3.51,-0.22,0.02,0.48
2024-03-25 16:59:41.9630,0.65,0.03,-2.96,-0.22,0.04,0.45
2024-03-25 16:59:41.9730,0.59,0.01,-2.56,-0.27,0.01,0.44
2024-03-25 16:59:41.9830,0.48,0.07,-1.98,-0.31,-0.03,0.41
2024-03-25 16:59:41.9930,0.59,0.16,-1.21,-0.33,-0.07,0.34
2024-03-25 16:59:42.0030,0.87,0.31,-0.4,-0.3,-0.07,0.24
2024-03-25 16:59:42.0130,1.01,0.45,0.34,-0.25,-0.04,0.17
2024-03-25 16:59:42.0230,0.88,0.59,1.01,-0.2,0.0,0.11
2024-03-25 16:59:42.0330,0.66,0.78,1.53,-0.2,0.02,0.07
2024-03-25 16:59:42.0420,0.41,0.93,1.82,-0.24,0.01,0.05
2024-03-25 16:59:42.0530,0.13,1.11,2.28,-0.27,0.0,0.04
2024-03-25 16:59:42.0630,-0.01,1.28,3.01,-0.29,0.01,0.02
2024-03-25 16:59:42.0730,-0.08,1.29,3.78,-0.27,0.02,-0.02
2024-03-25 16:59:42.0830,-0.05,1.24,4.62,-0.2,0.02,-0.09
2024-03-25 16:59:42.0920,0.09,1.14,5.38,-0.08,-0.03,-0.21
2024-03-25 16:59:42.1030,0.28,1.08,5.96,0.09,-0.12,-0.38
2024-03-25 16:59:42.1120,0.42,1.16,6.29,0.26,-0.22,-0.56
2024-03-25 16:59:42.1220,0.46,1.43,6.1,0.38,-0.3,-0.72
2024-03-25 16:59:42.1320,0.37,1.88,5.42,0.46,-0.32,-0.8
2024-03-25 16:59:42.1420,0.17,2.42,4.78,0.49,-0.26,-0.78
2024-03-25 16:59:42.1530,-0.27,2.78,4.22,0.51,-0.12,-0.64
2024-03-25 16:59:42.1620,-0.82,2.64,3.96,0.6,0.03,-0.43
2024-03-25 16:59:42.1720,-1.08,1.86,4.21,0.73,0.04,-0.26
2024-03-25 16:59:42.1830,-0.88,0.75,4.25,0.85,-0.08,-0.23
2024-03-25 16:59:42.1920,-0.21,-0.27,3.63,0.89,-0.24,-0.3
2024-03-25 16:59:42.2030,0.36,-1.13,2.53,0.9,-0.36,-0.37
2024-03-25 16:59:42.2120,0.56,-1.66,1.68,0.91,-0.4,-0.4
2024-03-25 16:59:42.2220,0.5,-1.91,1.08,0.96,-0.36,-0.39
2024-03-25 16:59:42.2320,0.5,-2.06,0.58,0.98,-0.31,-0.38
2024-03-25 16:59:42.2420,0.54,-2.13,-0.32,0.91,-0.25,-0.34
2024-03-25 16:59:42.2520,0.53,-2.03,-1.51,0.74,-0.18,-0.29
2024-03-25 16:59:42.2630,0.41,-1.85,-2.51,0.49,-0.08,-0.18
2024-03-25 16:59:42.2720,0.16,-1.76,-3.28,0.19,0.05,-0.05
2024-03-25 16:59:42.2820,-0.12,-1.84,-3.6,-0.1,0.17,0.11
2024-03-25 16:59:42.2920,-0.37,-2.09,-3.5,-0.36,0.22,0.24
2024-03-25 16:59:42.3020,-0.43,-2.49,-3.03,-0.56,0.19,0.29
2024-03-25 16:59:42.3120,-0.09,-2.95,-2.58,-0.71,0.14,0.25
2024-03-25 16:59:42.3230,0.47,-3.21,-2.26,-0.74,0.11,0.12
2024-03-25 16:59:42.3330,1.09,-3.15,-1.66,-0.67,0.13,-0.07
2024-03-25 16:59:42.3430,1.51,-2.85,-1.34,-0.57,0.17,-0.24
2024-03-25 16:59:42.3530,1.42,-2.49,-1.47,-0.47,0.21,-0.37
2024-03-25 16:59:42.3620,1.1,-2.01,-1.76,-0.39,0.23,-0.45
2024-03-25 16:59:42.3720,0.62,-1.5,-2.22,-0.34,0.21,-0.47
2024-03-25 16:59:42.3820,0.16,-0.97,-2.74,-0.31,0.18,-0.43
2024-03-25 16:59:42.3920,-0.12,-0.51,-3.13,-0.28,0.14,-0.38
2024-03-25 16:59:42.4030,-0.19,-0.17,-3.35,-0.24,0.11,-0.35
2024-03-25 16:59:42.4120,-0.03,0.04,-3.55,-0.21,0.11,-0.35
2024-03-25 16:59:42.4220,0.18,0.13,-3.84,-0.19,0.13,-0.35
2024-03-25 16:59:42.4320,0.17,0.18,-4.02,-0.17,0.2,-0.32
2024-03-25 16:59:42.4420,-0.09,0.19,-3.97,-0.16,0.26,-0.25
2024-03-25 16:59:42.4520,-0.4,0.19,-3.68,-0.16,0.32,-0.17
2024-03-25 16:59:42.4620,-0.69,0.13,-3.42,-0.19,0.33,-0.07
2024-03-25 16:59:42.4720,-0.92,0.06,-3.1,-0.23,0.28,0.01
2024-03-25 16:59:42.4820,-0.9,0.08,-2.73,-0.28,0.18,0.07
2024-03-25 16:59:42.4920,-0.76,0.12,-2.25,-0.31,0.06,0.1
2024-03-25 16:59:42.5020,-0.38,0.16,-1.55,-0.28,-0.06,0.07
2024-03-25 16:59:42.5120,0.22,0.2,-0.9,-0.23,-0.13,-0.0
2024-03-25 16:59:42.5220,0.7,0.38,-0.34,-0.18,-0.12,-0.07
2024-03-25 16:59:42.5320,1.04,0.72,-0.04,-0.22,-0.01,-0.1
2024-03-25 16:59:42.5420,0.98,1.14,-0.02,-0.32,0.21,-0.0
2024-03-25 16:59:42.5520,0.43,1.62,0.51,-0.4,0.44,0.18
2024-03-25 16:59:42.5620,0.1,2.04,1.53,-0.44,0.57,0.34
2024-03-25 16:59:42.5720,0.13,2.11,2.6,-0.47,0.55,0.42
2024-03-25 16:59:42.5820,0.28,1.84,3.57,-0.45,0.42,0.4
2024-03-25 16:59:42.5920,0.56,1.45,4.62,-0.33,0.27,0.28
2024-03-25 16:59:42.6020,1.01,1.1,5.65,-0.12,0.16,0.1
2024-03-25 16:59:42.6120,1.46,0.86,6.44,0.14,0.13,-0.11
2024-03-25 16:59:42.6220,1.62,0.82,6.56,0.35,0.19,-0.27
2024-03-25 16:59:42.6320,1.27,0.99,6.02,0.52,0.28,-0.34
2024-03-25 16:59:42.6420,0.78,1.43,5.45,0.64,0.32,-0.35
2024-03-25 16:59:42.6520,0.4,2.08,4.8,0.67,0.34,-0.32
2024-03-25 16:59:42.6620,-0.17,2.55,3.89,0.56,0.41,-0.17
2024-03-25 16:59:42.6720,-1.17,2.67,2.97,0.34,0.53,0.15
2024-03-25 16:59:42.6820,-2.3,1.99,2.82,0.31,0.5,0.46
2024-03-25 16:59:42.6920,-2.32,0.85,4.43,0.53,0.25,0.52
2024-03-25 16:59:42.7020,-1.07,-0.71,5.47,0.82,-0.11,0.38
2024-03-25 16:59:42.7120,0.02,-2.06,4.81,0.99,-0.41,0.16
2024-03-25 16:59:42.7220,0.62,-2.61,3.13,0.99,-0.52,0.01
2024-03-25 16:59:42.7320,0.55,-2.69,1.41,0.92,-0.43,-0.02
2024-03-25 16:59:42.7420,0.08,-2.69,0.5,0.84,-0.22,0.01
2024-03-25 16:59:42.7520,-0.43,-2.83,0.01,0.75,-0.01,0.08
2024-03-25 16:59:42.7620,-0.82,-3.02,-0.38,0.63,0.1,0.13
2024-03-25 16:59:42.7720,-1.06,-3.22,-0.82,0.49,0.13,0.15
2024-03-25 16:59:42.7820,-1.18,-3.39,-1.23,0.32,0.07,0.14
2024-03-25 16:59:42.7920,-1.29,-3.38,-1.65,0.13,-0.03,0.14
2024-03-25 16:59:42.8020,-1.38,-3.37,-2.03,-0.03,-0.14,0.14
2024-03-25 16:59:42.8120,-1.36,-3.29,-2.26,-0.15,-0.24,0.13
2024-03-25 16:59:42.8220,-1.2,-3.24,-2.49,-0.24,-0.29,0.11
2024-03-25 16:59:42.8320,-0.95,-3.07,-2.85,-0.3,-0.27,0.06
2024-03-25 16:59:42.8420,-0.6,-2.66,-3.28,-0.34,-0.2,0.04
2024-03-25 16:59:42.8520,-0.46,-2.09,-3.6,-0.37,-0.11,0.05
2024-03-25 16:59:42.8620,-0.52,-1.55,-3.91,-0.41,-0.03,0.09
2024-03-25 16:59:42.8720,-0.69,-1.16,-4.23,-0.44,0.04,0.16
2024-03-25 16:59:42.8820,-0.91,-0.83,-4.37,-0.47,0.08,0.25
2024-03-25 16:59:42.8920,-1.12,-0.55,-4.36,-0.49,0.1,0.35
2024-03-25 16:59:42.9020,-1.19,-0.33,-4.22,-0.48,0.08,0.43
2024-03-25 16:59:42.9120,-0.94,-0.21,-3.88,-0.45,0.03,0.43
2024-03-25 16:59:42.9220,-0.48,-0.13,-3.76,-0.46,-0.02,0.39
2024-03-25 16:59:42.9320,-0.2,0.0,-3.92,-0.51,-0.05,0.36
2024-03-25 16:59:42.9420,-0.11,0.22,-3.82,-0.52,-0.04,0.34
2024-03-25 16:59:42.9520,-0.11,0.43,-3.4,-0.51,0.02,0.35
2024-03-25 16:59:42.9620,-0.18,0.62,-2.96,-0.51,0.1,0.38
2024-03-25 16:59:42.9720,-0.2,0.82,-2.64,-0.52,0.17,0.43
2024-03-25 16:59:42.9820,-0.2,0.91,-2.23,-0.48,0.2,0.46
2024-03-25 16:59:42.9920,-0.05,0.88,-1.25,-0.36,0.16,0.44
2024-03-25 16:59:43.0020,0.24,0.8,-0.3,-0.25,0.09,0.37
2024-03-25 16:59:43.0120,0.53,0.66,0.17,-0.16,0.03,0.26
2024-03-25 16:59:43.0220,0.8,0.67,0.3,-0.15,-0.0,0.16
2024-03-25 16:59:43.0320,0.82,0.63,0.32,-0.16,-0.02,0.09
2024-03-25 16:59:43.0420,0.63,0.7,0.76,-0.12,-0.04,0.04
2024-03-25 16:59:43.0520,0.31,0.77,1.44,-0.07,-0.07,0.02
2024-03-25 16:59:43.0620,0.15,0.86,1.88,-0.01,-0.11,-0.03
2024-03-25 16:59:43.0720,0.19,0.98,2.04,0.02,-0.16,-0.09
2024-03-25 16:59:43.0820,0.18,1.14,2.11,0.04,-0.18,-0.13
2024-03-25 16:59:43.0920,0.08,1.29,2.32,0.08,-0.17,-0.17
2024-03-25 16:59:43.1020,-0.04,1.39,2.66,0.1,-0.12,-0.18
2024-03-25 16:59:43.1120,-0.09,1.43,3.0,0.11,-0.08,-0.2
2024-03-25 16:59:43.1220,-0.08,1.51,3.26,0.1,-0.11,-0.23
2024-03-25 16:59:43.1320,-0.23,1.57,3.49,0.1,-0.18,-0.29
2024-03-25 16:59:43.1420,-0.15,1.6,3.77,0.11,-0.27,-0.38
2024-03-25 16:59:43.1520,-0.03,1.67,4.01,0.21,-0.35,-0.49
2024-03-25 16:59:43.1620,0.13,1.97,4.27,0.31,-0.36,-0.58
2024-03-25 16:59:43.1720,0.25,2.34,4.03,0.38,-0.25,-0.58
2024-03-25 16:59:43.1820,-0.05,2.46,3.61,0.41,-0.04,-0.45
2024-03-25 16:59:43.1920,-0.75,1.95,3.43,0.48,0.13,-0.24
2024-03-25 16:59:43.2020,-1.14,1.07,3.98,0.61,0.14,-0.14
2024-03-25 16:59:43.2120,-0.66,0.15,4.16,0.67,0.04,-0.16
2024-03-25 16:59:43.2220,-0.1,-0.68,3.23,0.6,-0.05,-0.18
2024-03-25 16:59:43.2320,0.0,-1.35,2.23,0.54,-0.09,-0.18
2024-03-25 16:59:43.2420,0.08,-1.78,1.97,0.51,-0.08,-0.17
2024-03-25 16:59:43.2520,0.08,-2.21,2.03,0.56,-0.08,-0.16
2024-03-25 16:59:43.2620,0.1,-2.47,2.01,0.61,-0.12,-0.16
2024-03-25 16:59:43.2720,0.17,-2.63,1.44,0.61,-0.17,-0.16
2024-03-25 16:59:43.2820,0.25,-2.57,0.39,0.53,-0.18,-0.15
2024-03-25 16:59:43.2920,0.24,-2.33,-0.74,0.39,-0.13,-0.09
2024-03-25 16:59:43.3020,0.04,-2.13,-1.66,0.21,-0.05,0.02
2024-03-25 16:59:43.3120,-0.28,-2.02,-2.28,0.01,0.02,0.15
2024-03-25 16:59:43.3220,-0.52,-2.15,-2.68,-0.17,0.07,0.27
2024-03-25 16:59:43.3320,-0.48,-2.48,-2.7,-0.28,0.06,0.31
2024-03-25 16:59:43.3420,-0.11,-2.84,-2.57,-0.37,-0.02,0.25
2024-03-25 16:59:43.3520,0.38,-3.04,-2.66,-0.41,-0.13,0.12
2024-03-25 16:59:43.3620,0.81,-2.96,-2.83,-0.41,-0.19,-0.04
2024-03-25 16:59:43.3720,1.17,-2.56,-2.92,-0.38,-0.16,-0.18
2024-03-25 16:59:43.3820,1.3,-2.11,-3.2,-0.34,-0.07,-0.28
2024-03-25 16:59:43.3920,1.17,-1.61,-3.58,-0.33,0.04,-0.33
2024-03-25 16:59:43.4020,0.84,-1.08,-3.91,-0.34,0.13,-0.32
2024-03-25 16:59:43.4120,0.5,-0.61,-4.12,-0.37,0.17,-0.27
2024-03-25 16:59:43.4220,0.28,-0.26,-4.16,-0.39,0.16,-0.22
2024-03-25 16:59:43.4320,0.17,-0.03,-3.98,-0.38,0.09,-0.19
2024-03-25 16:59:43.4420,0.21,0.12,-3.73,-0.38,0.04,-0.17
2024-03-25 16:59:43.4520,0.3,0.2,-3.64,-0.39,-0.02,-0.16
2024-03-25 16:59:43.4620,0.38,0.31,-3.53,-0.44,-0.07,-0.15
2024-03-25 16:59:43.4720,0.42,0.53,-3.46,-0.54,-0.1,-0.1
2024-03-25 16:59:43.4820,0.27,0.71,-3.26,-0.62,-0.1,-0.0
2024-03-25 16:59:43.4920,0.04,0.85,-2.59,-0.65,-0.08,0.13
2024-03-25 16:59:43.5020,-0.12,0.81,-1.71,-0.62,-0.01,0.24
2024-03-25 16:59:43.5120,0.0,0.67,-0.88,-0.54,0.05,0.31
2024-03-25 16:59:43.5220,0.29,0.39,-0.19,-0.42,0.04,0.29
2024-03-25 16:59:43.5320,0.66,0.16,0.51,-0.28,-0.05,0.2
2024-03-25 16:59:43.5420,0.87,0.11,0.88,-0.2,-0.2,0.08
2024-03-25 16:59:43.5520,1.11,0.27,0.79,-0.19,-0.32,-0.06
2024-03-25 16:59:43.5620,1.26,0.54,0.46,-0.2,-0.34,-0.13
2024-03-25 16:59:43.5720,1.18,0.98,0.38,-0.21,-0.28,-0.15
2024-03-25 16:59:43.5820,1.0,1.5,0.41,-0.26,-0.12,-0.13
2024-03-25 16:59:43.5920,0.86,1.87,0.44,-0.33,0.1,-0.06
2024-03-25 16:59:43.6020,0.67,2.09,0.77,-0.36,0.36,0.02
2024-03-25 16:59:43.6120,0.58,2.03,1.76,-0.28,0.54,0.05
2024-03-25 16:59:43.6220,0.6,1.81,3.09,-0.15,0.6,0.02
2024-03-25 16:59:43.6320,0.6,1.54,4.13,0.01,0.51,-0.07
2024-03-25 16:59:43.6420,0.63,1.36,4.87,0.15,0.37,-0.19
2024-03-25 16:59:43.6520,0.51,1.23,5.16,0.27,0.24,-0.29
2024-03-25 16:59:43.6620,0.31,1.26,5.01,0.35,0.17,-0.34
2024-03-25 16:59:43.6720,-0.02,1.37,4.72,0.45,0.14,-0.34
2024-03-25 16:59:43.6820,-0.25,1.68,4.53,0.53,0.15,-0.31
2024-03-25 16:59:43.6920,-0.27,2.0,4.06,0.51,0.17,-0.26
2024-03-25 16:59:43.7020,-0.4,2.23,3.15,0.32,0.26,-0.1
2024-03-25 16:59:43.7120,-1.23,1.92,2.23,0.08,0.42,0.24
2024-03-25 16:59:43.7220,-2.28,0.9,2.58,0.07,0.41,0.54
2024-03-25 16:59:43.7350,-2.01,-0.56,4.31,0.24,0.22,0.58
2024-03-25 16:59:43.7420,-0.78,-2.19,5.02,0.42,-0.08,0.44
2024-03-25 16:59:43.7520,0.29,-3.39,4.5,0.49,-0.32,0.18
2024-03-25 16:59:43.7620,0.96,-4.14,3.29,0.44,-0.4,-0.02
2024-03-25 16:59:43.7720,0.83,-4.38,2.37,0.46,-0.32,-0.12
2024-03-25 16:59:43.7820,0.39,-4.47,2.36,0.6,-0.22,-0.19
2024-03-25 16:59:43.7920,-0.03,-4.55,2.48,0.75,-0.17,-0.25
2024-03-25 16:59:43.8020,-0.31,-4.57,1.72,0.81,-0.19,-0.35
2024-03-25 16:59:43.8120,-0.49,-4.34,0.23,0.74,-0.22,-0.43
2024-03-25 16:59:43.8220,-0.81,-3.83,-1.22,0.62,-0.24,-0.47
2024-03-25 16:59:43.8320,-1.13,-3.15,-2.22,0.49,-0.25,-0.45
2024-03-25 16:59:43.8420,-1.42,-2.51,-2.89,0.36,-0.24,-0.39
2024-03-25 16:59:43.8520,-1.65,-1.9,-3.34,0.22,-0.26,-0.29
2024-03-25 16:59:43.8620,-1.82,-1.37,-3.82,0.04,-0.29,-0.15
2024-03-25 16:59:43.8710,-1.85,-0.98,-4.32,-0.15,-0.3,-0.01
2024-03-25 16:59:43.8820,-1.69,-0.73,-4.6,-0.32,-0.26,0.12
2024-03-25 16:59:43.8910,-1.39,-0.61,-4.59,-0.44,-0.18,0.22
2024-03-25 16:59:43.9010,-1.17,-0.58,-4.41,-0.5,-0.08,0.31
2024-03-25 16:59:43.9110,-1.08,-0.62,-4.12,-0.52,0.01,0.37
2024-03-25 16:59:43.9210,-0.94,-0.65,-3.86,-0.52,0.04,0.39
2024-03-25 16:59:43.9310,-0.8,-0.68,-3.8,-0.52,0.03,0.38
2024-03-25 16:59:43.9410,-0.65,-0.65,-3.74,-0.5,0.0,0.36
2024-03-25 16:59:43.9510,-0.58,-0.54,-3.68,-0.5,-0.03,0.34
2024-03-25 16:59:43.9620,-0.57,-0.36,-3.73,-0.52,-0.04,0.34
2024-03-25 16:59:43.9720,-0.5,-0.07,-3.81,-0.56,-0.01,0.35
2024-03-25 16:59:43.9820,-0.45,0.18,-3.8,-0.55,0.05,0.39
2024-03-25 16:59:43.9910,-0.44,0.36,-3.27,-0.5,0.11,0.4
2024-03-25 16:59:44.0020,-0.29,0.53,-2.78,-0.47,0.17,0.4
2024-03-25 16:59:44.0120,-0.16,0.58,-2.58,-0.45,0.22,0.37
2024-03-25 16:59:44.0220,0.01,0.66,-2.21,-0.45,0.26,0.34
2024-03-25 16:59:44.0320,0.02,0.67,-1.84,-0.44,0.27,0.31
2024-03-25 16:59:44.0410,-0.09,0.72,-1.32,-0.43,0.24,0.3
2024-03-25 16:59:44.0520,-0.16,0.84,-0.85,-0.42,0.19,0.28
2024-03-25 16:59:44.0620,-0.11,0.98,-0.4,-0.4,0.15,0.26
2024-03-25 16:59:44.0710,-0.04,1.09,0.0,-0.38,0.12,0.25
2024-03-25 16:59:44.0820,-0.09,1.19,0.39,-0.37,0.12,0.25
2024-03-25 16:59:44.0920,-0.27,1.25,0.98,-0.33,0.15,0.26
2024-03-25 16:59:44.1020,-0.38,1.25,1.76,-0.27,0.17,0.27
2024-03-25 16:59:44.1110,-0.41,1.24,2.64,-0.19,0.14,0.25
2024-03-25 16:59:44.1210,-0.33,1.23,3.39,-0.11,0.07,0.19
2024-03-25 16:59:44.1310,-0.2,1.24,3.82,-0.08,-0.03,0.14
2024-03-25 16:59:44.1410,-0.15,1.27,4.05,-0.06,-0.12,0.08
2024-03-25 16:59:44.1510,-0.11,1.29,4.32,-0.05,-0.17,0.02
2024-03-25 16:59:44.1620,-0.07,1.33,4.68,-0.0,-0.21,-0.04
2024-03-25 16:59:44.1710,-0.08,1.39,5.08,0.07,-0.24,-0.09
2024-03-25 16:59:44.1810,0.1,1.42,5.37,0.19,-0.24,-0.18
2024-03-25 16:59:44.1910,0.49,1.52,5.42,0.28,-0.19,-0.26
2024-03-25 16:59:44.2010,0.63,1.6,5.06,0.29,-0.08,-0.28
2024-03-25 16:59:44.2110,0.29,1.46,4.72,0.29,0.05,-0.19
2024-03-25 16:59:44.2220,-0.32,0.88,4.93,0.39,0.1,-0.1
2024-03-25 16:59:44.2310,-0.39,0.18,5.6,0.53,0.05,-0.11
2024-03-25 16:59:44.2410,-0.01,-0.58,5.46,0.68,-0.06,-0.17
2024-03-25 16:59:44.2510,0.32,-1.16,4.78,0.78,-0.18,-0.28
2024-03-25 16:59:44.2620,0.54,-1.53,3.59,0.8,-0.23,-0.34
2024-03-25 16:59:44.2710,0.41,-1.6,2.24,0.82,-0.21,-0.33
2024-03-25 16:59:44.2810,0.28,-1.63,1.38,0.86,-0.2,-0.29
2024-03-25 16:59:44.2910,0.34,-1.7,0.56,0.85,-0.18,-0.26
2024-03-25 16:59:44.3010,0.46,-1.82,-0.48,0.79,-0.18,-0.23
2024-03-25 16:59:44.3110,0.67,-1.8,-1.54,0.68,-0.15,-0.2
2024-03-25 16:59:44.3210,0.83,-1.74,-2.4,0.53,-0.08,-0.16
2024-03-25 16:59:44.3310,0.85,-1.61,-3.05,0.36,0.05,-0.08
2024-03-25 16:59:44.3420,0.69,-1.57,-3.49,0.15,0.2,0.03
2024-03-25 16:59:44.3510,0.48,-1.66,-3.67,-0.06,0.29,0.14
2024-03-25 16:59:44.3610,0.24,-1.91,-3.5,-0.21,0.32,0.2
2024-03-25 16:59:44.3710,0.28,-2.22,-3.0,-0.3,0.3,0.19
2024-03-25 16:59:44.3810,0.58,-2.44,-2.63,-0.35,0.23,0.11
2024-03-25 16:59:44.3910,1.07,-2.4,-2.45,-0.36,0.15,-0.01
2024-03-25 16:59:44.4010,1.39,-2.17,-2.26,-0.34,0.12,-0.12
2024-03-25 16:59:44.4110,1.45,-1.82,-2.17,-0.28,0.14,-0.2
2024-03-25 16:59:44.4210,1.4,-1.47,-2.24,-0.24,0.19,-0.26
2024-03-25 16:59:44.4310,1.21,-1.12,-2.46,-0.23,0.23,-0.28
2024-03-25 16:59:44.4410,0.92,-0.73,-2.74,-0.24,0.25,-0.27
2024-03-25 16:59:44.4510,0.71,-0.33,-2.92,-0.26,0.23,-0.24
2024-03-25 16:59:44.4610,0.58,0.0,-2.88,-0.24,0.17,-0.2
2024-03-25 16:59:44.4710,0.5,0.31,-2.67,-0.21,0.11,-0.16
2024-03-25 16:59:44.4810,0.55,0.43,-2.5,-0.17,0.07,-0.14
2024-03-25 16:59:44.4910,0.73,0.54,-2.4,-0.16,0.05,-0.13
2024-03-25 16:59:44.5010,0.79,0.55,-2.37,-0.15,0.06,-0.11
2024-03-25 16:59:44.5110,0.76,0.58,-2.26,-0.15,0.05,-0.08
2024-03-25 16:59:44.5210,0.7,0.52,-2.03,-0.16,0.02,-0.06
2024-03-25 16:59:44.5310,0.67,0.45,-1.85,-0.17,-0.01,-0.03
2024-03-25 16:59:44.5410,0.68,0.4,-1.64,-0.17,-0.06,-0.03
2024-03-25 16:59:44.5510,0.86,0.42,-1.46,-0.17,-0.11,-0.05
2024-03-25 16:59:44.5610,1.07,0.44,-1.39,-0.18,-0.13,-0.06
2024-03-25 16:59:44.5710,1.04,0.46,-1.17,-0.15,-0.12,-0.06
2024-03-25 16:59:44.5810,1.12,0.55,-0.75,-0.12,-0.07,-0.09
2024-03-25 16:59:44.5910,1.27,0.6,-0.42,-0.08,-0.02,-0.12
2024-03-25 16:59:44.6010,1.34,0.71,-0.06,-0.04,0.01,-0.18
2024-03-25 16:59:44.6110,1.46,0.8,0.23,-0.02,0.04,-0.26
2024-03-25 16:59:44.6210,1.6,0.9,0.44,-0.03,0.09,-0.35
2024-03-25 16:59:44.6310,1.55,1.03,0.73,-0.05,0.16,-0.4
2024-03-25 16:59:44.6410,1.24,1.26,1.15,-0.07,0.24,-0.38
2024-03-25 16:59:44.6510,0.72,1.4,1.81,-0.07,0.3,-0.33
2024-03-25 16:59:44.6610,0.33,1.44,2.68,-0.04,0.28,-0.28
2024-03-25 16:59:44.6710,0.01,1.32,3.47,-0.02,0.2,-0.24
2024-03-25 16:59:44.6810,-0.16,1.12,4.1,0.0,0.09,-0.24
2024-03-25 16:59:44.6910,-0.13,0.76,4.52,0.06,-0.03,-0.28
2024-03-25 16:59:44.7010,0.03,0.51,4.94,0.19,-0.13,-0.35
2024-03-25 16:59:44.7110,0.28,0.55,5.34,0.36,-0.18,-0.43
2024-03-25 16:59:44.7210,0.37,0.77,5.23,0.46,-0.18,-0.46
2024-03-25 16:59:44.7310,0.03,0.99,4.43,0.38,-0.1,-0.36
2024-03-25 16:59:44.7410,-1.0,0.87,3.36,0.21,0.03,-0.06
2024-03-25 16:59:44.7510,-2.1,0.21,3.21,0.3,0.05,0.22
2024-03-25 16:59:44.7610,-1.85,-0.93,4.34,0.53,-0.11,0.21
2024-03-25 16:59:44.7710,-0.63,-2.31,4.21,0.66,-0.37,0.1
2024-03-25 16:59:44.7810,-0.05,-3.15,2.56,0.62,-0.59,-0.06
2024-03-25 16:59:44.7910,0.23,-3.36,0.63,0.46,-0.64,-0.14
2024-03-25 16:59:44.8010,-0.04,-3.5,-0.49,0.26,-0.52,-0.16
2024-03-25 16:59:44.8110,-0.28,-3.5,-0.98,0.13,-0.27,-0.15
2024-03-25 16:59:44.8210,-0.6,-3.72,-0.9,0.08,0.0,-0.16
2024-03-25 16:59:44.8310,-0.86,-3.88,-0.73,0.03,0.17,-0.19
2024-03-25 16:59:44.8410,-1.2,-3.83,-0.96,-0.07,0.2,-0.21
2024-03-25 16:59:44.8510,-1.57,-3.45,-1.39,-0.19,0.14,-0.22
2024-03-25 16:59:44.8610,-1.93,-2.87,-1.69,-0.32,0.05,-0.19
2024-03-25 16:59:44.8710,-2.17,-2.14,-1.93,-0.45,-0.06,-0.12
2024-03-25 16:59:44.8810,-2.32,-1.59,-2.26,-0.55,-0.14,0.0
2024-03-25 16:59:44.8910,-2.29,-1.11,-2.4,-0.61,-0.16,0.12
2024-03-25 16:59:44.9010,-1.97,-0.75,-2.46,-0.62,-0.11,0.21
2024-03-25 16:59:44.9110,-1.5,-0.52,-2.5,-0.59,-0.05,0.26
2024-03-25 16:59:44.9210,-1.13,-0.34,-2.61,-0.56,0.04,0.3
2024-03-25 16:59:44.9310,-0.92,-0.19,-2.78,-0.52,0.11,0.33
2024-03-25 16:59:44.9410,-0.83,-0.05,-2.83,-0.46,0.16,0.35
2024-03-25 16:59:44.9510,-0.75,-0.02,-2.71,-0.36,0.19,0.36
2024-03-25 16:59:44.9610,-0.71,-0.02,-2.59,-0.26,0.19,0.37
2024-03-25 16:59:44.9710,-0.69,0.04,-2.69,-0.2,0.17,0.4
2024-03-25 16:59:44.9810,-0.75,0.19,-2.87,-0.16,0.12,0.46
2024-03-25 16:59:44.9910,-0.68,0.45,-2.98,-0.17,0.06,0.49
2024-03-25 16:59:45.0010,-0.32,0.65,-3.2,-0.22,0.02,0.5
2024-03-25 16:59:45.0110,-0.02,0.77,-3.33,-0.25,0.05,0.51
2024-03-25 16:59:45.0210,0.15,0.78,-3.06,-0.25,0.15,0.51
2024-03-25 16:59:45.0310,0.28,0.72,-2.48,-0.2,0.26,0.49
2024-03-25 16:59:45.0410,0.43,0.67,-1.7,-0.12,0.32,0.45
2024-03-25 16:59:45.0510,0.58,0.63,-0.99,-0.05,0.29,0.4
2024-03-25 16:59:45.0610,0.62,0.59,-0.49,-0.01,0.17,0.34
2024-03-25 16:59:45.0710,0.51,0.59,-0.11,-0.02,-0.01,0.31
2024-03-25 16:59:45.0810,0.36,0.59,0.1,-0.05,-0.15,0.3
2024-03-25 16:59:45.0910,0.3,0.52,0.34,-0.06,-0.21,0.3
2024-03-25 16:59:45.1010,0.35,0.36,0.73,-0.04,-0.19,0.29
2024-03-25 16:59:45.1110,0.42,0.23,1.06,-0.03,-0.14,0.26
2024-03-25 16:59:45.1210,0.57,0.17,1.23,-0.04,-0.11,0.17
2024-03-25 16:59:45.1310,0.77,0.15,1.43,-0.05,-0.08,0.05
2024-03-25 16:59:45.1410,0.8,0.22,1.74,-0.05,-0.06,-0.06
2024-03-25 16:59:45.1510,0.61,0.36,2.4,-0.01,-0.02,-0.15
2024-03-25 16:59:45.1610,0.27,0.56,3.18,0.05,0.01,-0.24
2024-03-25 16:59:45.1710,0.07,0.88,3.74,0.12,0.03,-0.32
2024-03-25 16:59:45.1810,-0.32,1.24,4.16,0.19,-0.03,-0.37
2024-03-25 16:59:45.1910,-0.79,1.65,4.4,0.27,-0.13,-0.41
2024-03-25 16:59:45.2010,-1.0,2.03,4.35,0.32,-0.2,-0.45
2024-03-25 16:59:45.2110,-0.96,2.4,3.96,0.34,-0.23,-0.47
2024-03-25 16:59:45.2210,-0.84,2.79,3.53,0.34,-0.2,-0.47
2024-03-25 16:59:45.2310,-0.85,2.99,3.19,0.28,-0.09,-0.38
2024-03-25 16:59:45.2410,-1.15,2.97,2.85,0.16,0.05,-0.19
2024-03-25 16:59:45.2510,-1.76,2.62,2.83,0.07,0.12,0.03
2024-03-25 16:59:45.2610,-2.15,1.92,3.43,0.08,0.16,0.16
2024-03-25 16:59:45.2710,-1.47,0.97,4.2,0.18,0.14,0.11
2024-03-25 16:59:45.2810,-0.69,-0.01,4.53,0.35,0.11,0.03
2024-03-25 16:59:45.2910,-0.21,-0.74,4.66,0.62,0.08,-0.07
2024-03-25 16:59:45.3010,0.11,-1.09,4.46,0.81,-0.01,-0.14
2024-03-25 16:59:45.3110,0.11,-1.32,2.96,0.84,-0.14,-0.15
2024-03-25 16:59:45.3210,0.06,-1.43,1.0,0.78,-0.27,-0.13
2024-03-25 16:59:45.3310,0.28,-1.62,-0.49,0.71,-0.36,-0.12
2024-03-25 16:59:45.3410,0.58,-1.77,-1.54,0.61,-0.37,-0.1
2024-03-25 16:59:45.3510,0.84,-1.88,-2.52,0.51,-0.31,-0.09
2024-03-25 16:59:45.3610,1.05,-1.82,-3.36,0.36,-0.19,-0.05
2024-03-25 16:59:45.3710,1.1,-1.72,-4.11,0.16,-0.03,0.01
2024-03-25 16:59:45.3810,1.05,-1.68,-4.55,-0.04,0.14,0.07
2024-03-25 16:59:45.3910,0.94,-1.74,-4.66,-0.23,0.29,0.14
2024-03-25 16:59:45.4010,0.81,-1.84,-4.42,-0.39,0.36,0.21
2024-03-25 16:59:45.4110,0.67,-1.94,-3.86,-0.51,0.33,0.25
2024-03-25 16:59:45.4210,0.73,-2.01,-3.27,-0.58,0.23,0.22
2024-03-25 16:59:45.4310,1.08,-2.07,-2.89,-0.61,0.14,0.14
2024-03-25 16:59:45.4410,1.55,-2.04,-2.51,-0.57,0.07,0.01
2024-03-25 16:59:45.4510,1.88,-1.87,-2.07,-0.49,0.07,-0.11
2024-03-25 16:59:45.4610,1.91,-1.54,-1.97,-0.44,0.13,-0.19
2024-03-25 16:59:45.4710,1.76,-1.12,-2.19,-0.41,0.22,-0.21
2024-03-25 16:59:45.4810,1.44,-0.69,-2.34,-0.39,0.28,-0.18
2024-03-25 16:59:45.4910,1.18,-0.25,-2.17,-0.35,0.28,-0.15
2024-03-25 16:59:45.5010,1.11,0.0,-1.97,-0.32,0.22,-0.15
2024-03-25 16:59:45.5110,1.18,0.12,-1.86,-0.26,0.11,-0.18
2024-03-25 16:59:45.5210,1.35,0.14,-1.75,-0.19,-0.0,-0.23
2024-03-25 16:59:45.5310,1.55,0.16,-1.72,-0.13,-0.1,-0.28
2024-03-25 16:59:45.5410,1.67,0.3,-1.83,-0.12,-0.16,-0.3
2024-03-25 16:59:45.5510,1.61,0.49,-2.06,-0.15,-0.19,-0.26
2024-03-25 16:59:45.5610,1.48,0.63,-2.19,-0.18,-0.18,-0.2
2024-03-25 16:59:45.5710,1.41,0.65,-2.05,-0.21,-0.15,-0.15
2024-03-25 16:59:45.5810,1.52,0.57,-1.87,-0.22,-0.14,-0.15
2024-03-25 16:59:45.5910,1.72,0.43,-1.6,-0.2,-0.14,-0.19
2024-03-25 16:59:45.6010,1.84,0.31,-1.21,-0.19,-0.15,-0.24
2024-03-25 16:59:45.6110,1.84,0.18,-0.97,-0.22,-0.15,-0.3
2024-03-25 16:59:45.6210,1.73,0.1,-0.78,-0.27,-0.13,-0.35
2024-03-25 16:59:45.6310,1.52,0.05,-0.45,-0.31,-0.1,-0.39
2024-03-25 16:59:45.6410,1.36,0.12,0.09,-0.35,-0.07,-0.44
2024-03-25 16:59:45.6510,1.24,0.26,0.55,-0.39,-0.01,-0.49
2024-03-25 16:59:45.6610,0.99,0.5,1.11,-0.4,0.05,-0.52
2024-03-25 16:59:45.6710,0.54,0.83,1.87,-0.37,0.12,-0.5
2024-03-25 16:59:45.6810,0.04,1.08,2.67,-0.32,0.23,-0.47
2024-03-25 16:59:45.6910,-0.42,1.19,3.42,-0.24,0.38,-0.42
2024-03-25 16:59:45.7010,-0.84,1.24,4.17,-0.15,0.51,-0.37
2024-03-25 16:59:45.7110,-1.21,1.22,4.85,-0.04,0.56,-0.34
2024-03-25 16:59:45.7210,-1.59,1.16,5.42,0.09,0.51,-0.32
2024-03-25 16:59:45.7310,-1.93,1.17,5.71,0.21,0.39,-0.3
2024-03-25 16:59:45.7410,-2.07,1.44,5.64,0.3,0.22,-0.27
2024-03-25 16:59:45.7510,-2.17,1.78,5.08,0.33,0.11,-0.18
2024-03-25 16:59:45.7610,-2.53,2.01,4.2,0.26,0.13,0.02
2024-03-25 16:59:45.7710,-3.05,1.93,3.3,0.15,0.21,0.34
2024-03-25 16:59:45.7810,-3.4,1.47,3.16,0.17,0.21,0.63
2024-03-25 16:59:45.7910,-2.72,0.6,3.87,0.3,0.1,0.71
2024-03-25 16:59:45.8010,-1.49,-0.81,4.0,0.43,-0.05,0.68
2024-03-25 16:59:45.8110,-0.83,-1.97,3.15,0.46,-0.16,0.61
2024-03-25 16:59:45.8210,-0.43,-2.81,1.93,0.43,-0.19,0.52
2024-03-25 16:59:45.8310,-0.18,-3.47,1.11,0.44,-0.17,0.43
2024-03-25 16:59:45.8410,-0.11,-3.92,0.87,0.52,-0.17,0.32
2024-03-25 16:59:45.8510,-0.13,-4.25,0.52,0.59,-0.19,0.19
2024-03-25 16:59:45.8610,-0.16,-4.32,-0.3,0.59,-0.23,0.07
2024-03-25 16:59:45.8700,-0.28,-4.13,-1.6,0.5,-0.22,-0.03
2024-03-25 16:59:45.8800,-0.52,-3.71,-2.83,0.35,-0.11,-0.08
2024-03-25 16:59:45.8900,-0.8,-3.15,-3.8,0.18,0.07,-0.09
2024-03-25 16:59:45.9000,-1.14,-2.52,-4.29,0.03,0.26,-0.05
2024-03-25 16:59:45.9110,-1.51,-1.83,-4.39,-0.1,0.41,0.04
2024-03-25 16:59:45.9210,-1.86,-1.18,-4.34,-0.23,0.46,0.16
2024-03-25 16:59:45.9300,-2.1,-0.65,-4.27,-0.35,0.39,0.29
2024-03-25 16:59:45.9400,-2.18,-0.22,-4.02,-0.44,0.24,0.43
2024-03-25 16:59:45.9510,-2.18,0.15,-3.7,-0.54,0.06,0.56
2024-03-25 16:59:45.9600,-1.98,0.36,-3.68,-0.65,-0.07,0.65
2024-03-25 16:59:45.9700,-1.52,0.41,-3.65,-0.71,-0.09,0.72
2024-03-25 16:59:45.9810,-1.06,0.38,-3.2,-0.68,-0.03,0.77
2024-03-25 16:59:45.9900,-0.73,0.35,-2.63,-0.61,0.06,0.81
2024-03-25 16:59:46.0010,-0.41,0.31,-2.3,-0.52,0.13,0.8
2024-03-25 16:59:46.0100,-0.08,0.27,-2.11,-0.44,0.15,0.76
2024-03-25 16:59:46.0210,0.15,0.28,-2.0,-0.38,0.12,0.72
2024-03-25 16:59:46.0310,0.21,0.31,-2.08,-0.35,0.05,0.68
2024-03-25 16:59:46.0410,0.17,0.35,-2.12,-0.34,-0.01,0.67
2024-03-25 16:59:46.0500,0.04,0.46,-1.97,-0.34,-0.03,0.68
2024-03-25 16:59:46.0600,0.14,0.63,-1.74,-0.3,-0.03,0.67
2024-03-25 16:59:46.0700,0.35,0.81,-1.38,-0.25,0.01,0.62
2024-03-25 16:59:46.0800,0.74,1.06,-1.05,-0.2,0.06,0.54
2024-03-25 16:59:46.0900,0.92,1.3,-0.9,-0.2,0.12,0.49
2024-03-25 16:59:46.1000,0.7,1.48,-0.84,-0.23,0.17,0.5
2024-03-25 16:59:46.1100,0.35,1.59,-0.39,-0.23,0.17,0.53
2024-03-25 16:59:46.1200,0.12,1.56,0.37,-0.21,0.11,0.55
2024-03-25 16:59:46.1300,0.08,1.41,1.07,-0.15,-0.02,0.53
2024-03-25 16:59:46.1400,0.33,1.22,1.61,-0.09,-0.17,0.44
2024-03-25 16:59:46.1500,0.64,1.02,1.85,-0.04,-0.3,0.32
2024-03-25 16:59:46.1600,0.94,0.9,2.05,0.03,-0.34,0.17
2024-03-25 16:59:46.1700,1.09,0.93,2.21,0.07,-0.27,0.07
2024-03-25 16:59:46.1800,0.92,1.12,2.32,0.09,-0.16,0.02
2024-03-25 16:59:46.1900,0.53,1.31,2.53,0.09,-0.05,0.01
2024-03-25 16:59:46.2000,0.31,1.43,2.97,0.11,-0.0,-0.04
2024-03-25 16:59:46.2100,0.26,1.43,3.43,0.14,-0.04,-0.11
2024-03-25 16:59:46.2200,0.07,1.42,3.81,0.21,-0.12,-0.14
2024-03-25 16:59:46.2300,-0.32,1.22,4.25,0.31,-0.27,-0.17
2024-03-25 16:59:46.2400,-0.57,0.98,4.5,0.39,-0.46,-0.21
2024-03-25 16:59:46.2500,-0.56,0.86,4.18,0.44,-0.69,-0.3
2024-03-25 16:59:46.2600,-0.22,0.91,3.55,0.5,-0.87,-0.44
2024-03-25 16:59:46.2700,0.31,1.23,2.86,0.55,-0.94,-0.59
2024-03-25 16:59:46.2800,0.76,1.7,2.12,0.6,-0.83,-0.68
2024-03-25 16:59:46.2900,0.75,2.14,1.62,0.64,-0.54,-0.59
2024-03-25 16:59:46.3000,0.24,2.21,1.29,0.65,-0.19,-0.36
2024-03-25 16:59:46.3100,-0.33,1.77,1.2,0.63,0.08,-0.05
2024-03-25 16:59:46.3200,-0.87,0.55,1.31,0.56,0.12,0.18
2024-03-25 16:59:46.3300,-0.68,-1.13,1.16,0.49,-0.03,0.24
2024-03-25 16:59:46.3400,-0.15,-2.54,1.03,0.43,-0.26,0.18
2024-03-25 16:59:46.3500,0.35,-3.36,0.81,0.34,-0.46,0.05
2024-03-25 16:59:46.3600,0.76,-3.82,0.27,0.22,-0.51,-0.05
2024-03-25 16:59:46.3700,0.66,-3.88,-0.33,0.08,-0.38,-0.06
2024-03-25 16:59:46.3800,0.28,-3.81,-0.82,-0.05,-0.15,0.01
2024-03-25 16:59:46.3900,-0.02,-3.82,-1.01,-0.17,0.1,0.06
2024-03-25 16:59:46.4000,-0.08,-3.91,-1.0,-0.27,0.27,0.07
2024-03-25 16:59:46.4100,-0.12,-4.07,-0.86,-0.35,0.3,-0.01
2024-03-25 16:59:46.4200,0.02,-4.14,-0.81,-0.42,0.27,-0.19
2024-03-25 16:59:46.4300,0.37,-3.93,-0.9,-0.42,0.23,-0.43
2024-03-25 16:59:46.4400,0.67,-3.15,-0.74,-0.34,0.21,-0.59
2024-03-25 16:59:46.4500,0.31,-2.06,-0.68,-0.26,0.18,-0.67
2024-03-25 16:59:46.4600,-0.07,-1.09,-1.05,-0.21,0.15,-0.71
2024-03-25 16:59:46.4700,-0.27,-0.42,-1.75,-0.18,0.13,-0.7
2024-03-25 16:59:46.4800,-0.46,0.16,-2.27,-0.14,0.13,-0.65
2024-03-25 16:59:46.4900,-0.64,0.64,-2.62,-0.11,0.14,-0.56
2024-03-25 16:59:46.5000,-0.73,1.02,-2.94,-0.08,0.14,-0.46
2024-03-25 16:59:46.5100,-0.72,1.26,-3.23,-0.07,0.14,-0.36
2024-03-25 16:59:46.5200,-0.7,1.41,-3.48,-0.06,0.12,-0.24
2024-03-25 16:59:46.5300,-0.69,1.49,-3.56,-0.06,0.08,-0.13
2024-03-25 16:59:46.5400,-0.59,1.51,-3.59,-0.09,0.07,-0.02
2024-03-25 16:59:46.5500,-0.47,1.36,-3.79,-0.18,0.08,0.1
2024-03-25 16:59:46.5600,-0.41,1.1,-3.8,-0.26,0.1,0.22
2024-03-25 16:59:46.5700,-0.4,0.73,-3.26,-0.31,0.15,0.33
2024-03-25 16:59:46.5800,-0.31,0.31,-2.37,-0.29,0.2,0.43
2024-03-25 16:59:46.5900,-0.25,-0.09,-1.38,-0.25,0.21,0.46
2024-03-25 16:59:46.6000,0.15,-0.39,-0.8,-0.25,0.15,0.42
2024-03-25 16:59:46.6100,0.59,-0.66,-0.63,-0.28,0.04,0.34
2024-03-25 16:59:46.6200,0.9,-0.74,-0.33,-0.29,-0.09,0.23
2024-03-25 16:59:46.6300,1.13,-0.66,0.07,-0.32,-0.18,0.12
2024-03-25 16:59:46.6400,1.35,-0.46,0.19,-0.38,-0.17,0.02
2024-03-25 16:59:46.6500,1.44,-0.14,0.27,-0.43,-0.07,-0.03
2024-03-25 16:59:46.6600,1.29,0.25,0.75,-0.42,0.1,-0.03
2024-03-25 16:59:46.6710,1.09,0.67,1.62,-0.37,0.27,-0.04
2024-03-25 16:59:46.6800,1.09,1.01,2.34,-0.32,0.43,-0.07
2024-03-25 16:59:46.6900,1.2,1.22,2.94,-0.25,0.53,-0.16
2024-03-25 16:59:46.7000,1.3,1.28,3.7,-0.13,0.59,-0.27
2024-03-25 16:59:46.7100,1.19,1.32,4.51,0.02,0.61,-0.39
2024-03-25 16:59:46.7200,0.96,1.32,5.2,0.17,0.59,-0.49
2024-03-25 16:59:46.7310,0.49,1.33,5.54,0.3,0.54,-0.54
2024-03-25 16:59:46.7400,-0.01,1.4,5.56,0.44,0.47,-0.54
2024-03-25 16:59:46.7500,-0.53,1.47,5.57,0.63,0.38,-0.49
2024-03-25 16:59:46.7600,-0.86,1.54,5.43,0.83,0.31,-0.45
2024-03-25 16:59:46.7700,-0.93,1.43,4.71,1.01,0.24,-0.41
2024-03-25 16:59:46.7800,-0.91,1.2,3.69,1.17,0.17,-0.41
2024-03-25 16:59:46.7900,-0.82,0.9,2.83,1.34,0.08,-0.42
2024-03-25 16:59:46.8000,-0.9,0.62,2.04,1.45,0.04,-0.42
2024-03-25 16:59:46.8100,-1.21,0.36,0.99,1.42,0.0,-0.33
2024-03-25 16:59:46.8200,-1.9,-0.09,-0.32,1.32,-0.04,-0.16
2024-03-25 16:59:46.8300,-2.33,-0.5,-0.95,1.24,-0.03,0.05
2024-03-25 16:59:46.8400,-2.5,-1.1,-1.18,1.13,-0.03,0.27
2024-03-25 16:59:46.8500,-2.31,-1.82,-1.54,0.97,-0.08,0.43
2024-03-25 16:59:46.8600,-1.97,-2.57,-2.01,0.76,-0.17,0.52
2024-03-25 16:59:46.8700,-1.55,-3.11,-2.51,0.5,-0.26,0.55
2024-03-25 16:59:46.8800,-1.19,-3.44,-2.81,0.21,-0.3,0.53
2024-03-25 16:59:46.8900,-0.92,-3.52,-3.07,-0.15,-0.21,0.53
2024-03-25 16:59:46.9000,-0.85,-3.53,-3.26,-0.51,0.02,0.56
2024-03-25 16:59:46.9100,-1.06,-3.54,-2.86,-0.76,0.27,0.63
2024-03-25 16:59:46.9200,-1.32,-3.52,-1.56,-0.84,0.43,0.64
2024-03-25 16:59:46.9300,-1.2,-3.32,-0.2,-0.82,0.44,0.57
2024-03-25 16:59:46.9400,-0.92,-2.91,0.54,-0.72,0.31,0.46
2024-03-25 16:59:46.9500,-0.74,-2.31,0.77,-0.64,0.15,0.37
2024-03-25 16:59:46.9600,-0.64,-1.65,0.23,-0.62,-0.02,0.32
2024-03-25 16:59:46.9700,-0.62,-0.93,-0.69,-0.65,-0.15,0.31
2024-03-25 16:59:46.9800,-0.5,-0.29,-1.63,-0.69,-0.21,0.34
2024-03-25 16:59:46.9900,-0.3,0.19,-2.18,-0.68,-0.22,0.39
2024-03-25 16:59:47.0000,-0.03,0.41,-2.38,-0.61,-0.18,0.45
2024-03-25 16:59:47.0100,0.24,0.44,-2.36,-0.46,-0.15,0.47
2024-03-25 16:59:47.0200,0.61,0.34,-2.21,-0.28,-0.18,0.46
2024-03-25 16:59:47.0300,1.02,0.31,-2.4,-0.16,-0.28,0.42
2024-03-25 16:59:47.0400,1.34,0.33,-3.06,-0.13,-0.42,0.37
2024-03-25 16:59:47.0500,1.53,0.39,-3.83,-0.18,-0.52,0.35
2024-03-25 16:59:47.0600,1.56,0.48,-4.39,-0.26,-0.52,0.39
2024-03-25 16:59:47.0700,1.56,0.54,-4.59,-0.33,-0.38,0.43
2024-03-25 16:59:47.0800,1.57,0.53,-4.47,-0.41,-0.14,0.49
2024-03-25 16:59:47.0900,1.44,0.45,-4.03,-0.46,0.09,0.51
2024-03-25 16:59:47.1000,1.58,0.31,-3.25,-0.5,0.22,0.45
2024-03-25 16:59:47.1100,1.74,0.03,-2.34,-0.51,0.23,0.31
2024-03-25 16:59:47.1200,1.88,-0.24,-1.31,-0.48,0.17,0.12
2024-03-25 16:59:47.1300,1.8,-0.33,-0.18,-0.4,0.08,-0.06
2024-03-25 16:59:47.1400,1.61,-0.17,0.73,-0.31,0.0,-0.22
2024-03-25 16:59:47.1500,1.37,0.1,1.29,-0.22,-0.04,-0.35
2024-03-25 16:59:47.1600,1.0,0.46,1.61,-0.17,-0.03,-0.43
2024-03-25 16:59:47.1700,0.57,0.9,1.7,-0.17,0.04,-0.47
2024-03-25 16:59:47.1800,0.12,1.36,1.91,-0.17,0.13,-0.47
2024-03-25 16:59:47.1900,-0.33,1.76,2.3,-0.2,0.22,-0.44
2024-03-25 16:59:47.2000,-0.79,2.06,2.69,-0.18,0.27,-0.38
2024-03-25 16:59:47.2100,-1.25,2.11,3.63,-0.06,0.23,-0.32
2024-03-25 16:59:47.2200,-1.48,2.12,4.83,0.14,0.08,-0.3
2024-03-25 16:59:47.2300,-1.54,2.06,5.44,0.31,-0.17,-0.32
2024-03-25 16:59:47.2400,-1.4,2.06,5.31,0.4,-0.46,-0.36
2024-03-25 16:59:47.2500,-1.2,2.21,4.49,0.45,-0.65,-0.4
2024-03-25 16:59:47.2600,-0.94,2.42,3.72,0.44,-0.7,-0.41
2024-03-25 16:59:47.2700,-0.7,2.74,2.96,0.42,-0.63,-0.36
2024-03-25 16:59:47.2800,-0.6,2.89,2.54,0.38,-0.44,-0.19
2024-03-25 16:59:47.2900,-0.79,2.41,2.45,0.33,-0.15,0.08
2024-03-25 16:59:47.3000,-0.85,1.22,2.74,0.36,0.1,0.28
2024-03-25 16:59:47.3100,-0.53,-0.34,3.54,0.42,0.15,0.39
2024-03-25 16:59:47.3200,-0.1,-1.68,3.96,0.46,0.02,0.33
2024-03-25 16:59:47.3300,0.59,-2.78,3.74,0.45,-0.22,0.17
2024-03-25 16:59:47.3400,1.15,-3.4,3.28,0.43,-0.41,-0.0
2024-03-25 16:59:47.3500,1.44,-3.53,2.8,0.43,-0.47,-0.1
2024-03-25 16:59:47.3600,1.29,-3.45,2.25,0.46,-0.4,-0.11
2024-03-25 16:59:47.3700,1.07,-3.27,1.51,0.48,-0.27,-0.07
2024-03-25 16:59:47.3800,0.94,-3.11,0.68,0.43,-0.12,-0.05
2024-03-25 16:59:47.3900,1.0,-2.91,-0.38,0.26,0.0,-0.03
2024-03-25 16:59:47.4000,0.92,-2.84,-1.48,0.06,0.07,-0.02
2024-03-25 16:59:47.4100,0.79,-2.8,-1.99,-0.08,0.15,-0.03
2024-03-25 16:59:47.4200,0.86,-2.82,-1.88,-0.13,0.18,-0.12
2024-03-25 16:59:47.4300,1.11,-2.67,-1.78,-0.15,0.16,-0.26
2024-03-25 16:59:47.4400,1.31,-2.21,-1.97,-0.15,0.12,-0.39
2024-03-25 16:59:47.4500,1.24,-1.65,-2.27,-0.15,0.1,-0.5
2024-03-25 16:59:47.4600,1.11,-1.15,-2.63,-0.13,0.12,-0.56
2024-03-25 16:59:47.4700,0.87,-0.75,-2.88,-0.09,0.15,-0.57
2024-03-25 16:59:47.4800,0.57,-0.31,-3.03,-0.04,0.18,-0.57
2024-03-25 16:59:47.4900,0.39,0.02,-3.34,0.0,0.2,-0.54
2024-03-25 16:59:47.5000,0.23,0.36,-3.6,0.03,0.18,-0.5
2024-03-25 16:59:47.5100,0.15,0.69,-3.93,0.03,0.13,-0.47
2024-03-25 16:59:47.5200,0.14,1.0,-4.35,0.0,0.08,-0.42
2024-03-25 16:59:47.5300,0.11,1.29,-4.62,-0.03,0.08,-0.34
2024-03-25 16:59:47.5400,0.04,1.46,-4.64,-0.07,0.11,-0.23
2024-03-25 16:59:47.5500,-0.11,1.49,-4.5,-0.1,0.16,-0.08
2024-03-25 16:59:47.5600,-0.23,1.36,-4.13,-0.14,0.19,0.05
2024-03-25 16:59:47.5700,-0.13,1.06,-3.61,-0.15,0.2,0.15
2024-03-25 16:59:47.5800,0.05,0.68,-2.92,-0.12,0.18,0.2
2024-03-25 16:59:47.5900,0.32,0.33,-2.16,-0.05,0.11,0.19
2024-03-25 16:59:47.6000,0.73,0.03,-1.5,-0.01,0.02,0.12
2024-03-25 16:59:47.6100,1.14,-0.09,-1.27,-0.06,-0.11,0.02
2024-03-25 16:59:47.6200,1.31,0.02,-1.39,-0.18,-0.2,-0.03
2024-03-25 16:59:47.6300,1.24,0.27,-1.35,-0.29,-0.22,-0.04
2024-03-25 16:59:47.6390,1.17,0.59,-0.81,-0.35,-0.16,-0.04
2024-03-25 16:59:47.6500,1.34,0.83,0.12,-0.31,0.0,-0.08
2024-03-25 16:59:47.6600,1.66,0.85,1.36,-0.14,0.24,-0.16
2024-03-25 16:59:47.6700,1.89,0.73,2.94,0.09,0.48,-0.27
2024-03-25 16:59:47.6800,1.93,0.53,4.17,0.26,0.63,-0.43
2024-03-25 16:59:47.6890,1.74,0.45,4.74,0.3,0.61,-0.56
2024-03-25 16:59:47.7000,1.01,0.56,5.01,0.29,0.42,-0.61
2024-03-25 16:59:47.7090,0.04,0.94,5.62,0.3,0.17,-0.58
2024-03-25 16:59:47.7200,-0.72,1.35,6.19,0.39,-0.1,-0.52
2024-03-25 16:59:47.7290,-1.05,1.38,6.5,0.62,-0.25,-0.52
2024-03-25 16:59:47.7400,-0.67,1.18,6.51,0.85,-0.32,-0.57
2024-03-25 16:59:47.7500,-0.28,1.01,5.48,1.02,-0.34,-0.63
2024-03-25 16:59:47.7600,-0.16,1.18,4.19,1.12,-0.34,-0.66
2024-03-25 16:59:47.7700,-0.36,1.68,2.89,1.1,-0.26,-0.57
2024-03-25 16:59:47.7800,-1.07,1.85,1.76,1.0,-0.1,-0.35
2024-03-25 16:59:47.7900,-1.74,1.52,1.23,0.92,0.03,-0.04
2024-03-25 16:59:47.7990,-2.16,0.64,1.46,0.91,-0.02,0.2
2024-03-25 16:59:47.8100,-2.1,-0.8,1.8,0.87,-0.27,0.32
2024-03-25 16:59:47.8190,-1.83,-2.14,1.38,0.71,-0.58,0.35
2024-03-25 16:59:47.8290,-1.54,-2.96,0.31,0.45,-0.82,0.32
2024-03-25 16:59:47.8400,-1.23,-3.44,-0.54,0.17,-0.87,0.28
2024-03-25 16:59:47.8490,-1.22,-3.81,-0.86,-0.03,-0.71,0.29
2024-03-25 16:59:47.8590,-1.37,-3.84,-0.76,-0.17,-0.43,0.34
2024-03-25 16:59:47.8690,-1.6,-3.86,-0.66,-0.3,-0.15,0.38
2024-03-25 16:59:47.8800,-1.6,-3.77,-0.73,-0.46,0.01,0.35
2024-03-25 16:59:47.8890,-1.43,-3.45,-0.97,-0.62,0.03,0.27
2024-03-25 16:59:47.8990,-1.41,-2.78,-1.13,-0.73,0.03,0.26
2024-03-25 16:59:47.9090,-1.66,-1.93,-1.1,-0.78,0.05,0.29
2024-03-25 16:59:47.9190,-1.72,-1.31,-1.1,-0.78,0.09,0.34
2024-03-25 16:59:47.9290,-1.59,-0.91,-1.2,-0.72,0.13,0.39
2024-03-25 16:59:47.9390,-1.43,-0.58,-1.33,-0.63,0.17,0.41
2024-03-25 16:59:47.9490,-1.21,-0.32,-1.66,-0.56,0.2,0.42
2024-03-25 16:59:47.9590,-1.1,-0.17,-2.18,-0.49,0.21,0.44
2024-03-25 16:59:47.9690,-1.1,-0.05,-2.56,-0.42,0.18,0.49
2024-03-25 16:59:47.9790,-1.23,-0.06,-2.78,-0.32,0.14,0.55
2024-03-25 16:59:47.9890,-1.25,-0.19,-2.81,-0.16,0.09,0.59
2024-03-25 16:59:47.9990,-1.04,-0.41,-2.69,0.01,0.01,0.58
2024-03-25 16:59:48.0090,-0.65,-0.58,-3.01,0.07,-0.07,0.52
2024-03-25 16:59:48.0190,-0.21,-0.58,-4.0,0.02,-0.1,0.48
2024-03-25 16:59:48.0300,-0.14,-0.53,-5.0,-0.11,-0.05,0.5
2024-03-25 16:59:48.0390,-0.23,-0.41,-5.43,-0.25,0.07,0.55
2024-03-25 16:59:48.0500,-0.3,-0.29,-5.29,-0.38,0.24,0.62
2024-03-25 16:59:48.0590,-0.21,-0.12,-4.75,-0.45,0.38,0.67
2024-03-25 16:59:48.0690,-0.05,-0.02,-3.7,-0.45,0.44,0.67
2024-03-25 16:59:48.0790,0.26,0.03,-2.4,-0.39,0.43,0.59
2024-03-25 16:59:48.0890,0.74,0.02,-1.29,-0.28,0.31,0.43
2024-03-25 16:59:48.0990,1.17,0.04,-0.28,-0.17,0.14,0.22
2024-03-25 16:59:48.1090,1.41,0.2,0.36,-0.1,-0.0,0.04
2024-03-25 16:59:48.1190,1.27,0.54,0.61,-0.07,-0.08,-0.05
2024-03-25 16:59:48.1290,0.89,1.01,0.8,-0.05,-0.09,-0.06
2024-03-25 16:59:48.1390,0.59,1.52,1.07,-0.05,-0.04,-0.02
2024-03-25 16:59:48.1490,0.32,1.87,1.44,-0.05,0.01,0.04
2024-03-25 16:59:48.1590,0.13,2.17,1.96,-0.05,0.04,0.08
2024-03-25 16:59:48.1690,0.12,2.25,2.54,-0.04,0.03,0.09
2024-03-25 16:59:48.1790,0.19,2.07,3.32,0.03,-0.02,0.04
2024-03-25 16:59:48.1890,0.38,1.74,4.29,0.16,-0.1,-0.07
2024-03-25 16:59:48.1990,0.73,1.41,5.17,0.31,-0.21,-0.23
2024-03-25 16:59:48.2090,0.98,1.2,5.62,0.44,-0.3,-0.4
2024-03-25 16:59:48.2190,1.04,1.16,5.59,0.53,-0.34,-0.52
2024-03-25 16:59:48.2290,0.79,1.28,5.32,0.62,-0.32,-0.61
2024-03-25 16:59:48.2390,0.56,1.41,5.25,0.74,-0.24,-0.66
2024-03-25 16:59:48.2490,0.42,1.48,5.18,0.86,-0.12,-0.65
2024-03-25 16:59:48.2590,0.03,1.35,4.93,0.93,-0.05,-0.56
2024-03-25 16:59:48.2690,-0.43,0.88,4.35,0.98,-0.05,-0.47
2024-03-25 16:59:48.2790,-0.54,0.22,3.92,1.01,-0.14,-0.41
2024-03-25 16:59:48.2890,-0.37,-0.52,3.32,0.99,-0.24,-0.4
2024-03-25 16:59:48.2990,-0.1,-1.23,2.56,0.96,-0.31,-0.41
2024-03-25 16:59:48.3090,0.1,-1.77,1.87,0.91,-0.35,-0.41
2024-03-25 16:59:48.3190,0.27,-2.06,1.28,0.85,-0.37,-0.39
2024-03-25 16:59:48.3290,0.41,-2.1,0.71,0.78,-0.38,-0.35
2024-03-25 16:59:48.3390,0.5,-2.05,-0.02,0.66,-0.38,-0.29
2024-03-25 16:59:48.3490,0.6,-1.93,-0.93,0.45,-0.35,-0.21
2024-03-25 16:59:48.3590,0.67,-1.81,-1.78,0.22,-0.26,-0.11
2024-03-25 16:59:48.3690,0.69,-1.78,-2.3,-0.02,-0.13,-0.0
2024-03-25 16:59:48.3790,0.64,-1.88,-2.5,-0.25,-0.01,0.1
2024-03-25 16:59:48.3890,0.58,-2.2,-2.52,-0.45,0.04,0.16
2024-03-25 16:59:48.3990,0.68,-2.61,-2.23,-0.58,0.01,0.13
2024-03-25 16:59:48.4090,1.07,-2.93,-1.77,-0.66,-0.05,0.02
2024-03-25 16:59:48.4190,1.44,-2.92,-1.54,-0.66,-0.1,-0.13
2024-03-25 16:59:48.4290,1.71,-2.62,-1.27,-0.58,-0.09,-0.27
2024-03-25 16:59:48.4390,1.66,-2.28,-1.06,-0.44,-0.04,-0.37
2024-03-25 16:59:48.4490,1.34,-1.82,-1.09,-0.32,-0.0,-0.43
2024-03-25 16:59:48.4590,0.93,-1.31,-1.56,-0.26,-0.02,-0.47
2024-03-25 16:59:48.4690,0.59,-0.84,-2.36,-0.24,-0.08,-0.47
2024-03-25 16:59:48.4790,0.35,-0.45,-2.98,-0.23,-0.14,-0.47
2024-03-25 16:59:48.4890,0.26,-0.15,-3.34,-0.17,-0.16,-0.46
2024-03-25 16:59:48.4990,0.26,0.08,-3.49,-0.09,-0.13,-0.45
2024-03-25 16:59:48.5090,0.25,0.27,-3.72,-0.04,-0.1,-0.42
2024-03-25 16:59:48.5190,0.21,0.4,-4.2,-0.04,-0.05,-0.37
2024-03-25 16:59:48.5290,0.13,0.48,-4.57,-0.1,0.01,-0.29
2024-03-25 16:59:48.5390,0.09,0.45,-4.64,-0.17,0.06,-0.22
2024-03-25 16:59:48.5490,0.13,0.35,-4.4,-0.22,0.08,-0.15
2024-03-25 16:59:48.5590,0.15,0.17,-3.91,-0.24,0.1,-0.11
2024-03-25 16:59:48.5690,0.22,-0.09,-3.26,-0.21,0.12,-0.11
2024-03-25 16:59:48.5800,0.44,-0.35,-2.59,-0.15,0.13,-0.17
2024-03-25 16:59:48.5890,0.74,-0.43,-1.99,-0.14,0.13,-0.26
2024-03-25 16:59:48.5990,0.95,-0.24,-1.68,-0.21,0.13,-0.32
2024-03-25 16:59:48.6090,1.01,0.19,-1.5,-0.3,0.15,-0.33
2024-03-25 16:59:48.6190,0.89,0.76,-0.85,-0.35,0.23,-0.28
2024-03-25 16:59:48.6290,0.73,1.26,0.11,-0.36,0.36,-0.22
2024-03-25 16:59:48.6390,0.73,1.63,0.8,-0.36,0.51,-0.13
2024-03-25 16:59:48.6490,0.68,1.81,1.49,-0.34,0.61,-0.08
2024-03-25 16:59:48.6590,0.73,1.81,2.45,-0.3,0.64,-0.07
2024-03-25 16:59:48.6690,0.8,1.58,3.51,-0.19,0.57,-0.14
2024-03-25 16:59:48.6790,0.94,1.36,4.76,-0.02,0.43,-0.26
2024-03-25 16:59:48.6890,1.02,1.12,5.69,0.18,0.27,-0.39
2024-03-25 16:59:48.6990,0.98,1.03,6.19,0.37,0.15,-0.49
2024-03-25 16:59:48.7090,0.72,1.04,6.1,0.53,0.07,-0.56
2024-03-25 16:59:48.7190,0.51,1.22,5.56,0.63,0.01,-0.61
2024-03-25 16:59:48.7290,0.36,1.58,4.73,0.63,-0.05,-0.56
2024-03-25 16:59:48.7390,-0.22,1.93,3.73,0.53,-0.1,-0.41
2024-03-25 16:59:48.7490,-0.87,1.88,2.88,0.43,-0.09,-0.17
2024-03-25 16:59:48.7590,-1.07,1.42,2.69,0.46,-0.08,0.02
2024-03-25 16:59:48.7690,-0.56,0.48,2.99,0.58,-0.09,0.06
2024-03-25 16:59:48.7790,0.3,-0.85,2.8,0.65,-0.16,0.03
2024-03-25 16:59:48.7890,0.66,-2.12,2.05,0.69,-0.27,-0.02
2024-03-25 16:59:48.7990,0.74,-2.94,1.5,0.62,-0.34,-0.1
2024-03-25 16:59:48.8090,0.87,-3.54,0.63,0.47,-0.33,-0.15
2024-03-25 16:59:48.8190,0.73,-3.96,0.0,0.31,-0.28,-0.18
2024-03-25 16:59:48.8290,0.41,-4.21,-0.21,0.15,-0.23,-0.18
2024-03-25 16:59:48.8390,0.03,-4.42,-0.4,-0.05,-0.17,-0.2
2024-03-25 16:59:48.8490,-0.25,-4.49,-0.79,-0.3,-0.1,-0.21
2024-03-25 16:59:48.8590,-0.6,-4.47,-1.17,-0.57,-0.06,-0.22
2024-03-25 16:59:48.8690,-0.99,-4.36,-1.05,-0.76,-0.05,-0.26
2024-03-25 16:59:48.8790,-1.03,-3.99,-0.47,-0.82,-0.08,-0.37
2024-03-25 16:59:48.8890,-0.88,-3.25,0.2,-0.77,-0.11,-0.46
2024-03-25 16:59:48.8990,-0.83,-2.29,0.42,-0.68,-0.12,-0.51
2024-03-25 16:59:48.9090,-0.8,-1.34,0.19,-0.56,-0.12,-0.52
2024-03-25 16:59:48.9190,-0.82,-0.56,-0.25,-0.45,-0.11,-0.5
2024-03-25 16:59:48.9290,-0.85,0.1,-0.78,-0.34,-0.1,-0.44
2024-03-25 16:59:48.9390,-0.89,0.64,-1.42,-0.28,-0.09,-0.36
2024-03-25 16:59:48.9490,-0.87,1.04,-2.08,-0.23,-0.1,-0.26
2024-03-25 16:59:48.9590,-0.93,1.28,-2.61,-0.2,-0.11,-0.15
2024-03-25 16:59:48.9690,-0.98,1.33,-3.02,-0.18,-0.11,-0.03
2024-03-25 16:59:48.9790,-0.98,1.14,-3.21,-0.14,-0.1,0.08
2024-03-25 16:59:48.9890,-0.89,0.75,-3.27,-0.13,-0.11,0.15
2024-03-25 16:59:48.9990,-0.74,0.27,-3.48,-0.18,-0.13,0.18
2024-03-25 16:59:49.0090,-0.55,-0.19,-3.64,-0.21,-0.14,0.2
2024-03-25 16:59:49.0190,-0.5,-0.51,-3.33,-0.21,-0.13,0.21
2024-03-25 16:59:49.0290,-0.37,-0.69,-3.04,-0.23,-0.08,0.19
2024-03-25 16:59:49.0390,-0.22,-0.93,-2.93,-0.25,0.0,0.16
2024-03-25 16:59:49.0490,-0.12,-1.05,-2.67,-0.25,0.1,0.1
2024-03-25 16:59:49.0590,-0.13,-1.17,-2.3,-0.22,0.15,0.02
2024-03-25 16:59:49.0690,-0.13,-1.25,-1.58,-0.15,0.1,-0.1
2024-03-25 16:59:49.0790,-0.12,-1.09,-0.97,-0.08,-0.01,-0.2
2024-03-25 16:59:49.0890,-0.3,-0.75,-0.66,-0.04,-0.12,-0.26
2024-03-25 16:59:49.0990,-0.53,-0.3,-0.61,-0.03,-0.17,-0.26
2024-03-25 16:59:49.1090,-0.69,0.14,-0.73,-0.03,-0.14,-0.23
2024-03-25 16:59:49.1190,-0.82,0.52,-0.76,-0.03,-0.08,-0.17
2024-03-25 16:59:49.1290,-0.96,0.85,-0.64,-0.02,-0.03,-0.11
2024-03-25 16:59:49.1390,-1.01,1.07,-0.43,-0.04,0.01,-0.06
2024-03-25 16:59:49.1490,-0.97,1.2,-0.23,-0.09,-0.0,-0.03
2024-03-25 16:59:49.1590,-0.96,1.18,0.21,-0.12,-0.06,-0.05
2024-03-25 16:59:49.1690,-0.84,1.15,1.07,-0.14,-0.07,-0.06
2024-03-25 16:59:49.1790,-0.9,1.08,1.9,-0.13,-0.07,-0.06
2024-03-25 16:59:49.1890,-1.06,1.13,2.75,-0.1,-0.08,-0.05
2024-03-25 16:59:49.1990,-1.22,1.23,3.41,-0.09,-0.1,-0.01
2024-03-25 16:59:49.2090,-1.32,1.27,3.78,-0.1,-0.14,-0.01
2024-03-25 16:59:49.2190,-1.26,1.25,3.99,-0.11,-0.19,-0.04
2024-03-25 16:59:49.2290,-1.08,1.13,4.28,-0.02,-0.22,-0.12
2024-03-25 16:59:49.2390,-0.81,1.06,4.91,0.15,-0.23,-0.24
2024-03-25 16:59:49.2490,-0.59,1.13,5.27,0.31,-0.2,-0.36
2024-03-25 16:59:49.2590,-0.44,1.4,5.04,0.41,-0.16,-0.47
2024-03-25 16:59:49.2690,-0.31,1.78,4.55,0.46,-0.08,-0.51
2024-03-25 16:59:49.2790,-0.45,2.14,4.15,0.48,0.02,-0.43
2024-03-25 16:59:49.2890,-0.93,2.11,4.09,0.6,0.06,-0.27
2024-03-25 16:59:49.2990,-1.28,1.47,4.45,0.78,0.05,-0.13
2024-03-25 16:59:49.3090,-1.0,0.36,4.36,0.89,-0.16,-0.1
2024-03-25 16:59:49.3190,-0.22,-0.55,2.99,0.86,-0.39,-0.16
2024-03-25 16:59:49.3290,0.43,-1.32,1.35,0.79,-0.49,-0.21
2024-03-25 16:59:49.3390,0.79,-1.68,0.15,0.74,-0.44,-0.21
2024-03-25 16:59:49.3490,0.87,-1.84,-0.46,0.72,-0.29,-0.17
2024-03-25 16:59:49.3590,0.85,-1.93,-0.87,0.69,-0.15,-0.1
2024-03-25 16:59:49.3690,0.78,-2.02,-1.41,0.63,-0.05,-0.05
2024-03-25 16:59:49.3790,0.69,-2.11,-1.98,0.51,0.03,0.0
2024-03-25 16:59:49.3890,0.59,-2.12,-2.49,0.34,0.09,0.07
2024-03-25 16:59:49.3990,0.33,-2.11,-2.84,0.14,0.13,0.16
2024-03-25 16:59:49.4090,-0.13,-2.06,-2.96,-0.08,0.15,0.3
2024-03-25 16:59:49.4190,-0.62,-2.11,-2.81,-0.28,0.12,0.45
2024-03-25 16:59:49.4290,-0.84,-2.35,-2.4,-0.46,0.05,0.55
2024-03-25 16:59:49.4390,-0.65,-2.69,-1.99,-0.59,-0.02,0.56
2024-03-25 16:59:49.4490,-0.16,-2.97,-1.62,-0.61,-0.07,0.47
2024-03-25 16:59:49.4590,0.4,-3.03,-1.11,-0.52,-0.08,0.33
2024-03-25 16:59:49.4680,0.83,-2.79,-0.74,-0.4,-0.02,0.17
2024-03-25 16:59:49.4780,0.99,-2.52,-0.79,-0.26,0.07,0.03
2024-03-25 16:59:49.4880,0.79,-2.08,-1.11,-0.18,0.13,-0.05
2024-03-25 16:59:49.4980,0.35,-1.56,-1.74,-0.16,0.14,-0.08
2024-03-25 16:59:49.5080,-0.04,-1.04,-2.39,-0.18,0.13,-0.08
2024-03-25 16:59:49.5180,-0.28,-0.59,-2.86,-0.2,0.11,-0.05
2024-03-25 16:59:49.5290,-0.4,-0.24,-3.12,-0.22,0.1,-0.0
2024-03-25 16:59:49.5390,-0.44,0.06,-3.24,-0.23,0.1,0.07
2024-03-25 16:59:49.5480,-0.45,0.35,-3.33,-0.26,0.11,0.13
2024-03-25 16:59:49.5590,-0.33,0.59,-3.42,-0.29,0.13,0.21
2024-03-25 16:59:49.5680,-0.18,0.76,-3.33,-0.32,0.17,0.3
2024-03-25 16:59:49.5790,-0.15,0.83,-2.99,-0.32,0.18,0.38
2024-03-25 16:59:49.5880,-0.05,0.7,-2.4,-0.29,0.13,0.44
2024-03-25 16:59:49.5980,0.12,0.54,-1.83,-0.27,0.01,0.49
2024-03-25 16:59:49.6090,0.24,0.43,-1.47,-0.27,-0.16,0.51
2024-03-25 16:59:49.6180,0.55,0.42,-1.4,-0.32,-0.35,0.51
2024-03-25 16:59:49.6290,0.88,0.49,-1.43,-0.38,-0.47,0.5
2024-03-25 16:59:49.6380,1.23,0.5,-1.3,-0.38,-0.45,0.5
2024-03-25 16:59:49.6480,1.48,0.46,-0.89,-0.33,-0.33,0.48
2024-03-25 16:59:49.6580,1.71,0.34,-0.45,-0.24,-0.17,0.43
2024-03-25 16:59:49.6690,1.88,0.25,-0.19,-0.17,-0.07,0.35
2024-03-25 16:59:49.6780,1.85,0.22,0.02,-0.14,-0.05,0.24
2024-03-25 16:59:49.6880,1.74,0.33,0.07,-0.2,-0.05,0.15
2024-03-25 16:59:49.6980,1.48,0.5,0.08,-0.27,-0.03,0.08
2024-03-25 16:59:49.7080,1.27,0.75,0.59,-0.33,0.06,0.01
2024-03-25 16:59:49.7180,1.16,0.95,1.33,-0.35,0.2,-0.06
2024-03-25 16:59:49.7280,1.02,1.06,2.26,-0.31,0.4,-0.12
2024-03-25 16:59:49.7390,0.76,1.11,3.37,-0.18,0.6,-0.19
2024-03-25 16:59:49.7480,0.38,1.12,4.67,0.04,0.71,-0.27
2024-03-25 16:59:49.7590,-0.12,1.18,5.7,0.25,0.7,-0.32
2024-03-25 16:59:49.7690,-0.78,1.32,6.03,0.4,0.61,-0.32
2024-03-25 16:59:49.7780,-1.41,1.47,5.77,0.52,0.48,-0.27
2024-03-25 16:59:49.7880,-1.81,1.66,5.38,0.67,0.41,-0.21
2024-03-25 16:59:49.7980,-1.75,1.71,4.99,0.79,0.4,-0.17
2024-03-25 16:59:49.8080,-1.58,1.84,4.13,0.77,0.46,-0.06
2024-03-25 16:59:49.8180,-1.91,1.88,2.93,0.61,0.58,0.17
2024-03-25 16:59:49.8280,-2.63,1.33,2.09,0.45,0.66,0.45
2024-03-25 16:59:49.8380,-2.84,0.17,2.19,0.43,0.63,0.62
2024-03-25 16:59:49.8480,-2.08,-1.18,2.78,0.47,0.53,0.63
2024-03-25 16:59:49.8580,-1.1,-2.5,2.7,0.51,0.37,0.56
2024-03-25 16:59:49.8680,-0.52,-3.29,2.23,0.48,0.28,0.44
2024-03-25 16:59:49.8780,0.03,-3.77,1.44,0.42,0.25,0.33
2024-03-25 16:59:49.8880,0.1,-3.82,1.0,0.37,0.3,0.3
2024-03-25 16:59:49.8980,-0.26,-3.66,0.85,0.32,0.37,0.31
2024-03-25 16:59:49.9080,-0.64,-3.39,0.57,0.22,0.38,0.33
2024-03-25 16:59:49.9180,-0.89,-3.01,-0.07,0.05,0.33,0.36
2024-03-25 16:59:49.9280,-1.1,-2.43,-0.59,-0.1,0.27,0.41
2024-03-25 16:59:49.9380,-1.21,-1.95,-0.68,-0.18,0.25,0.49
2024-03-25 16:59:49.9480,-1.25,-1.7,-0.61,-0.24,0.23,0.56
2024-03-25 16:59:49.9580,-1.2,-1.54,-0.76,-0.26,0.18,0.62
2024-03-25 16:59:49.9680,-1.01,-1.4,-1.02,-0.27,0.11,0.66
2024-03-25 16:59:49.9780,-0.8,-1.34,-1.36,-0.24,0.04,0.68
2024-03-25 16:59:49.9880,-0.61,-1.31,-1.63,-0.18,0.0,0.69
2024-03-25 16:59:49.9980,-0.39,-1.28,-2.0,-0.14,-0.0,0.68
2024-03-25 16:59:50.0080,-0.19,-1.29,-2.67,-0.11,-0.0,0.66
2024-03-25 16:59:50.0180,-0.06,-1.27,-3.29,-0.08,0.02,0.65
2024-03-25 16:59:50.0280,-0.03,-1.27,-3.8,-0.05,0.04,0.65
2024-03-25 16:59:50.0380,-0.04,-1.2,-4.23,-0.04,0.07,0.66
2024-03-25 16:59:50.0480,-0.08,-1.06,-4.81,-0.06,0.09,0.68
2024-03-25 16:59:50.0580,-0.16,-0.87,-5.37,-0.12,0.09,0.72
2024-03-25 16:59:50.0680,-0.26,-0.61,-5.88,-0.26,0.09,0.78
2024-03-25 16:59:50.0780,-0.28,-0.38,-6.31,-0.41,0.07,0.83
2024-03-25 16:59:50.0880,-0.18,-0.24,-6.12,-0.51,0.06,0.86
2024-03-25 16:59:50.0980,0.11,-0.13,-5.6,-0.58,0.09,0.87
2024-03-25 16:59:50.1080,0.42,-0.08,-5.02,-0.64,0.15,0.85
2024-03-25 16:59:50.1180,0.75,0.09,-4.46,-0.73,0.22,0.83
2024-03-25 16:59:50.1290,0.95,0.15,-3.9,-0.81,0.28,0.8
2024-03-25 16:59:50.1380,1.08,0.27,-2.96,-0.86,0.32,0.77
2024-03-25 16:59:50.1480,1.12,0.37,-1.85,-0.87,0.35,0.74
2024-03-25 16:59:50.1580,1.13,0.48,-0.66,-0.81,0.36,0.71
2024-03-25 16:59:50.1680,1.19,0.5,0.58,-0.7,0.33,0.65
2024-03-25 16:59:50.1780,1.41,0.52,1.59,-0.6,0.26,0.53
2024-03-25 16:59:50.1880,1.75,0.61,2.19,-0.55,0.18,0.4
2024-03-25 16:59:50.1980,1.89,0.76,2.54,-0.52,0.08,0.26
2024-03-25 16:59:50.2080,1.85,0.94,3.03,-0.47,0.01,0.14
2024-03-25 16:59:50.2180,1.68,1.09,3.65,-0.41,-0.03,0.05
2024-03-25 16:59:50.2280,1.45,1.23,4.27,-0.33,-0.03,-0.01
2024-03-25 16:59:50.2380,1.12,1.39,4.78,-0.25,-0.05,-0.05
2024-03-25 16:59:50.2480,0.84,1.54,5.22,-0.17,-0.11,-0.1
2024-03-25 16:59:50.2580,0.78,1.6,5.46,-0.1,-0.23,-0.18
2024-03-25 16:59:50.2680,0.81,1.67,5.6,-0.04,-0.36,-0.3
2024-03-25 16:59:50.2780,0.89,1.74,5.68,0.06,-0.44,-0.45
2024-03-25 16:59:50.2880,0.97,1.84,5.84,0.2,-0.45,-0.59
2024-03-25 16:59:50.2980,0.86,1.96,5.83,0.38,-0.44,-0.74
2024-03-25 16:59:50.3080,0.72,2.19,5.59,0.52,-0.43,-0.89
2024-03-25 16:59:50.3180,0.48,2.34,4.91,0.68,-0.44,-1.03
2024-03-25 16:59:50.3280,0.13,2.62,4.37,0.84,-0.47,-1.13
2024-03-25 16:59:50.3380,-0.16,2.93,3.78,0.97,-0.48,-1.17
2024-03-25 16:59:50.3480,-0.23,3.61,3.05,1.02,-0.43,-1.1
2024-03-25 16:59:50.3580,-0.63,3.98,2.09,0.98,-0.27,-0.86
2024-03-25 16:59:50.3680,-1.15,3.59,1.57,0.97,-0.05,-0.56
2024-03-25 16:59:50.3780,-0.95,2.68,1.86,1.03,0.06,-0.37
2024-03-25 16:59:50.3880,-0.27,1.34,2.34,1.1,0.07,-0.29
2024-03-25 16:59:50.3980,0.13,-0.18,2.44,1.16,0.01,-0.22
2024-03-25 16:59:50.4080,0.16,-1.23,2.29,1.14,-0.09,-0.19
2024-03-25 16:59:50.4180,0.29,-2.11,1.58,1.05,-0.2,-0.19
2024-03-25 16:59:50.4280,0.45,-2.58,0.89,0.94,-0.32,-0.18
2024-03-25 16:59:50.4380,0.28,-2.85,0.46,0.87,-0.4,-0.1
2024-03-25 16:59:50.4480,-0.12,-3.06,0.12,0.81,-0.39,0.01
2024-03-25 16:59:50.4580,-0.32,-3.41,-0.4,0.75,-0.32,0.1
2024-03-25 16:59:50.4680,-0.2,-3.81,-1.14,0.66,-0.23,0.14
2024-03-25 16:59:50.4780,-0.01,-4.24,-1.89,0.55,-0.16,0.13
2024-03-25 16:59:50.4880,0.0,-4.62,-2.53,0.43,-0.12,0.09
2024-03-25 16:59:50.4980,0.12,-4.93,-3.09,0.3,-0.15,-0.03
2024-03-25 16:59:50.5080,0.39,-5.24,-3.66,0.19,-0.22,-0.2
2024-03-25 16:59:50.5180,0.79,-5.23,-4.12,0.1,-0.29,-0.41
2024-03-25 16:59:50.5280,1.1,-4.83,-4.68,-0.02,-0.35,-0.6
2024-03-25 16:59:50.5380,1.28,-4.15,-5.46,-0.13,-0.31,-0.73
2024-03-25 16:59:50.5480,1.11,-3.42,-5.96,-0.2,-0.2,-0.78
2024-03-25 16:59:50.5580,0.78,-2.65,-6.03,-0.27,-0.02,-0.75
2024-03-25 16:59:50.5680,0.28,-1.95,-6.19,-0.38,0.2,-0.64
2024-03-25 16:59:50.5780,-0.17,-1.27,-6.42,-0.56,0.36,-0.51
2024-03-25 16:59:50.5880,-0.44,-0.73,-6.55,-0.76,0.4,-0.39
2024-03-25 16:59:50.5980,-0.56,-0.4,-6.25,-0.94,0.33,-0.29
2024-03-25 16:59:50.6080,-0.59,-0.16,-5.56,-1.07,0.24,-0.2
2024-03-25 16:59:50.6180,-0.61,-0.1,-4.65,-1.12,0.18,-0.12
2024-03-25 16:59:50.6280,-0.52,-0.02,-3.61,-1.12,0.12,-0.04
2024-03-25 16:59:50.6380,-0.47,0.01,-2.8,-1.13,0.1,0.04
2024-03-25 16:59:50.6480,-0.45,0.11,-2.07,-1.13,0.13,0.13
2024-03-25 16:59:50.6580,-0.24,0.12,-1.2,-1.06,0.18,0.17
2024-03-25 16:59:50.6680,0.21,0.13,-0.09,-0.94,0.21,0.16
2024-03-25 16:59:50.6780,0.63,0.16,0.8,-0.83,0.18,0.13
2024-03-25 16:59:50.6880,0.86,0.26,1.29,-0.75,0.11,0.09
2024-03-25 16:59:50.6980,0.93,0.43,1.65,-0.68,-0.03,0.07
2024-03-25 16:59:50.7080,0.82,0.62,1.92,-0.64,-0.18,0.06
2024-03-25 16:59:50.7180,0.71,0.81,2.09,-0.61,-0.31,0.05
2024-03-25 16:59:50.7280,0.78,0.9,2.23,-0.54,-0.39,0.01
2024-03-25 16:59:50.7380,1.01,1.08,2.43,-0.44,-0.37,-0.02
2024-03-25 16:59:50.7480,1.23,1.21,2.47,-0.31,-0.29,-0.1
2024-03-25 16:59:50.7580,1.63,1.43,2.34,-0.23,-0.15,-0.22
2024-03-25 16:59:50.7680,1.95,1.55,2.03,-0.16,0.06,-0.35
2024-03-25 16:59:50.7780,2.1,1.8,2.05,-0.11,0.32,-0.44
2024-03-25 16:59:50.7880,1.8,1.97,2.22,-0.06,0.56,-0.46
2024-03-25 16:59:50.7980,1.04,2.09,2.83,-0.02,0.72,-0.41
2024-03-25 16:59:50.8080,0.3,2.09,3.58,0.02,0.77,-0.35
2024-03-25 16:59:50.8180,-0.16,2.0,4.23,0.07,0.69,-0.31
2024-03-25 16:59:50.8280,-0.53,1.8,4.82,0.16,0.55,-0.28
2024-03-25 16:59:50.8380,-0.67,1.58,5.3,0.31,0.38,-0.28
2024-03-25 16:59:50.8480,-0.63,1.32,5.7,0.49,0.25,-0.31
2024-03-25 16:59:50.8580,-0.57,1.18,5.62,0.65,0.21,-0.32
2024-03-25 16:59:50.8680,-0.65,1.11,4.96,0.8,0.21,-0.33
2024-03-25 16:59:50.8780,-0.78,1.19,4.23,0.94,0.22,-0.33
2024-03-25 16:59:50.8880,-0.93,1.39,3.48,0.97,0.24,-0.31
2024-03-25 16:59:50.8980,-1.34,1.46,2.27,0.84,0.34,-0.15
2024-03-25 16:59:50.9080,-2.25,1.17,1.23,0.69,0.42,0.12
2024-03-25 16:59:50.9180,-2.88,0.5,1.37,0.68,0.37,0.35
2024-03-25 16:59:50.9280,-2.68,-0.55,2.3,0.72,0.23,0.42
2024-03-25 16:59:50.9380,-1.8,-1.83,2.34,0.71,0.1,0.39
2024-03-25 16:59:50.9480,-1.04,-2.8,1.64,0.65,0.04,0.29
2024-03-25 16:59:50.9580,-0.44,-3.26,1.09,0.56,0.07,0.18
2024-03-25 16:59:50.9680,-0.2,-3.58,0.71,0.46,0.15,0.11
2024-03-25 16:59:50.9780,-0.43,-3.6,0.69,0.39,0.21,0.11
2024-03-25 16:59:50.9880,-0.95,-3.49,0.9,0.34,0.17,0.13
2024-03-25 16:59:50.9980,-1.19,-3.19,0.92,0.26,0.05,0.13
2024-03-25 16:59:51.0080,-1.07,-2.8,0.48,0.16,-0.07,0.11
2024-03-25 16:59:51.0180,-0.89,-2.42,-0.17,0.05,-0.15,0.11
2024-03-25 16:59:51.0280,-0.83,-2.14,-0.68,-0.0,-0.16,0.14
2024-03-25 16:59:51.0380,-0.74,-1.9,-0.97,-0.01,-0.13,0.17
2024-03-25 16:59:51.0480,-0.62,-1.75,-1.31,0.02,-0.1,0.21
2024-03-25 16:59:51.0580,-0.45,-1.62,-1.78,0.05,-0.08,0.22
2024-03-25 16:59:51.0680,-0.2,-1.56,-2.44,0.07,-0.07,0.21
2024-03-25 16:59:51.0780,0.03,-1.52,-3.14,0.09,-0.06,0.2
2024-03-25 16:59:51.0880,0.05,-1.45,-3.7,0.11,-0.06,0.21
2024-03-25 16:59:51.0980,-0.05,-1.34,-4.2,0.13,-0.05,0.25
2024-03-25 16:59:51.1080,-0.23,-1.25,-4.65,0.13,-0.05,0.31
2024-03-25 16:59:51.1180,-0.37,-1.14,-5.18,0.09,-0.07,0.41
2024-03-25 16:59:51.1280,-0.52,-0.95,-5.75,-0.01,-0.09,0.5
2024-03-25 16:59:51.1380,-0.32,-0.76,-6.34,-0.17,-0.14,0.54
2024-03-25 16:59:51.1480,0.01,-0.64,-6.8,-0.35,-0.17,0.57
2024-03-25 16:59:51.1580,0.24,-0.45,-6.91,-0.52,-0.14,0.59
2024-03-25 16:59:51.1680,0.45,-0.26,-6.66,-0.64,-0.04,0.6
2024-03-25 16:59:51.1780,0.67,-0.11,-5.98,-0.74,0.07,0.58
2024-03-25 16:59:51.1880,0.85,-0.06,-5.25,-0.82,0.17,0.57
2024-03-25 16:59:51.1980,0.77,-0.06,-4.42,-0.87,0.24,0.58
2024-03-25 16:59:51.2080,0.64,0.11,-3.32,-0.91,0.3,0.58
2024-03-25 16:59:51.2180,0.65,0.24,-2.39,-0.96,0.34,0.56
2024-03-25 16:59:51.2280,0.84,0.38,-1.44,-1.0,0.32,0.5
2024-03-25 16:59:51.2380,1.05,0.45,-0.27,-0.96,0.3,0.42
2024-03-25 16:59:51.2480,1.18,0.45,1.29,-0.8,0.27,0.3
2024-03-25 16:59:51.2580,1.25,0.44,2.97,-0.56,0.21,0.16
2024-03-25 16:59:51.2680,1.3,0.49,4.15,-0.34,0.12,0.01
2024-03-25 16:59:51.2770,1.13,0.67,4.62,-0.19,0.02,-0.11
2024-03-25 16:59:51.2880,0.66,0.85,4.74,-0.09,-0.08,-0.17
2024-03-25 16:59:51.2980,0.21,1.23,4.91,-0.02,-0.17,-0.2
2024-03-25 16:59:51.3080,-0.15,1.54,5.07,0.05,-0.25,-0.21
2024-03-25 16:59:51.3170,-0.33,1.77,5.21,0.14,-0.33,-0.25
2024-03-25 16:59:51.3280,-0.34,1.92,5.31,0.27,-0.42,-0.27
2024-03-25 16:59:51.3380,-0.45,2.04,5.31,0.41,-0.47,-0.31
2024-03-25 16:59:51.3480,-0.46,2.16,4.97,0.53,-0.49,-0.37
2024-03-25 16:59:51.3570,-0.3,2.2,4.39,0.64,-0.5,-0.47
2024-03-25 16:59:51.3680,-0.08,2.22,3.86,0.76,-0.5,-0.58
2024-03-25 16:59:51.3770,-0.12,2.26,3.44,0.88,-0.48,-0.66
2024-03-25 16:59:51.3870,-0.35,2.41,3.03,0.97,-0.44,-0.71
2024-03-25 16:59:51.3980,-0.41,2.74,2.46,0.99,-0.38,-0.68
2024-03-25 16:59:51.4070,-0.67,3.01,1.7,0.92,-0.28,-0.51
2024-03-25 16:59:51.4170,-1.16,2.81,1.0,0.8,-0.14,-0.25
2024-03-25 16:59:51.4270,-1.23,2.03,0.76,0.67,-0.02,-0.03
2024-03-25 16:59:51.4370,-0.82,0.89,0.86,0.57,0.05,0.15
2024-03-25 16:59:51.4470,-0.53,-0.48,1.28,0.55,0.09,0.26
2024-03-25 16:59:51.4570,-0.17,-1.65,1.73,0.5,0.09,0.25
2024-03-25 16:59:51.4680,0.46,-2.64,1.65,0.46,0.04,0.14
2024-03-25 16:59:51.4770,1.02,-3.24,1.57,0.45,-0.02,0.01
2024-03-25 16:59:51.4870,1.02,-3.56,1.56,0.45,-0.06,-0.04
2024-03-25 16:59:51.4970,0.53,-3.64,1.22,0.41,-0.04,-0.02
2024-03-25 16:59:51.5070,0.06,-3.56,0.39,0.28,0.05,0.06
2024-03-25 16:59:51.5170,-0.18,-3.48,-0.67,0.1,0.16,0.16
2024-03-25 16:59:51.5270,-0.33,-3.52,-1.39,-0.1,0.23,0.25
2024-03-25 16:59:51.5370,-0.39,-3.66,-1.74,-0.28,0.21,0.3
2024-03-25 16:59:51.5470,-0.25,-3.84,-1.91,-0.41,0.1,0.27
2024-03-25 16:59:51.5570,0.23,-3.94,-2.08,-0.5,-0.06,0.12
2024-03-25 16:59:51.5670,0.94,-3.7,-2.39,-0.55,-0.18,-0.06
2024-03-25 16:59:51.5780,1.32,-3.15,-2.76,-0.57,-0.21,-0.21
2024-03-25 16:59:51.5870,1.35,-2.54,-3.13,-0.54,-0.14,-0.32
2024-03-25 16:59:51.5980,1.25,-1.98,-3.34,-0.48,-0.0,-0.38
2024-03-25 16:59:51.6070,1.03,-1.43,-3.56,-0.44,0.17,-0.35
2024-03-25 16:59:51.6170,0.63,-0.82,-3.8,-0.43,0.28,-0.3
2024-03-25 16:59:51.6270,0.5,-0.28,-4.02,-0.44,0.33,-0.27
2024-03-25 16:59:51.6370,0.57,0.06,-4.21,-0.46,0.32,-0.26
2024-03-25 16:59:51.6470,0.65,0.29,-4.22,-0.45,0.28,-0.26
2024-03-25 16:59:51.6570,0.69,0.44,-4.0,-0.42,0.24,-0.25
2024-03-25 16:59:51.6670,0.6,0.62,-3.76,-0.41,0.22,-0.2
2024-03-25 16:59:51.6770,0.49,0.79,-3.6,-0.42,0.18,-0.13
2024-03-25 16:59:51.6870,0.4,0.92,-3.42,-0.46,0.16,-0.03
2024-03-25 16:59:51.6970,0.33,1.01,-3.1,-0.48,0.14,0.09
2024-03-25 16:59:51.7070,0.43,0.96,-2.43,-0.47,0.12,0.18
2024-03-25 16:59:51.7170,0.69,0.78,-1.8,-0.47,0.09,0.22
2024-03-25 16:59:51.7270,0.94,0.47,-1.37,-0.45,0.05,0.25
2024-03-25 16:59:51.7370,1.17,0.23,-0.85,-0.44,-0.01,0.23
2024-03-25 16:59:51.7470,1.38,0.04,-0.39,-0.43,-0.11,0.16
2024-03-25 16:59:51.7570,1.68,-0.1,-0.02,-0.41,-0.2,0.05
2024-03-25 16:59:51.7670,1.98,-0.12,0.46,-0.38,-0.26,-0.07
2024-03-25 16:59:51.7770,2.16,-0.01,0.84,-0.34,-0.24,-0.18
2024-03-25 16:59:51.7870,2.19,0.28,1.06,-0.32,-0.11,-0.25
2024-03-25 16:59:51.7970,1.97,0.66,1.18,-0.32,0.11,-0.25
2024-03-25 16:59:51.8070,1.59,1.05,1.41,-0.35,0.38,-0.22
2024-03-25 16:59:51.8170,1.31,1.35,1.84,-0.41,0.64,-0.21
2024-03-25 16:59:51.8270,1.12,1.47,2.5,-0.46,0.87,-0.19
2024-03-25 16:59:51.8370,0.86,1.39,3.56,-0.41,1.02,-0.23
2024-03-25 16:59:51.8470,0.76,1.22,5.19,-0.23,1.08,-0.34
2024-03-25 16:59:51.8570,0.63,0.98,6.65,-0.02,1.09,-0.48
2024-03-25 16:59:51.8670,0.45,0.95,7.51,0.21,1.0,-0.62
2024-03-25 16:59:51.8770,-0.03,1.05,7.76,0.43,0.9,-0.7
2024-03-25 16:59:51.8870,-0.78,1.31,7.79,0.63,0.8,-0.68
2024-03-25 16:59:51.8970,-1.68,1.8,7.49,0.8,0.66,-0.58
2024-03-25 16:59:51.9070,-2.43,2.4,6.69,0.88,0.48,-0.45
2024-03-25 16:59:51.9170,-2.73,2.86,5.51,0.85,0.35,-0.27
2024-03-25 16:59:51.9270,-3.17,2.85,4.18,0.77,0.29,0.02
2024-03-25 16:59:51.9370,-3.78,2.43,3.29,0.76,0.24,0.33
2024-03-25 16:59:51.9470,-3.72,1.45,3.07,0.81,0.11,0.51
2024-03-25 16:59:51.9570,-2.76,0.11,2.66,0.84,-0.08,0.59
2024-03-25 16:59:51.9670,-1.96,-1.26,1.62,0.84,-0.25,0.6
2024-03-25 16:59:51.9770,-1.26,-2.09,0.59,0.79,-0.35,0.59
2024-03-25 16:59:51.9870,-0.69,-2.78,-0.41,0.72,-0.37,0.56
2024-03-25 16:59:51.9970,-0.36,-3.2,-1.13,0.61,-0.32,0.54
2024-03-25 16:59:52.0070,-0.26,-3.56,-1.79,0.49,-0.25,0.52
2024-03-25 16:59:52.0170,-0.18,-3.78,-2.3,0.35,-0.18,0.49
2024-03-25 16:59:52.0270,-0.2,-4.01,-2.8,0.18,-0.12,0.44
2024-03-25 16:59:52.0370,-0.15,-4.18,-3.23,0.01,-0.08,0.36
2024-03-25 16:59:52.0470,-0.09,-4.28,-3.55,-0.13,-0.06,0.27
2024-03-25 16:59:52.0570,-0.09,-4.21,-3.59,-0.22,-0.06,0.18
2024-03-25 16:59:52.0670,-0.2,-4.04,-3.54,-0.26,-0.07,0.1
2024-03-25 16:59:52.0770,-0.27,-3.64,-3.67,-0.31,-0.09,0.05
2024-03-25 16:59:52.0870,-0.27,-2.99,-3.94,-0.35,-0.12,0.01
2024-03-25 16:59:52.0970,-0.24,-2.26,-4.19,-0.41,-0.12,0.02
2024-03-25 16:59:52.1070,-0.34,-1.73,-4.5,-0.44,-0.08,0.07
2024-03-25 16:59:52.1170,-0.45,-1.22,-4.49,-0.45,-0.02,0.14
2024-03-25 16:59:52.1270,-0.5,-0.82,-4.52,-0.47,0.04,0.23
2024-03-25 16:59:52.1370,-0.53,-0.47,-4.54,-0.5,0.06,0.33
2024-03-25 16:59:52.1470,-0.59,-0.19,-4.4,-0.5,0.05,0.43
2024-03-25 16:59:52.1570,-0.47,0.0,-4.06,-0.49,0.03,0.48
2024-03-25 16:59:52.1670,-0.15,0.12,-3.71,-0.48,-0.0,0.5
2024-03-25 16:59:52.1770,0.16,0.29,-3.65,-0.53,-0.04,0.51
2024-03-25 16:59:52.1870,0.29,0.53,-3.71,-0.62,-0.06,0.55
2024-03-25 16:59:52.1970,0.27,0.78,-3.66,-0.76,-0.07,0.61
2024-03-25 16:59:52.2070,0.19,0.95,-3.29,-0.87,-0.02,0.68
2024-03-25 16:59:52.2170,0.25,0.95,-2.4,-0.89,0.08,0.73
2024-03-25 16:59:52.2270,0.37,0.83,-1.11,-0.82,0.19,0.75
2024-03-25 16:59:52.2370,0.63,0.64,0.1,-0.68,0.25,0.7
2024-03-25 16:59:52.2470,0.99,0.4,1.26,-0.48,0.2,0.54
2024-03-25 16:59:52.2570,1.6,0.2,2.34,-0.27,0.06,0.29
2024-03-25 16:59:52.2670,2.03,0.16,2.94,-0.1,-0.08,0.04
2024-03-25 16:59:52.2770,1.97,0.32,3.03,0.0,-0.18,-0.13
2024-03-25 16:59:52.2870,1.47,0.61,2.88,0.08,-0.22,-0.21
2024-03-25 16:59:52.2970,0.98,1.0,2.8,0.13,-0.21,-0.24
2024-03-25 16:59:52.3070,0.52,1.36,2.81,0.17,-0.22,-0.24
2024-03-25 16:59:52.3170,0.27,1.63,2.8,0.19,-0.23,-0.27
2024-03-25 16:59:52.3270,0.08,1.77,2.87,0.21,-0.27,-0.29
2024-03-25 16:59:52.3370,-0.27,1.89,3.07,0.24,-0.29,-0.31
2024-03-25 16:59:52.3470,-0.55,1.9,3.42,0.31,-0.31,-0.36
2024-03-25 16:59:52.3570,-0.73,1.8,3.87,0.39,-0.33,-0.42
2024-03-25 16:59:52.3670,-0.85,1.75,4.09,0.45,-0.36,-0.47
2024-03-25 16:59:52.3770,-1.16,1.75,4.13,0.49,-0.4,-0.49
2024-03-25 16:59:52.3870,-1.5,1.86,3.98,0.5,-0.46,-0.48
2024-03-25 16:59:52.3970,-2.06,2.39,3.6,0.46,-0.51,-0.4
2024-03-25 16:59:52.4070,-2.3,2.66,3.11,0.4,-0.45,-0.28
2024-03-25 16:59:52.4170,-2.15,2.88,2.71,0.26,-0.31,-0.05
2024-03-25 16:59:52.4270,-2.31,2.33,2.31,0.18,-0.1,0.22
2024-03-25 16:59:52.4370,-1.95,1.13,2.81,0.23,0.02,0.35
2024-03-25 16:59:52.4470,-0.95,-0.34,3.39,0.37,-0.03,0.31
2024-03-25 16:59:52.4570,0.14,-1.66,3.46,0.51,-0.17,0.07
2024-03-25 16:59:52.4670,1.29,-2.69,2.89,0.6,-0.28,-0.21
2024-03-25 16:59:52.4770,1.79,-3.01,1.96,0.65,-0.29,-0.39
2024-03-25 16:59:52.4870,1.34,-2.79,0.97,0.69,-0.23,-0.39
2024-03-25 16:59:52.4970,0.57,-2.33,0.16,0.66,-0.17,-0.3
2024-03-25 16:59:52.5070,0.19,-1.99,-0.98,0.51,-0.18,-0.2
2024-03-25 16:59:52.5170,0.11,-1.81,-2.27,0.28,-0.24,-0.09
2024-03-25 16:59:52.5270,0.11,-1.68,-3.1,0.02,-0.28,-0.0
2024-03-25 16:59:52.5370,0.16,-1.67,-3.53,-0.21,-0.24,0.1
2024-03-25 16:59:52.5470,0.17,-1.82,-3.53,-0.36,-0.12,0.19
2024-03-25 16:59:52.5570,0.22,-2.03,-3.07,-0.45,-0.0,0.22
2024-03-25 16:59:52.5670,0.33,-2.31,-2.47,-0.47,0.05,0.19
2024-03-25 16:59:52.5770,0.54,-2.42,-1.92,-0.43,0.03,0.1
2024-03-25 16:59:52.5870,0.76,-2.29,-1.43,-0.34,-0.0,-0.03
2024-03-25 16:59:52.5970,0.8,-1.97,-1.26,-0.25,-0.02,-0.13
2024-03-25 16:59:52.6070,0.7,-1.54,-1.49,-0.17,-0.03,-0.22
2024-03-25 16:59:52.6170,0.62,-1.01,-1.96,-0.13,-0.04,-0.26
2024-03-25 16:59:52.6270,0.5,-0.49,-2.56,-0.12,-0.0,-0.24
2024-03-25 16:59:52.6370,0.22,0.04,-2.89,-0.11,0.06,-0.18
2024-03-25 16:59:52.6470,0.12,0.51,-2.98,-0.12,0.11,-0.11
2024-03-25 16:59:52.6570,0.17,0.77,-3.28,-0.16,0.14,-0.05
2024-03-25 16:59:52.6670,0.27,0.84,-3.4,-0.19,0.13,-0.01
2024-03-25 16:59:52.6770,0.46,0.79,-3.18,-0.21,0.13,0.01
2024-03-25 16:59:52.6870,0.68,0.64,-2.89,-0.24,0.13,0.02
2024-03-25 16:59:52.6970,0.82,0.48,-2.57,-0.28,0.11,0.03
2024-03-25 16:59:52.7070,0.83,0.36,-2.13,-0.29,0.09,0.05
2024-03-25 16:59:52.7170,0.77,0.33,-1.47,-0.3,0.01,0.08
2024-03-25 16:59:52.7270,0.66,0.28,-0.94,-0.28,-0.06,0.1
2024-03-25 16:59:52.7370,0.77,0.21,-0.53,-0.22,-0.15,0.1
2024-03-25 16:59:52.7470,0.9,0.13,-0.18,-0.15,-0.21,0.08
2024-03-25 16:59:52.7570,1.1,0.12,-0.05,-0.1,-0.27,0.04
2024-03-25 16:59:52.7670,1.26,0.16,-0.21,-0.11,-0.3,0.0
2024-03-25 16:59:52.7770,1.37,0.4,-0.48,-0.19,-0.33,-0.01
2024-03-25 16:59:52.7870,1.32,0.66,-0.65,-0.27,-0.28,-0.02
2024-03-25 16:59:52.7970,1.32,0.84,-0.34,-0.32,-0.21,-0.01
2024-03-25 16:59:52.8070,1.25,1.01,0.45,-0.31,-0.09,-0.01
2024-03-25 16:59:52.8170,1.26,1.07,1.43,-0.2,0.05,-0.05
2024-03-25 16:59:52.8270,1.35,1.11,2.52,-0.06,0.17,-0.13
2024-03-25 16:59:52.8370,1.4,1.11,3.23,0.05,0.23,-0.23
2024-03-25 16:59:52.8470,1.22,1.11,3.55,0.1,0.25,-0.31
2024-03-25 16:59:52.8570,0.88,1.24,3.79,0.14,0.26,-0.34
2024-03-25 16:59:52.8670,0.34,1.39,4.16,0.21,0.28,-0.33
2024-03-25 16:59:52.8770,-0.15,1.56,4.7,0.29,0.23,-0.3
2024-03-25 16:59:52.8870,-0.4,1.65,5.02,0.39,0.15,-0.27
2024-03-25 16:59:52.8970,-0.47,1.6,5.1,0.55,0.08,-0.27
2024-03-25 16:59:52.9070,-0.44,1.46,5.2,0.8,0.03,-0.29
2024-03-25 16:59:52.9170,-0.26,1.38,5.2,1.04,0.02,-0.34
2024-03-25 16:59:52.9270,-0.11,1.37,4.41,1.13,0.05,-0.32
2024-03-25 16:59:52.9370,-0.5,1.23,2.99,1.07,0.1,-0.17
2024-03-25 16:59:52.9470,-1.39,0.78,2.04,1.0,0.12,0.05
2024-03-25 16:59:52.9570,-1.82,-0.04,1.85,0.95,0.06,0.21
2024-03-25 16:59:52.9670,-1.61,-1.2,1.7,0.89,-0.05,0.26
2024-03-25 16:59:52.9770,-1.15,-2.49,1.22,0.8,-0.17,0.24
2024-03-25 16:59:52.9870,-0.83,-3.44,0.74,0.7,-0.24,0.15
2024-03-25 16:59:52.9970,-0.47,-4.0,0.2,0.57,-0.25,0.05
2024-03-25 16:59:53.0070,-0.49,-4.4,-0.33,0.44,-0.2,-0.03
2024-03-25 16:59:53.0170,-0.75,-4.41,-0.76,0.28,-0.1,-0.04
2024-03-25 16:59:53.0270,-1.07,-4.3,-1.23,0.08,0.01,-0.01
2024-03-25 16:59:53.0370,-1.39,-4.21,-1.55,-0.09,0.1,0.02
2024-03-25 16:59:53.0460,-1.58,-4.11,-1.59,-0.24,0.14,0.05
2024-03-25 16:59:53.0570,-1.72,-3.9,-1.47,-0.35,0.11,0.06
2024-03-25 16:59:53.0670,-1.7,-3.56,-1.49,-0.43,0.03,0.05
2024-03-25 16:59:53.0770,-1.63,-3.01,-1.65,-0.48,-0.04,0.06
2024-03-25 16:59:53.0870,-1.59,-2.43,-1.86,-0.48,-0.12,0.07
2024-03-25 16:59:53.0970,-1.49,-1.93,-2.05,-0.46,-0.17,0.08
2024-03-25 16:59:53.1070,-1.33,-1.52,-2.41,-0.42,-0.19,0.09
2024-03-25 16:59:53.1170,-1.18,-1.09,-2.86,-0.38,-0.18,0.11
2024-03-25 16:59:53.1270,-1.15,-0.7,-3.35,-0.35,-0.13,0.14
2024-03-25 16:59:53.1370,-1.13,-0.37,-3.84,-0.33,-0.07,0.18
2024-03-25 16:59:53.1460,-1.12,-0.1,-4.24,-0.32,0.0,0.25
2024-03-25 16:59:53.1570,-1.19,0.15,-4.52,-0.32,0.06,0.33
2024-03-25 16:59:53.1670,-1.34,0.31,-4.68,-0.32,0.1,0.45
2024-03-25 16:59:53.1770,-1.47,0.43,-4.5,-0.31,0.09,0.54
2024-03-25 16:59:53.1860,-1.21,0.54,-4.37,-0.35,0.04,0.58
2024-03-25 16:59:53.1970,-0.85,0.52,-4.38,-0.43,-0.04,0.59
2024-03-25 16:59:53.2070,-0.55,0.47,-4.22,-0.5,-0.08,0.58
2024-03-25 16:59:53.2170,-0.25,0.41,-3.77,-0.54,-0.05,0.58
2024-03-25 16:59:53.2270,-0.04,0.37,-3.18,-0.57,0.04,0.6
2024-03-25 16:59:53.2370,-0.02,0.25,-2.56,-0.58,0.17,0.63
2024-03-25 16:59:53.2460,-0.08,0.11,-1.8,-0.56,0.28,0.67
2024-03-25 16:59:53.2570,-0.09,0.04,-0.77,-0.51,0.29,0.65
2024-03-25 16:59:53.2670,0.05,0.07,0.12,-0.47,0.21,0.59
2024-03-25 16:59:53.2760,0.25,0.06,0.79,-0.42,0.07,0.45
2024-03-25 16:59:53.2860,0.61,0.14,1.38,-0.36,-0.06,0.28
2024-03-25 16:59:53.2970,0.9,0.25,1.88,-0.26,-0.14,0.1
2024-03-25 16:59:53.3060,0.9,0.46,2.32,-0.17,-0.14,-0.02
2024-03-25 16:59:53.3160,0.64,0.82,2.52,-0.12,-0.05,-0.07
2024-03-25 16:59:53.3260,0.21,1.2,2.58,-0.1,0.06,-0.05
2024-03-25 16:59:53.3370,-0.19,1.59,2.68,-0.12,0.15,-0.01
2024-03-25 16:59:53.3470,-0.43,1.82,2.92,-0.14,0.16,0.03
2024-03-25 16:59:53.3570,-0.59,1.84,3.42,-0.12,0.07,0.03
2024-03-25 16:59:53.3670,-0.6,1.71,4.14,-0.05,-0.09,-0.03
2024-03-25 16:59:53.3770,-0.42,1.49,4.79,0.08,-0.27,-0.14
2024-03-25 16:59:53.3860,-0.1,1.36,5.1,0.22,-0.41,-0.29
2024-03-25 16:59:53.3970,0.22,1.52,4.93,0.33,-0.48,-0.42
2024-03-25 16:59:53.4060,0.34,2.03,4.33,0.41,-0.47,-0.47
2024-03-25 16:59:53.4160,0.23,2.51,3.67,0.39,-0.29,-0.42
2024-03-25 16:59:53.4260,0.01,2.64,2.84,0.27,-0.0,-0.22
2024-03-25 16:59:53.4360,-0.5,2.2,2.56,0.24,0.2,-0.01
2024-03-25 16:59:53.4460,-0.6,1.35,3.53,0.33,0.23,0.08
2024-03-25 16:59:53.4570,-0.19,0.14,4.3,0.45,0.07,0.04
2024-03-25 16:59:53.4660,0.3,-0.96,4.17,0.54,-0.1,-0.07
2024-03-25 16:59:53.4760,0.7,-1.65,3.6,0.58,-0.21,-0.18
2024-03-25 16:59:53.4860,0.86,-1.95,2.78,0.6,-0.24,-0.24
2024-03-25 16:59:53.4960,0.72,-2.15,2.06,0.64,-0.23,-0.24
2024-03-25 16:59:53.5060,0.56,-2.12,1.38,0.65,-0.18,-0.22
2024-03-25 16:59:53.5160,0.54,-2.08,0.35,0.58,-0.14,-0.19
2024-03-25 16:59:53.5260,0.6,-1.99,-0.8,0.43,-0.08,-0.14
2024-03-25 16:59:53.5360,0.53,-1.82,-1.71,0.24,-0.02,-0.06
2024-03-25 16:59:53.5460,0.32,-1.74,-2.39,0.02,0.06,0.04
2024-03-25 16:59:53.5560,0.11,-1.85,-2.75,-0.19,0.13,0.15
2024-03-25 16:59:53.5660,-0.02,-2.16,-2.63,-0.32,0.13,0.22
2024-03-25 16:59:53.5760,0.17,-2.57,-2.19,-0.38,0.09,0.19
2024-03-25 16:59:53.5860,0.71,-2.93,-1.93,-0.4,-0.0,0.05
2024-03-25 16:59:53.5960,1.32,-3.03,-1.99,-0.36,-0.08,-0.13
2024-03-25 16:59:53.6060,1.71,-2.81,-2.03,-0.28,-0.08,-0.3
2024-03-25 16:59:53.6160,1.79,-2.42,-2.33,-0.23,-0.0,-0.42
2024-03-25 16:59:53.6260,1.55,-1.93,-2.9,-0.19,0.09,-0.49
2024-03-25 16:59:53.6360,1.28,-1.39,-3.44,-0.22,0.17,-0.52
2024-03-25 16:59:53.6460,0.92,-0.98,-3.97,-0.25,0.24,-0.49
2024-03-25 16:59:53.6560,0.57,-0.41,-3.97,-0.24,0.25,-0.43
2024-03-25 16:59:53.6660,0.28,-0.06,-3.79,-0.23,0.2,-0.36
2024-03-25 16:59:53.6760,0.1,0.23,-3.62,-0.23,0.1,-0.29
2024-03-25 16:59:53.6860,0.01,0.41,-3.61,-0.26,0.01,-0.23
2024-03-25 16:59:53.6960,0.1,0.44,-3.72,-0.32,-0.02,-0.15
2024-03-25 16:59:53.7060,0.18,0.37,-3.65,-0.38,0.02,-0.07
2024-03-25 16:59:53.7160,0.32,0.29,-3.25,-0.43,0.07,-0.02
2024-03-25 16:59:53.7260,0.57,0.17,-2.68,-0.45,0.09,0.01
2024-03-25 16:59:53.7360,0.86,0.07,-1.85,-0.43,0.08,0.01
2024-03-25 16:59:53.7460,1.04,-0.01,-1.1,-0.4,0.05,-0.01
2024-03-25 16:59:53.7560,1.09,-0.04,-0.54,-0.34,-0.03,-0.03
2024-03-25 16:59:53.7660,1.03,-0.05,0.03,-0.29,-0.13,-0.06
2024-03-25 16:59:53.7760,1.01,0.02,0.39,-0.26,-0.23,-0.11
2024-03-25 16:59:53.7860,1.14,0.27,0.5,-0.27,-0.29,-0.16
2024-03-25 16:59:53.7960,1.27,0.58,0.51,-0.28,-0.29,-0.2
2024-03-25 16:59:53.8060,1.35,0.95,0.71,-0.29,-0.2,-0.24
2024-03-25 16:59:53.8160,1.42,1.23,0.98,-0.29,-0.05,-0.26
2024-03-25 16:59:53.8260,1.49,1.39,1.35,-0.29,0.14,-0.29
2024-03-25 16:59:53.8360,1.46,1.45,1.97,-0.23,0.31,-0.32
2024-03-25 16:59:53.8460,1.29,1.42,2.9,-0.14,0.43,-0.36
2024-03-25 16:59:53.8560,0.96,1.33,3.76,-0.04,0.47,-0.4
2024-03-25 16:59:53.8660,0.51,1.25,4.4,0.05,0.47,-0.41
2024-03-25 16:59:53.8760,-0.01,1.11,4.91,0.16,0.4,-0.42
2024-03-25 16:59:53.8860,-0.35,1.05,5.36,0.27,0.31,-0.43
2024-03-25 16:59:53.8960,-0.49,1.05,5.43,0.39,0.24,-0.43
2024-03-25 16:59:53.9060,-0.57,1.09,5.29,0.53,0.2,-0.43
2024-03-25 16:59:53.9160,-0.64,1.13,5.05,0.7,0.21,-0.41
2024-03-25 16:59:53.9260,-0.67,1.13,4.51,0.84,0.23,-0.39
2024-03-25 16:59:53.9360,-0.71,1.11,3.73,0.95,0.24,-0.38
2024-03-25 16:59:53.9460,-0.92,1.09,2.97,0.99,0.22,-0.35
2024-03-25 16:59:53.9560,-1.39,0.94,2.15,0.95,0.22,-0.22
2024-03-25 16:59:53.9660,-2.07,0.52,1.46,0.9,0.17,-0.05
2024-03-25 16:59:53.9760,-2.32,-0.05,1.2,0.91,0.05,0.07
2024-03-25 16:59:53.9860,-2.02,-0.8,1.03,0.9,-0.09,0.13
2024-03-25 16:59:53.9960,-1.49,-1.8,0.31,0.85,-0.19,0.15
2024-03-25 16:59:54.0060,-1.09,-2.66,-0.57,0.79,-0.22,0.16
2024-03-25 16:59:54.0160,-0.8,-3.1,-1.09,0.71,-0.19,0.15
2024-03-25 16:59:54.0260,-0.61,-3.38,-1.64,0.57,-0.13,0.12
2024-03-25 16:59:54.0360,-0.43,-3.47,-2.33,0.35,-0.04,0.08
2024-03-25 16:59:54.0460,-0.49,-3.36,-2.98,0.05,0.09,0.06
2024-03-25 16:59:54.0560,-0.77,-3.13,-3.51,-0.29,0.23,0.11
2024-03-25 16:59:54.0660,-1.31,-2.84,-3.43,-0.53,0.34,0.21
2024-03-25 16:59:54.0760,-1.75,-2.42,-2.49,-0.65,0.35,0.28
2024-03-25 16:59:54.0860,-1.83,-2.12,-1.61,-0.73,0.31,0.33
2024-03-25 16:59:54.0960,-1.72,-1.93,-1.33,-0.76,0.22,0.38
2024-03-25 16:59:54.1060,-1.54,-1.61,-1.08,-0.75,0.09,0.4
2024-03-25 16:59:54.1160,-1.32,-1.37,-1.0,-0.73,-0.01,0.42
2024-03-25 16:59:54.1260,-1.06,-1.16,-1.21,-0.7,-0.06,0.43
2024-03-25 16:59:54.1360,-0.81,-0.94,-1.48,-0.65,-0.05,0.44
2024-03-25 16:59:54.1460,-0.63,-0.76,-1.78,-0.59,-0.0,0.46
2024-03-25 16:59:54.1560,-0.52,-0.63,-2.05,-0.52,0.08,0.5
2024-03-25 16:59:54.1660,-0.57,-0.5,-2.25,-0.45,0.14,0.55
2024-03-25 16:59:54.1760,-0.56,-0.46,-2.49,-0.39,0.17,0.57
2024-03-25 16:59:54.1860,-0.34,-0.52,-2.68,-0.32,0.15,0.55
2024-03-25 16:59:54.1960,-0.12,-0.6,-2.72,-0.24,0.07,0.49
2024-03-25 16:59:54.2060,0.07,-0.65,-2.81,-0.2,0.0,0.44
2024-03-25 16:59:54.2160,0.18,-0.48,-3.18,-0.2,-0.07,0.42
2024-03-25 16:59:54.2260,0.19,-0.15,-3.56,-0.25,-0.1,0.43
2024-03-25 16:59:54.2360,0.2,0.24,-3.82,-0.31,-0.07,0.47
2024-03-25 16:59:54.2460,0.29,0.6,-3.88,-0.38,0.01,0.52
2024-03-25 16:59:54.2560,0.55,0.91,-3.73,-0.44,0.12,0.56
2024-03-25 16:59:54.2660,0.82,1.07,-3.25,-0.46,0.21,0.57
2024-03-25 16:59:54.2760,1.08,1.04,-2.27,-0.4,0.28,0.54
2024-03-25 16:59:54.2860,1.4,0.97,-0.9,-0.31,0.28,0.48
2024-03-25 16:59:54.2960,1.62,0.88,0.33,-0.23,0.22,0.41
2024-03-25 16:59:54.3060,1.66,0.96,1.12,-0.21,0.1,0.35
2024-03-25 16:59:54.3160,1.52,1.14,1.63,-0.24,-0.06,0.34
2024-03-25 16:59:54.3260,1.26,1.37,2.04,-0.32,-0.17,0.36
2024-03-25 16:59:54.3360,1.09,1.44,2.34,-0.4,-0.18,0.39
2024-03-25 16:59:54.3460,1.01,1.33,2.91,-0.46,-0.12,0.4
2024-03-25 16:59:54.3560,0.98,1.1,3.77,-0.47,-0.05,0.37
2024-03-25 16:59:54.3660,1.01,0.74,4.92,-0.38,-0.04,0.25
2024-03-25 16:59:54.3760,1.08,0.47,6.12,-0.21,-0.08,0.04
2024-03-25 16:59:54.3860,1.11,0.23,7.17,0.06,-0.18,-0.24
2024-03-25 16:59:54.3960,1.01,0.24,7.76,0.34,-0.29,-0.52
2024-03-25 16:59:54.4060,0.57,0.54,7.64,0.58,-0.41,-0.72
2024-03-25 16:59:54.4160,-0.36,1.14,6.81,0.78,-0.5,-0.77
2024-03-25 16:59:54.4260,-1.3,1.96,5.77,0.91,-0.54,-0.75
2024-03-25 16:59:54.4360,-1.64,2.69,4.64,0.98,-0.58,-0.72
2024-03-25 16:59:54.4460,-1.54,3.47,3.35,0.92,-0.56,-0.6
2024-03-25 16:59:54.4560,-1.84,3.78,1.86,0.8,-0.55,-0.39
2024-03-25 16:59:54.4660,-1.95,3.18,0.94,0.71,-0.52,-0.15
2024-03-25 16:59:54.4760,-1.61,1.69,0.84,0.72,-0.5,-0.01
2024-03-25 16:59:54.4860,-0.89,0.15,1.07,0.82,-0.56,0.05
2024-03-25 16:59:54.4960,-0.23,-1.14,0.98,0.86,-0.64,0.02
2024-03-25 16:59:54.5060,0.39,-2.24,0.06,0.83,-0.71,-0.05
2024-03-25 16:59:54.5160,0.81,-2.92,-0.88,0.74,-0.74,-0.13
2024-03-25 16:59:54.5260,1.1,-3.28,-1.81,0.56,-0.73,-0.21
2024-03-25 16:59:54.5360,1.17,-3.47,-2.62,0.35,-0.71,-0.27
2024-03-25 16:59:54.5460,1.12,-3.53,-3.08,0.1,-0.69,-0.31
2024-03-25 16:59:54.5560,1.02,-3.51,-3.42,-0.2,-0.63,-0.35
2024-03-25 16:59:54.5660,0.94,-3.53,-3.69,-0.5,-0.5,-0.37
2024-03-25 16:59:54.5760,0.8,-3.61,-3.51,-0.7,-0.27,-0.38
2024-03-25 16:59:54.5860,0.64,-3.71,-2.58,-0.78,0.01,-0.42
2024-03-25 16:59:54.5960,0.57,-3.79,-1.36,-0.75,0.26,-0.52
2024-03-25 16:59:54.6060,0.64,-3.58,-0.42,-0.67,0.44,-0.63
2024-03-25 16:59:54.6160,0.51,-3.08,0.03,-0.56,0.48,-0.75
2024-03-25 16:59:54.6260,0.32,-2.46,0.23,-0.45,0.45,-0.84
2024-03-25 16:59:54.6360,0.04,-1.9,0.08,-0.34,0.4,-0.87
2024-03-25 16:59:54.6460,-0.45,-1.24,-0.22,-0.24,0.35,-0.82
2024-03-25 16:59:54.6560,-0.98,-0.57,-0.69,-0.15,0.31,-0.68
2024-03-25 16:59:54.6660,-1.43,0.11,-1.24,-0.13,0.29,-0.51
2024-03-25 16:59:54.6760,-1.51,0.57,-2.02,-0.15,0.26,-0.36
2024-03-25 16:59:54.6860,-1.27,0.78,-2.75,-0.19,0.21,-0.25
2024-03-25 16:59:54.6960,-0.9,0.82,-3.18,-0.2,0.18,-0.19
2024-03-25 16:59:54.7060,-0.57,0.75,-3.27,-0.16,0.17,-0.15
2024-03-25 16:59:54.7160,-0.34,0.64,-3.2,-0.13,0.17,-0.11
2024-03-25 16:59:54.7260,-0.2,0.5,-3.37,-0.14,0.19,-0.08
2024-03-25 16:59:54.7360,-0.07,0.36,-3.49,-0.17,0.24,-0.03
2024-03-25 16:59:54.7460,-0.13,0.25,-3.38,-0.21,0.3,0.07
2024-03-25 16:59:54.7560,-0.31,0.2,-2.94,-0.23,0.34,0.18
2024-03-25 16:59:54.7660,-0.35,0.11,-2.25,-0.2,0.34,0.27
2024-03-25 16:59:54.7760,-0.14,-0.04,-1.63,-0.17,0.27,0.28
2024-03-25 16:59:54.7860,0.27,-0.17,-1.32,-0.17,0.15,0.24
2024-03-25 16:59:54.7960,0.62,-0.1,-1.36,-0.24,-0.01,0.18
2024-03-25 16:59:54.8060,0.88,0.11,-1.68,-0.4,-0.12,0.11
2024-03-25 16:59:54.8160,1.1,0.36,-1.95,-0.56,-0.11,0.06
2024-03-25 16:59:54.8260,1.1,0.56,-1.56,-0.65,-0.03,0.07
2024-03-25 16:59:54.8360,0.93,0.75,-0.46,-0.65,0.04,0.08
2024-03-25 16:59:54.8460,0.92,0.84,0.62,-0.64,0.03,0.06
2024-03-25 16:59:54.8560,0.99,0.92,1.24,-0.69,-0.09,0.03
2024-03-25 16:59:54.8660,1.05,0.91,1.49,-0.77,-0.24,-0.05
2024-03-25 16:59:54.8760,1.23,0.8,1.87,-0.81,-0.33,-0.15
2024-03-25 16:59:54.8860,1.36,0.61,2.5,-0.78,-0.28,-0.25
2024-03-25 16:59:54.8960,1.41,0.46,3.27,-0.66,-0.1,-0.34
2024-03-25 16:59:54.9060,1.25,0.31,3.92,-0.45,0.17,-0.38
2024-03-25 16:59:54.9160,0.88,0.22,4.55,-0.25,0.39,-0.41
2024-03-25 16:59:54.9260,0.54,0.11,4.62,-0.06,0.53,-0.47
2024-03-25 16:59:54.9360,0.32,0.15,4.45,0.07,0.58,-0.51
2024-03-25 16:59:54.9460,0.04,0.37,4.02,0.16,0.56,-0.54
2024-03-25 16:59:54.9560,-0.25,0.78,3.57,0.19,0.52,-0.5
2024-03-25 16:59:54.9660,-0.77,1.17,2.91,0.16,0.47,-0.4
2024-03-25 16:59:54.9760,-1.23,1.36,2.33,0.11,0.44,-0.26
2024-03-25 16:59:54.9860,-1.39,1.33,2.14,0.11,0.41,-0.12
2024-03-25 16:59:54.9960,-1.46,0.9,2.39,0.21,0.4,-0.02
2024-03-25 16:59:55.0060,-1.21,0.25,2.81,0.38,0.37,0.02
2024-03-25 16:59:55.0150,-0.94,-0.51,2.84,0.56,0.3,0.04
2024-03-25 16:59:55.0260,-0.85,-1.09,2.51,0.69,0.21,0.06
2024-03-25 16:59:55.0360,-0.89,-1.52,1.67,0.65,0.08,0.09
2024-03-25 16:59:55.0450,-1.06,-1.75,0.31,0.48,-0.01,0.17
2024-03-25 16:59:55.0560,-1.39,-1.8,-0.65,0.25,-0.02,0.29
2024-03-25 16:59:55.0660,-1.65,-1.91,-0.88,0.08,0.05,0.41
2024-03-25 16:59:55.0750,-1.74,-2.06,-0.47,-0.03,0.09,0.49
2024-03-25 16:59:55.0860,-1.74,-2.34,-0.14,-0.11,0.1,0.53
2024-03-25 16:59:55.0950,-1.76,-2.56,0.18,-0.12,0.05,0.55
2024-03-25 16:59:55.1050,-1.74,-2.63,0.62,-0.07,-0.02,0.54
2024-03-25 16:59:55.1150,-1.61,-2.5,0.75,0.01,-0.08,0.52
2024-03-25 16:59:55.1250,-1.45,-2.05,0.29,0.06,-0.14,0.52
2024-03-25 16:59:55.1350,-1.32,-1.27,-0.61,0.05,-0.19,0.54
2024-03-25 16:59:55.1450,-1.22,-0.54,-1.51,0.02,-0.23,0.6
2024-03-25 16:59:55.1560,-1.13,0.2,-2.07,-0.01,-0.23,0.68
2024-03-25 16:59:55.1650,-1.11,0.63,-2.61,-0.07,-0.23,0.79
2024-03-25 16:59:55.1750,-0.99,0.79,-3.0,-0.12,-0.25,0.88
2024-03-25 16:59:55.1850,-0.83,0.71,-3.15,-0.15,-0.28,0.95
2024-03-25 16:59:55.1950,-0.59,0.48,-3.22,-0.14,-0.27,0.97
2024-03-25 16:59:55.2050,-0.14,0.14,-3.1,-0.07,-0.22,0.97
2024-03-25 16:59:55.2150,0.34,-0.2,-2.98,0.03,-0.13,0.92
2024-03-25 16:59:55.2260,0.92,-0.55,-3.01,0.12,-0.03,0.8
2024-03-25 16:59:55.2350,1.42,-0.91,-3.15,0.2,0.08,0.67
2024-03-25 16:59:55.2450,1.53,-1.14,-3.24,0.24,0.18,0.56
2024-03-25 16:59:55.2550,1.46,-1.19,-3.4,0.24,0.27,0.45
2024-03-25 16:59:55.2650,1.43,-1.13,-3.57,0.18,0.33,0.37
2024-03-25 16:59:55.2750,1.33,-1.11,-3.68,0.03,0.36,0.32
2024-03-25 16:59:55.2850,1.25,-1.0,-3.7,-0.11,0.31,0.25
2024-03-25 16:59:55.2950,1.29,-0.88,-3.11,-0.2,0.23,0.2
2024-03-25 16:59:55.3050,1.25,-0.76,-2.27,-0.24,0.17,0.14
2024-03-25 16:59:55.3150,1.34,-0.53,-1.46,-0.27,0.1,0.05
2024-03-25 16:59:55.3250,1.43,-0.1,-0.96,-0.32,0.05,-0.02
2024-03-25 16:59:55.3350,1.35,0.42,-0.55,-0.38,-0.02,-0.08
2024-03-25 16:59:55.3460,1.18,0.97,-0.03,-0.44,-0.06,-0.1
2024-03-25 16:59:55.3560,0.97,1.45,0.66,-0.47,-0.04,-0.1
2024-03-25 16:59:55.3650,0.81,1.87,1.49,-0.47,0.04,-0.09
2024-03-25 16:59:55.3750,0.68,2.17,2.11,-0.53,0.12,-0.08
2024-03-25 16:59:55.3850,0.56,2.26,2.59,-0.55,0.16,-0.08
2024-03-25 16:59:55.3950,0.33,2.21,3.58,-0.47,0.16,-0.11
2024-03-25 16:59:55.4050,-0.14,1.69,5.79,-0.33,0.11,-0.16
2024-03-25 16:59:55.4160,-0.14,1.69,5.79,-0.16,0.04,-0.24
2024-03-25 16:59:55.4250,-0.28,1.5,6.37,0.01,-0.09,-0.34
2024-03-25 16:59:55.4350,-0.33,1.54,6.54,0.19,-0.23,-0.46
2024-03-25 16:59:55.4450,-0.34,1.81,6.4,0.3,-0.35,-0.54
2024-03-25 16:59:55.4550,-0.61,2.25,5.71,0.29,-0.4,-0.49
2024-03-25 16:59:55.4650,-1.17,2.38,4.83,0.31,-0.29,-0.3
2024-03-25 16:59:55.4750,-1.73,1.59,5.05,0.54,-0.06,-0.1
2024-03-25 16:59:55.4850,-1.39,0.27,5.8,0.78,0.05,-0.08
2024-03-25 16:59:55.4950,-0.31,-0.99,5.04,0.89,-0.01,-0.18
2024-03-25 16:59:55.5050,0.26,-1.67,3.54,0.86,-0.12,-0.31
2024-03-25 16:59:55.5150,0.51,-1.98,2.11,0.8,-0.23,-0.41
2024-03-25 16:59:55.5250,0.44,-2.06,1.3,0.81,-0.25,-0.41
2024-03-25 16:59:55.5350,0.26,-1.99,1.02,0.85,-0.24,-0.37
2024-03-25 16:59:55.5450,0.24,-1.96,0.41,0.85,-0.28,-0.35
2024-03-25 16:59:55.5550,0.45,-1.93,-0.74,0.73,-0.32,-0.33
2024-03-25 16:59:55.5650,0.6,-1.8,-2.04,0.56,-0.31,-0.29
2024-03-25 16:59:55.5750,0.69,-1.52,-2.8,0.38,-0.23,-0.21
2024-03-25 16:59:55.5850,0.65,-1.39,-3.15,0.21,-0.09,-0.11
2024-03-25 16:59:55.5950,0.57,-1.49,-3.28,0.09,0.07,-0.0
2024-03-25 16:59:55.6050,0.52,-1.74,-3.04,-0.0,0.19,0.07
2024-03-25 16:59:55.6150,0.63,-2.08,-2.76,-0.06,0.22,0.06
2024-03-25 16:59:55.6250,0.91,-2.42,-2.57,-0.1,0.16,-0.01
2024-03-25 16:59:55.6350,1.08,-2.62,-2.53,-0.11,0.08,-0.1
2024-03-25 16:59:55.6450,1.16,-2.61,-2.56,-0.11,-0.02,-0.2
2024-03-25 16:59:55.6550,1.16,-2.36,-2.73,-0.12,-0.07,-0.29
2024-03-25 16:59:55.6650,1.12,-2.0,-3.15,-0.15,-0.05,-0.34
2024-03-25 16:59:55.6750,0.92,-1.48,-3.57,-0.18,-0.0,-0.35
2024-03-25 16:59:55.6850,0.62,-0.93,-3.84,-0.21,0.05,-0.32
2024-03-25 16:59:55.6950,0.38,-0.33,-3.92,-0.24,0.1,-0.27
2024-03-25 16:59:55.7050,0.33,0.2,-3.93,-0.27,0.15,-0.24
2024-03-25 16:59:55.7150,0.37,0.56,-3.75,-0.28,0.18,-0.22
2024-03-25 16:59:55.7250,0.43,0.79,-3.32,-0.25,0.19,-0.21
2024-03-25 16:59:55.7350,0.42,0.94,-2.81,-0.26,0.2,-0.18
2024-03-25 16:59:55.7450,0.31,1.1,-2.41,-0.31,0.18,-0.11
2024-03-25 16:59:55.7550,0.09,1.31,-2.03,-0.37,0.15,0.01
2024-03-25 16:59:55.7650,-0.13,1.44,-1.31,-0.37,0.07,0.12
2024-03-25 16:59:55.7750,0.03,1.43,-0.47,-0.34,-0.05,0.18
2024-03-25 16:59:55.7850,0.4,1.18,-0.02,-0.28,-0.18,0.18
2024-03-25 16:59:55.7950,0.85,0.84,0.44,-0.13,-0.29,0.09
2024-03-25 16:59:55.8050,1.46,0.51,0.91,0.01,-0.32,-0.06
2024-03-25 16:59:55.8150,1.89,0.23,0.87,0.11,-0.27,-0.2
2024-03-25 16:59:55.8250,1.95,0.2,0.61,0.16,-0.18,-0.31
2024-03-25 16:59:55.8350,1.72,0.32,0.35,0.17,-0.05,-0.34
2024-03-25 16:59:55.8450,1.23,0.5,0.36,0.18,0.06,-0.3
2024-03-25 16:59:55.8550,0.81,0.65,0.59,0.19,0.13,-0.27
2024-03-25 16:59:55.8650,0.73,0.65,0.8,0.18,0.12,-0.27
2024-03-25 16:59:55.8750,0.72,0.6,0.96,0.12,0.06,-0.3
2024-03-25 16:59:55.8850,0.6,0.53,1.0,0.02,0.02,-0.32
2024-03-25 16:59:55.8950,0.39,0.45,1.29,-0.05,0.04,-0.33
2024-03-25 16:59:55.9050,0.27,0.4,2.06,-0.04,0.15,-0.34
2024-03-25 16:59:55.9150,0.13,0.43,2.93,0.01,0.31,-0.32
2024-03-25 16:59:55.9250,-0.14,0.54,3.64,0.1,0.45,-0.28
2024-03-25 16:59:55.9350,-0.28,0.64,4.23,0.22,0.5,-0.28
2024-03-25 16:59:55.9450,-0.27,0.73,4.63,0.34,0.43,-0.33
2024-03-25 16:59:55.9550,-0.3,0.94,4.56,0.37,0.3,-0.36
2024-03-25 16:59:55.9650,-0.69,1.22,3.91,0.28,0.18,-0.3
2024-03-25 16:59:55.9750,-1.39,1.21,3.15,0.18,0.11,-0.14
2024-03-25 16:59:55.9850,-1.97,0.94,3.15,0.23,0.07,0.07
2024-03-25 16:59:55.9950,-2.09,0.5,3.77,0.39,0.0,0.21
2024-03-25 16:59:56.0050,-1.58,-0.27,3.76,0.48,-0.08,0.23
2024-03-25 16:59:56.0150,-0.69,-1.24,2.47,0.45,-0.14,0.19
2024-03-25 16:59:56.0250,-0.25,-1.97,0.98,0.36,-0.13,0.18
2024-03-25 16:59:56.0350,-0.31,-2.29,0.17,0.28,-0.07,0.19
2024-03-25 16:59:56.0450,-0.34,-2.6,-0.08,0.22,-0.0,0.2
2024-03-25 16:59:56.0550,-0.3,-2.88,-0.28,0.17,0.04,0.19
2024-03-25 16:59:56.0650,-0.26,-3.17,-0.49,0.15,0.03,0.15
2024-03-25 16:59:56.0750,-0.18,-3.38,-0.81,0.1,0.02,0.09
2024-03-25 16:59:56.0850,-0.2,-3.45,-1.39,0.02,0.01,0.02
2024-03-25 16:59:56.0950,-0.21,-3.32,-1.97,-0.07,0.0,-0.03
2024-03-25 16:59:56.1050,-0.41,-2.98,-2.3,-0.13,-0.01,-0.03
2024-03-25 16:59:56.1150,-0.83,-2.57,-2.41,-0.18,-0.05,0.01
2024-03-25 16:59:56.1250,-1.12,-2.16,-2.59,-0.24,-0.09,0.07
2024-03-25 16:59:56.1350,-1.13,-1.74,-2.96,-0.3,-0.11,0.1
2024-03-25 16:59:56.1450,-0.93,-1.34,-3.22,-0.33,-0.16,0.13
2024-03-25 16:59:56.1550,-0.9,-0.95,-3.27,-0.33,-0.21,0.18
2024-03-25 16:59:56.1650,-0.96,-0.59,-3.27,-0.34,-0.24,0.24
2024-03-25 16:59:56.1750,-0.99,-0.28,-3.43,-0.37,-0.24,0.31
2024-03-25 16:59:56.1850,-0.97,-0.04,-3.55,-0.39,-0.2,0.37
2024-03-25 16:59:56.1950,-0.76,0.21,-3.5,-0.39,-0.12,0.4
2024-03-25 16:59:56.2050,-0.46,0.38,-3.36,-0.37,-0.04,0.41
2024-03-25 16:59:56.2150,-0.21,0.52,-3.2,-0.37,0.0,0.4
2024-03-25 16:59:56.2250,-0.01,0.64,-3.1,-0.39,0.05,0.37
2024-03-25 16:59:56.2350,0.04,0.68,-2.86,-0.39,0.1,0.37
2024-03-25 16:59:56.2450,-0.05,0.65,-2.21,-0.36,0.11,0.36
2024-03-25 16:59:56.2550,-0.13,0.62,-1.48,-0.33,0.1,0.36
2024-03-25 16:59:56.2650,-0.16,0.5,-0.9,-0.27,0.09,0.33
2024-03-25 16:59:56.2750,0.03,0.46,-0.26,-0.18,0.09,0.27
2024-03-25 16:59:56.2850,0.2,0.44,0.19,-0.1,0.06,0.17
2024-03-25 16:59:56.2950,0.47,0.48,0.31,-0.03,0.01,0.06
2024-03-25 16:59:56.3050,0.6,0.57,0.35,0.04,-0.01,-0.02
2024-03-25 16:59:56.3150,0.39,0.7,0.55,0.11,-0.02,-0.05
2024-03-25 16:59:56.3250,0.12,0.92,0.68,0.14,-0.03,-0.04
2024-03-25 16:59:56.3350,-0.14,1.09,0.61,0.13,-0.09,-0.02
2024-03-25 16:59:56.3450,-0.35,1.25,0.7,0.11,-0.15,0.01
2024-03-25 16:59:56.3550,-0.36,1.37,0.98,0.1,-0.21,0.01
2024-03-25 16:59:56.3650,-0.25,1.43,1.29,0.1,-0.22,-0.01
2024-03-25 16:59:56.3750,-0.09,1.46,1.55,0.1,-0.19,-0.04
2024-03-25 16:59:56.3850,0.0,1.51,1.85,0.09,-0.12,-0.08
2024-03-25 16:59:56.3950,-0.08,1.47,2.23,0.09,-0.07,-0.1
2024-03-25 16:59:56.4050,-0.28,1.45,2.76,0.09,-0.07,-0.12
2024-03-25 16:59:56.4150,-0.47,1.42,3.27,0.1,-0.12,-0.15
2024-03-25 16:59:56.4250,-0.52,1.36,3.71,0.14,-0.21,-0.2
2024-03-25 16:59:56.4350,-0.41,1.32,4.06,0.2,-0.3,-0.27
2024-03-25 16:59:56.4450,-0.24,1.41,4.2,0.23,-0.32,-0.3
2024-03-25 16:59:56.4550,-0.29,1.48,3.96,0.21,-0.23,-0.23
2024-03-25 16:59:56.4650,-0.62,1.26,3.79,0.2,-0.1,-0.08
2024-03-25 16:59:56.4750,-0.96,0.55,4.28,0.28,-0.05,0.02
2024-03-25 16:59:56.4850,-0.85,-0.35,5.01,0.4,-0.12,0.0
2024-03-25 16:59:56.4950,-0.32,-1.22,4.98,0.53,-0.28,-0.12
2024-03-25 16:59:56.5050,0.15,-1.76,4.44,0.63,-0.4,-0.25
2024-03-25 16:59:56.5150,0.22,-1.9,3.61,0.7,-0.42,-0.29
2024-03-25 16:59:56.5250,-0.01,-1.86,2.62,0.76,-0.39,-0.27
2024-03-25 16:59:56.5350,-0.15,-1.88,1.63,0.76,-0.36,-0.23
2024-03-25 16:59:56.5450,-0.08,-1.97,0.54,0.69,-0.31,-0.19
2024-03-25 16:59:56.5550,0.07,-2.09,-0.62,0.56,-0.22,-0.15
2024-03-25 16:59:56.5650,0.19,-2.19,-1.45,0.42,-0.1,-0.11
2024-03-25 16:59:56.5750,0.31,-2.25,-1.88,0.29,0.04,-0.07
2024-03-25 16:59:56.5850,0.3,-2.33,-2.22,0.12,0.15,-0.03
2024-03-25 16:59:56.5950,0.18,-2.44,-2.66,-0.08,0.24,0.02
2024-03-25 16:59:56.6050,-0.04,-2.65,-2.67,-0.21,0.31,0.07
2024-03-25 16:59:56.6150,-0.09,-2.84,-2.14,-0.27,0.3,0.06
2024-03-25 16:59:56.6250,0.04,-3.02,-1.75,-0.32,0.22,-0.0
2024-03-25 16:59:56.6350,0.33,-2.98,-1.81,-0.36,0.1,-0.1
2024-03-25 16:59:56.6450,0.55,-2.67,-1.99,-0.38,0.01,-0.18
2024-03-25 16:59:56.6550,0.59,-2.21,-2.15,-0.36,0.01,-0.23
2024-03-25 16:59:56.6650,0.55,-1.75,-2.42,-0.36,0.05,-0.26
2024-03-25 16:59:56.6750,0.44,-1.3,-2.83,-0.37,0.1,-0.24
2024-03-25 16:59:56.6850,0.16,-0.87,-3.13,-0.37,0.14,-0.19
2024-03-25 16:59:56.6950,-0.04,-0.41,-3.21,-0.37,0.14,-0.13
2024-03-25 16:59:56.7050,-0.11,-0.09,-3.28,-0.37,0.1,-0.08
2024-03-25 16:59:56.7150,-0.04,0.16,-3.35,-0.37,0.07,-0.05
2024-03-25 16:59:56.7250,0.07,0.31,-3.43,-0.35,0.06,-0.02
2024-03-25 16:59:56.7350,0.18,0.4,-3.35,-0.34,0.08,0.0
2024-03-25 16:59:56.7450,0.22,0.49,-3.23,-0.35,0.1,0.06
2024-03-25 16:59:56.7550,0.18,0.56,-3.08,-0.36,0.12,0.12
2024-03-25 16:59:56.7650,0.17,0.51,-2.72,-0.37,0.12,0.16
2024-03-25 16:59:56.7750,0.24,0.43,-2.25,-0.37,0.13,0.2
2024-03-25 16:59:56.7850,0.28,0.27,-1.83,-0.33,0.11,0.23
2024-03-25 16:59:56.7950,0.39,0.12,-1.15,-0.26,0.07,0.2
2024-03-25 16:59:56.8050,0.62,-0.03,-0.68,-0.23,0.01,0.15
2024-03-25 16:59:56.8150,0.74,0.01,-0.59,-0.25,-0.06,0.11
2024-03-25 16:59:56.8250,0.71,0.16,-0.68,-0.3,-0.11,0.09
2024-03-25 16:59:56.8340,0.69,0.43,-0.56,-0.34,-0.1,0.09
2024-03-25 16:59:56.8450,0.79,0.67,-0.23,-0.36,-0.03,0.07
2024-03-25 16:59:56.8540,0.99,0.9,0.15,-0.38,0.07,0.04
2024-03-25 16:59:56.8650,1.13,1.08,0.51,-0.4,0.21,0.03
2024-03-25 16:59:56.8740,1.11,1.23,1.07,-0.37,0.37,0.03
2024-03-25 16:59:56.8840,0.96,1.23,2.17,-0.28,0.5,0.01
2024-03-25 16:59:56.8940,0.89,1.14,3.35,-0.19,0.59,-0.04
2024-03-25 16:59:56.9040,0.86,0.96,4.18,-0.1,0.59,-0.12
2024-03-25 16:59:56.9140,0.67,0.83,4.97,0.01,0.53,-0.22
2024-03-25 16:59:56.9240,0.44,0.77,5.56,0.12,0.47,-0.29
2024-03-25 16:59:56.9340,0.07,0.77,5.91,0.25,0.42,-0.32
2024-03-25 16:59:56.9440,-0.26,0.89,6.12,0.39,0.36,-0.32
2024-03-25 16:59:56.9540,-0.51,1.21,6.11,0.51,0.28,-0.31
2024-03-25 16:59:56.9640,-0.75,1.55,5.65,0.62,0.22,-0.25
2024-03-25 16:59:56.9740,-0.96,1.85,4.99,0.67,0.24,-0.16
2024-03-25 16:59:56.9850,-1.16,1.91,4.15,0.66,0.25,-0.03
2024-03-25 16:59:56.9940,-1.37,1.74,3.4,0.66,0.23,0.12
2024-03-25 16:59:57.0040,-1.66,1.21,3.15,0.75,0.15,0.26
2024-03-25 16:59:57.0140,-1.67,0.32,3.06,0.85,0.03,0.34
2024-03-25 16:59:57.0250,-1.28,-0.77,2.36,0.88,-0.13,0.37
2024-03-25 16:59:57.0340,-0.91,-1.81,1.17,0.86,-0.32,0.36
2024-03-25 16:59:57.0440,-0.65,-2.56,0.3,0.83,-0.43,0.33
2024-03-25 16:59:57.0540,-0.34,-3.14,-0.45,0.77,-0.43,0.29
2024-03-25 16:59:57.0640,-0.22,-3.54,-1.22,0.71,-0.38,0.28
2024-03-25 16:59:57.0740,-0.37,-3.78,-1.78,0.62,-0.29,0.25
2024-03-25 16:59:57.0840,-0.42,-3.96,-2.37,0.51,-0.2,0.2
2024-03-25 16:59:57.0940,-0.5,-4.09,-2.94,0.37,-0.09,0.13
2024-03-25 16:59:57.1040,-0.59,-4.06,-3.54,0.21,-0.0,0.05
2024-03-25 16:59:57.1140,-0.8,-3.86,-4.0,0.04,0.07,0.0
2024-03-25 16:59:57.1240,-1.18,-3.37,-4.32,-0.15,0.11,0.01
2024-03-25 16:59:57.1340,-1.6,-2.67,-4.55,-0.38,0.07,0.07
2024-03-25 16:59:57.1440,-1.9,-1.96,-4.8,-0.59,0.03,0.18
2024-03-25 16:59:57.1540,-2.15,-1.29,-4.68,-0.75,0.02,0.34
2024-03-25 16:59:57.1640,-2.12,-0.84,-4.38,-0.86,0.06,0.49
2024-03-25 16:59:57.1740,-1.9,-0.55,-3.98,-0.9,0.11,0.62
2024-03-25 16:59:57.1840,-1.58,-0.46,-3.53,-0.9,0.18,0.68
2024-03-25 16:59:57.1940,-1.17,-0.51,-3.03,-0.86,0.23,0.71
2024-03-25 16:59:57.2040,-0.89,-0.54,-2.54,-0.8,0.28,0.71
2024-03-25 16:59:57.2140,-0.74,-0.51,-2.09,-0.73,0.29,0.68
2024-03-25 16:59:57.2240,-0.61,-0.43,-1.73,-0.64,0.24,0.65
2024-03-25 16:59:57.2340,-0.52,-0.24,-1.45,-0.52,0.18,0.61
2024-03-25 16:59:57.2440,-0.49,0.04,-1.17,-0.4,0.13,0.59
2024-03-25 16:59:57.2540,-0.5,0.4,-1.26,-0.34,0.12,0.61
2024-03-25 16:59:57.2640,-0.57,0.78,-1.6,-0.33,0.1,0.66
2024-03-25 16:59:57.2740,-0.54,1.11,-1.85,-0.38,0.05,0.71
2024-03-25 16:59:57.2840,-0.39,1.26,-1.99,-0.41,-0.02,0.74
2024-03-25 16:59:57.2940,-0.09,1.25,-1.65,-0.38,-0.07,0.74
2024-03-25 16:59:57.3040,0.31,1.09,-1.09,-0.3,-0.12,0.71
2024-03-25 16:59:57.3140,0.74,0.87,-0.65,-0.24,-0.14,0.63
2024-03-25 16:59:57.3240,1.19,0.68,-0.72,-0.25,-0.14,0.55
2024-03-25 16:59:57.3340,1.41,0.56,-0.84,-0.28,-0.12,0.48
2024-03-25 16:59:57.3440,1.5,0.57,-0.54,-0.33,-0.06,0.43
2024-03-25 16:59:57.3540,1.52,0.61,-0.11,-0.38,-0.03,0.38
2024-03-25 16:59:57.3640,1.47,0.6,0.47,-0.42,-0.06,0.31
2024-03-25 16:59:57.3740,1.33,0.6,1.18,-0.43,-0.12,0.23
2024-03-25 16:59:57.3840,1.25,0.59,1.94,-0.41,-0.19,0.12
2024-03-25 16:59:57.3940,1.28,0.65,2.65,-0.35,-0.24,-0.01
2024-03-25 16:59:57.4040,1.2,0.74,3.34,-0.26,-0.28,-0.13
2024-03-25 16:59:57.4180,0.96,0.97,3.82,-0.19,-0.27,-0.23
2024-03-25 16:59:57.4250,0.59,1.21,4.02,-0.16,-0.23,-0.28
2024-03-25 16:59:57.4340,0.2,1.48,4.07,-0.16,-0.23,-0.32
2024-03-25 16:59:57.4440,-0.13,1.64,4.18,-0.15,-0.26,-0.35
2024-03-25 16:59:57.4540,-0.41,1.8,4.63,-0.08,-0.3,-0.38
2024-03-25 16:59:57.4640,-0.54,1.93,5.12,0.02,-0.35,-0.42
2024-03-25 16:59:57.4740,-0.57,2.01,5.25,0.11,-0.37,-0.45
2024-03-25 16:59:57.4840,-0.67,2.06,5.07,0.19,-0.35,-0.42
2024-03-25 16:59:57.4940,-0.82,2.01,4.84,0.29,-0.29,-0.35
2024-03-25 16:59:57.5040,-1.0,1.6,4.77,0.41,-0.24,-0.26
2024-03-25 16:59:57.5140,-1.0,0.94,4.68,0.54,-0.3,-0.25
2024-03-25 16:59:57.5240,-0.64,0.31,4.14,0.64,-0.38,-0.29
2024-03-25 16:59:57.5340,-0.25,-0.23,3.26,0.71,-0.46,-0.34
2024-03-25 16:59:57.5440,0.0,-0.49,2.15,0.73,-0.51,-0.37
2024-03-25 16:59:57.5540,0.08,-0.65,1.09,0.73,-0.52,-0.36
2024-03-25 16:59:57.5640,0.13,-0.79,0.28,0.73,-0.51,-0.33
2024-03-25 16:59:57.5740,0.33,-1.01,-0.44,0.72,-0.47,-0.3
2024-03-25 16:59:57.5840,0.66,-1.24,-1.06,0.7,-0.39,-0.28
2024-03-25 16:59:57.5940,1.0,-1.44,-1.6,0.64,-0.29,-0.27
2024-03-25 16:59:57.6040,1.28,-1.54,-2.25,0.53,-0.19,-0.27
2024-03-25 16:59:57.6140,1.42,-1.49,-2.81,0.38,-0.09,-0.26
2024-03-25 16:59:57.6240,1.42,-1.48,-3.27,0.18,0.03,-0.23
2024-03-25 16:59:57.6340,1.32,-1.52,-3.52,-0.02,0.17,-0.17
2024-03-25 16:59:57.6440,1.02,-1.69,-3.25,-0.16,0.29,-0.09
2024-03-25 16:59:57.6540,0.73,-1.95,-2.46,-0.24,0.31,-0.05
2024-03-25 16:59:57.6640,0.8,-2.25,-1.74,-0.29,0.23,-0.08
2024-03-25 16:59:57.6740,1.08,-2.48,-1.32,-0.28,0.08,-0.19
2024-03-25 16:59:57.6840,1.45,-2.54,-0.96,-0.21,-0.05,-0.35
2024-03-25 16:59:57.6940,1.75,-2.32,-0.76,-0.13,-0.1,-0.52
2024-03-25 16:59:57.7040,1.91,-1.97,-1.0,-0.08,-0.1,-0.65
2024-03-25 16:59:57.7140,1.73,-1.48,-1.46,-0.03,-0.07,-0.72
2024-03-25 16:59:57.7240,1.33,-0.88,-1.88,-0.0,-0.07,-0.73
2024-03-25 16:59:57.7340,0.98,-0.33,-2.31,0.0,-0.08,-0.71
2024-03-25 16:59:57.7440,0.69,0.05,-2.67,0.01,-0.1,-0.66
2024-03-25 16:59:57.7540,0.46,0.39,-2.91,0.02,-0.1,-0.6
2024-03-25 16:59:57.7640,0.34,0.56,-3.16,0.01,-0.08,-0.53
2024-03-25 16:59:57.7740,0.29,0.63,-3.37,-0.0,-0.06,-0.47
2024-03-25 16:59:57.7840,0.32,0.67,-3.41,-0.04,-0.03,-0.42
2024-03-25 16:59:57.7940,0.43,0.67,-3.43,-0.11,-0.02,-0.36
2024-03-25 16:59:57.8040,0.4,0.76,-3.27,-0.2,0.0,-0.28
2024-03-25 16:59:57.8140,0.18,0.8,-2.78,-0.27,0.03,-0.16
2024-03-25 16:59:57.8240,-0.02,0.67,-1.93,-0.27,0.05,-0.07
2024-03-25 16:59:57.8340,0.0,0.37,-0.93,-0.24,0.05,-0.02
2024-03-25 16:59:57.8440,-0.01,0.03,-0.32,-0.22,0.02,-0.0
2024-03-25 16:59:57.8540,-0.05,-0.23,-0.01,-0.19,-0.05,-0.03
2024-03-25 16:59:57.8640,0.02,-0.52,0.32,-0.16,-0.12,-0.13
2024-03-25 16:59:57.8740,0.25,-0.74,0.58,-0.15,-0.15,-0.26
2024-03-25 16:59:57.8840,0.43,-0.8,0.63,-0.16,-0.1,-0.4
2024-03-25 16:59:57.8940,0.46,-0.62,0.57,-0.21,0.04,-0.51
2024-03-25 16:59:57.9040,0.33,-0.23,0.61,-0.24,0.26,-0.58
2024-03-25 16:59:57.9140,-0.04,0.31,1.14,-0.22,0.45,-0.59
2024-03-25 16:59:57.9240,-0.62,0.94,2.06,-0.18,0.57,-0.57
2024-03-25 16:59:57.9340,-1.27,1.41,2.85,-0.12,0.59,-0.52
2024-03-25 16:59:57.9440,-1.68,1.75,3.49,-0.07,0.51,-0.48
2024-03-25 16:59:57.9540,-2.16,1.94,4.05,0.06,0.37,-0.38
2024-03-25 16:59:57.9640,-2.54,2.28,4.77,0.2,0.18,-0.28
2024-03-25 16:59:57.9740,-2.66,2.67,4.7,0.32,0.16,-0.19
2024-03-25 16:59:57.9840,-2.28,2.58,4.14,0.34,0.25,-0.03
2024-03-25 16:59:57.9940,-2.1,1.99,3.22,0.3,0.32,0.22
2024-03-25 16:59:58.0040,-2.25,1.23,2.78,0.26,0.31,0.48
2024-03-25 16:59:58.0140,-1.81,-0.06,2.62,0.26,0.16,0.6
2024-03-25 16:59:58.0240,-0.88,-1.35,2.63,0.19,-0.01,0.62
2024-03-25 16:59:58.0340,-0.13,-2.33,2.06,0.05,-0.08,0.59
2024-03-25 16:59:58.0440,0.36,-3.15,1.78,-0.04,-0.09,0.51
2024-03-25 16:59:58.0540,0.47,-3.8,2.21,-0.02,-0.02,0.42
2024-03-25 16:59:58.0640,0.33,-4.51,3.03,0.17,0.01,0.27
2024-03-25 16:59:58.0740,0.29,-4.9,3.6,0.35,-0.1,0.07
2024-03-25 16:59:58.0840,0.25,-4.89,2.77,0.37,-0.31,-0.11
2024-03-25 16:59:58.0940,-0.03,-4.2,0.78,0.24,-0.47,-0.18
2024-03-25 16:59:58.1040,-0.51,-3.31,-1.02,0.07,-0.49,-0.15
2024-03-25 16:59:58.1140,-0.78,-2.4,-2.06,-0.14,-0.36,-0.07
2024-03-25 16:59:58.1240,-0.95,-1.83,-2.84,-0.3,-0.13,0.07
2024-03-25 16:59:58.1340,-1.05,-1.41,-2.93,-0.41,0.07,0.19
2024-03-25 16:59:58.1440,-1.06,-1.24,-2.66,-0.46,0.16,0.25
2024-03-25 16:59:58.1540,-0.89,-1.16,-2.24,-0.45,0.19,0.22
2024-03-25 16:59:58.1640,-0.64,-1.15,-1.98,-0.39,0.2,0.16
2024-03-25 16:59:58.1740,-0.58,-1.01,-1.76,-0.27,0.2,0.11
2024-03-25 16:59:58.1840,-0.78,-0.77,-1.56,-0.13,0.21,0.1
2024-03-25 16:59:58.1940,-1.11,-0.43,-1.64,-0.03,0.2,0.14
2024-03-25 16:59:58.2040,-1.57,-0.11,-2.19,0.01,0.18,0.25
2024-03-25 16:59:58.2140,-1.93,0.29,-2.8,-0.01,0.14,0.39
2024-03-25 16:59:58.2240,-1.98,0.61,-3.29,-0.05,0.06,0.51
2024-03-25 16:59:58.2340,-1.65,0.81,-3.68,-0.1,-0.02,0.57
2024-03-25 16:59:58.2440,-1.13,0.79,-3.99,-0.13,-0.04,0.58
2024-03-25 16:59:58.2540,-0.56,0.71,-3.91,-0.09,0.02,0.55
2024-03-25 16:59:58.2640,-0.12,0.59,-3.64,-0.05,0.15,0.5
2024-03-25 16:59:58.2740,0.14,0.58,-3.47,-0.05,0.29,0.46
2024-03-25 16:59:58.2840,0.12,0.58,-3.3,-0.09,0.39,0.47
2024-03-25 16:59:58.2940,-0.13,0.59,-2.78,-0.12,0.43,0.51
2024-03-25 16:59:58.3040,-0.38,0.57,-1.99,-0.15,0.4,0.54
2024-03-25 16:59:58.3140,-0.35,0.62,-1.26,-0.2,0.3,0.56
2024-03-25 16:59:58.3240,-0.21,0.51,-0.69,-0.21,0.17,0.53
2024-03-25 16:59:58.3340,0.11,0.44,0.06,-0.17,0.08,0.46
2024-03-25 16:59:58.3450,0.39,0.35,0.76,-0.11,0.05,0.37
2024-03-25 16:59:58.3540,0.68,0.21,1.39,-0.03,0.08,0.26
2024-03-25 16:59:58.3640,0.86,0.3,1.95,0.04,0.1,0.18
2024-03-25 16:59:58.3740,0.71,0.54,2.25,0.05,0.1,0.14
2024-03-25 16:59:58.3840,0.4,0.88,2.34,0.01,0.07,0.13
2024-03-25 16:59:58.3940,0.18,1.18,2.41,-0.06,0.03,0.14
2024-03-25 16:59:58.4040,0.05,1.34,2.67,-0.12,-0.04,0.16
2024-03-25 16:59:58.4140,-0.04,1.37,3.23,-0.14,-0.14,0.17
2024-03-25 16:59:58.4240,0.04,1.3,3.71,-0.1,-0.26,0.12
2024-03-25 16:59:58.4340,0.45,1.07,4.26,0.0,-0.39,-0.0
2024-03-25 16:59:58.4440,1.03,0.79,4.61,0.12,-0.51,-0.18
2024-03-25 16:59:58.4540,1.55,0.76,4.57,0.23,-0.57,-0.36
2024-03-25 16:59:58.4640,1.7,1.03,4.08,0.3,-0.54,-0.49
2024-03-25 16:59:58.4740,1.61,1.39,3.54,0.34,-0.43,-0.57
2024-03-25 16:59:58.4840,1.4,1.62,3.11,0.34,-0.23,-0.59
2024-03-25 16:59:58.4940,1.12,1.69,2.86,0.33,-0.04,-0.55
2024-03-25 16:59:58.5040,0.55,1.41,3.12,0.43,0.05,-0.48
2024-03-25 16:59:58.5140,-0.06,0.99,3.83,0.59,0.05,-0.43
2024-03-25 16:59:58.5240,-0.31,0.25,3.93,0.76,-0.06,-0.4
2024-03-25 16:59:58.5340,-0.52,-0.37,3.37,0.84,-0.22,-0.39
2024-03-25 16:59:58.5440,-0.65,-0.86,2.08,0.81,-0.37,-0.37
2024-03-25 16:59:58.5540,-0.66,-1.27,0.6,0.72,-0.46,-0.34
2024-03-25 16:59:58.5640,-0.62,-1.55,-0.55,0.63,-0.49,-0.28
2024-03-25 16:59:58.5740,-0.5,-1.76,-1.31,0.55,-0.48,-0.23
2024-03-25 16:59:58.5840,-0.32,-1.89,-1.96,0.45,-0.39,-0.16
2024-03-25 16:59:58.5940,-0.14,-1.94,-2.58,0.34,-0.25,-0.08
2024-03-25 16:59:58.6040,0.0,-1.96,-3.12,0.19,-0.06,-0.0
2024-03-25 16:59:58.6140,0.09,-1.98,-3.43,0.04,0.1,0.09
2024-03-25 16:59:58.6230,0.01,-2.15,-3.41,-0.1,0.18,0.17
2024-03-25 16:59:58.6340,-0.01,-2.4,-2.95,-0.19,0.18,0.2
2024-03-25 16:59:58.6430,0.08,-2.74,-2.42,-0.25,0.14,0.2
2024-03-25 16:59:58.6540,0.23,-3.0,-2.0,-0.27,0.05,0.14
2024-03-25 16:59:58.6630,0.6,-3.07,-1.8,-0.26,-0.04,0.03
2024-03-25 16:59:58.6730,1.08,-2.92,-1.79,-0.24,-0.07,-0.1
2024-03-25 16:59:58.6830,1.36,-2.54,-1.98,-0.23,-0.02,-0.2
2024-03-25 16:59:58.6930,1.34,-2.07,-2.33,-0.21,0.08,-0.25
2024-03-25 16:59:58.7030,1.17,-1.57,-2.66,-0.22,0.19,-0.26
2024-03-25 16:59:58.7140,0.89,-1.09,-2.97,-0.26,0.25,-0.25
2024-03-25 16:59:58.7230,0.73,-0.67,-3.16,-0.3,0.26,-0.26
2024-03-25 16:59:58.7340,0.74,-0.34,-3.17,-0.32,0.25,-0.27
2024-03-25 16:59:58.7440,0.76,-0.08,-2.99,-0.28,0.21,-0.28
2024-03-25 16:59:58.7530,0.69,0.15,-2.71,-0.24,0.19,-0.27
2024-03-25 16:59:58.7630,0.65,0.39,-2.59,-0.22,0.18,-0.26
2024-03-25 16:59:58.7740,0.61,0.59,-2.68,-0.24,0.18,-0.22
2024-03-25 16:59:58.7830,0.51,0.79,-2.77,-0.29,0.2,-0.15
2024-03-25 16:59:58.7930,0.36,1.0,-2.59,-0.33,0.22,-0.07
2024-03-25 16:59:58.8030,0.34,1.15,-2.24,-0.39,0.22,0.0
2024-03-25 16:59:58.8140,0.37,1.19,-1.92,-0.45,0.21,0.07
2024-03-25 16:59:58.8230,0.46,1.14,-1.55,-0.48,0.16,0.12
2024-03-25 16:59:58.8330,0.63,0.95,-0.74,-0.41,0.09,0.11
2024-03-25 16:59:58.8430,0.89,0.71,0.21,-0.32,0.05,0.08
2024-03-25 16:59:58.8530,1.07,0.46,0.77,-0.24,0.02,0.01
2024-03-25 16:59:58.8630,1.34,0.31,1.08,-0.19,0.03,-0.09
2024-03-25 16:59:58.8730,1.54,0.23,1.18,-0.18,0.04,-0.19
2024-03-25 16:59:58.8830,1.38,0.28,1.4,-0.18,0.06,-0.25
2024-03-25 16:59:58.8930,1.03,0.44,1.81,-0.18,0.11,-0.27
2024-03-25 16:59:58.9030,0.79,0.54,2.27,-0.14,0.19,-0.3
2024-03-25 16:59:58.9130,0.77,0.63,2.83,-0.08,0.28,-0.35
2024-03-25 16:59:58.9230,0.77,0.65,3.27,-0.03,0.37,-0.41
2024-03-25 16:59:58.9330,0.62,0.63,3.54,-0.0,0.47,-0.44
2024-03-25 16:59:58.9430,0.27,0.6,3.71,-0.01,0.57,-0.46
2024-03-25 16:59:58.9530,-0.23,0.61,4.0,-0.01,0.63,-0.44
2024-03-25 16:59:58.9630,-0.9,0.75,4.47,0.02,0.61,-0.43
2024-03-25 16:59:58.9730,-1.32,0.89,4.96,0.09,0.55,-0.43
2024-03-25 16:59:58.9830,-1.47,1.03,5.25,0.2,0.48,-0.45
2024-03-25 16:59:58.9930,-1.4,1.22,5.23,0.36,0.41,-0.45
2024-03-25 16:59:59.0030,-1.63,1.72,4.98,0.46,0.38,-0.4
2024-03-25 16:59:59.0130,-1.97,2.29,3.97,0.53,0.42,-0.23
2024-03-25 16:59:59.0230,-2.78,2.63,3.13,0.5,0.55,0.03
2024-03-25 16:59:59.0330,-3.23,2.23,2.31,0.52,0.5,0.27
2024-03-25 16:59:59.0430,-2.93,1.46,2.11,0.58,0.29,0.39
2024-03-25 16:59:59.0530,-1.89,0.26,1.79,0.6,0.03,0.39
2024-03-25 16:59:59.0630,-0.83,-0.92,0.75,0.54,-0.14,0.39
2024-03-25 16:59:59.0730,-0.4,-1.71,-0.3,0.47,-0.17,0.41
2024-03-25 16:59:59.0830,-0.12,-2.22,-0.57,0.43,-0.13,0.42
2024-03-25 16:59:59.0930,0.08,-2.67,-0.62,0.4,-0.06,0.44
2024-03-25 16:59:59.1030,0.16,-3.12,-0.78,0.37,0.0,0.43
2024-03-25 16:59:59.1130,0.28,-3.44,-0.94,0.33,0.02,0.38
2024-03-25 16:59:59.1230,0.37,-3.66,-1.3,0.27,-0.0,0.3
2024-03-25 16:59:59.1330,0.41,-3.68,-1.75,0.21,-0.05,0.22
2024-03-25 16:59:59.1430,0.3,-3.49,-2.07,0.17,-0.11,0.18
2024-03-25 16:59:59.1540,0.07,-3.13,-2.41,0.11,-0.18,0.18
2024-03-25 16:59:59.1630,-0.12,-2.7,-3.0,-0.0,-0.26,0.2
2024-03-25 16:59:59.1730,-0.15,-2.25,-3.79,-0.17,-0.3,0.25
2024-03-25 16:59:59.1830,-0.11,-1.82,-4.44,-0.35,-0.27,0.34
2024-03-25 16:59:59.1930,-0.05,-1.44,-4.69,-0.47,-0.16,0.43
2024-03-25 16:59:59.2030,0.13,-1.22,-4.53,-0.54,-0.02,0.5
2024-03-25 16:59:59.2130,0.31,-1.16,-4.17,-0.58,0.08,0.52
2024-03-25 16:59:59.2230,0.51,-1.22,-3.77,-0.58,0.13,0.48
2024-03-25 16:59:59.2330,0.63,-1.33,-3.19,-0.52,0.11,0.41
2024-03-25 16:59:59.2430,0.73,-1.33,-2.56,-0.46,0.06,0.31
2024-03-25 16:59:59.2530,0.72,-1.2,-2.3,-0.43,-0.01,0.24
2024-03-25 16:59:59.2630,0.58,-0.89,-2.18,-0.42,-0.07,0.2
2024-03-25 16:59:59.2730,0.4,-0.41,-2.07,-0.43,-0.08,0.19
2024-03-25 16:59:59.2830,0.23,0.06,-2.02,-0.45,-0.08,0.22
2024-03-25 16:59:59.2930,0.2,0.52,-1.94,-0.47,-0.07,0.23
2024-03-25 16:59:59.3030,0.29,0.79,-1.81,-0.47,-0.05,0.24
2024-03-25 16:59:59.3130,0.31,0.99,-1.46,-0.44,-0.01,0.23
2024-03-25 16:59:59.3230,0.33,1.1,-0.98,-0.4,0.01,0.21
2024-03-25 16:59:59.3330,0.38,1.16,-0.67,-0.39,-0.01,0.17
2024-03-25 16:59:59.3440,0.41,1.23,-0.4,-0.38,-0.04,0.14
2024-03-25 16:59:59.3530,0.4,1.37,-0.03,-0.36,-0.06,0.12
2024-03-25 16:59:59.3630,0.36,1.45,0.42,-0.32,-0.06,0.1
2024-03-25 16:59:59.3730,0.34,1.47,0.88,-0.3,-0.05,0.09
2024-03-25 16:59:59.3830,0.22,1.43,1.13,-0.25,-0.05,0.1
2024-03-25 16:59:59.3930,0.06,1.29,1.68,-0.14,-0.08,0.09
2024-03-25 16:59:59.4030,-0.04,1.08,2.33,-0.05,-0.17,0.05
2024-03-25 16:59:59.4130,-0.12,0.89,2.6,0.01,-0.24,-0.01
2024-03-25 16:59:59.4230,-0.06,0.86,2.58,0.02,-0.29,-0.08
2024-03-25 16:59:59.4330,-0.11,1.03,2.5,-0.0,-0.3,-0.11
2024-03-25 16:59:59.4430,-0.37,1.29,2.55,-0.02,-0.24,-0.08
2024-03-25 16:59:59.4530,-0.6,1.56,2.88,-0.01,-0.14,-0.04
2024-03-25 16:59:59.4630,-0.72,1.66,3.38,0.03,-0.07,-0.03
2024-03-25 16:59:59.4730,-0.75,1.6,3.94,0.11,-0.09,-0.07
2024-03-25 16:59:59.4830,-0.62,1.5,4.37,0.26,-0.18,-0.13
2024-03-25 16:59:59.4930,-0.63,1.34,4.8,0.49,-0.32,-0.23
2024-03-25 16:59:59.5030,-0.62,1.26,5.1,0.73,-0.41,-0.32
2024-03-25 16:59:59.5130,-0.51,1.33,4.5,0.83,-0.51,-0.42
2024-03-25 16:59:59.5230,-0.26,1.71,3.0,0.82,-0.63,-0.49
2024-03-25 16:59:59.5330,-0.22,2.22,1.85,0.76,-0.64,-0.42
2024-03-25 16:59:59.5430,-0.48,2.44,1.17,0.69,-0.51,-0.19
2024-03-25 16:59:59.5530,-0.6,2.08,0.8,0.63,-0.31,0.05
2024-03-25 16:59:59.5630,-0.22,1.01,0.77,0.6,-0.22,0.18
2024-03-25 16:59:59.5730,0.53,-0.42,0.78,0.57,-0.25,0.21
2024-03-25 16:59:59.5830,1.06,-1.58,0.66,0.5,-0.34,0.17
2024-03-25 16:59:59.5930,1.6,-2.35,0.35,0.43,-0.4,0.08
2024-03-25 16:59:59.6030,2.02,-2.99,0.08,0.39,-0.39,-0.01
2024-03-25 16:59:59.6130,2.18,-3.38,0.11,0.39,-0.32,-0.09
2024-03-25 16:59:59.6230,2.07,-3.64,0.05,0.39,-0.22,-0.13
2024-03-25 16:59:59.6330,1.76,-3.72,-0.34,0.32,-0.11,-0.15
2024-03-25 16:59:59.6430,1.38,-3.74,-0.95,0.19,-0.03,-0.16
2024-03-25 16:59:59.6530,0.95,-3.82,-1.45,0.04,0.0,-0.17
2024-03-25 16:59:59.6630,0.58,-3.91,-1.57,-0.09,-0.0,-0.21
2024-03-25 16:59:59.6730,0.3,-4.02,-1.52,-0.16,-0.0,-0.28
2024-03-25 16:59:59.6830,0.15,-3.94,-1.34,-0.17,-0.02,-0.4
2024-03-25 16:59:59.6930,0.16,-3.4,-1.23,-0.17,-0.04,-0.49
2024-03-25 16:59:59.7030,0.11,-2.59,-1.58,-0.18,-0.05,-0.57
2024-03-25 16:59:59.7130,0.02,-1.83,-2.11,-0.2,-0.01,-0.62
2024-03-25 16:59:59.7230,-0.1,-1.24,-2.58,-0.21,0.06,-0.63
2024-03-25 16:59:59.7330,-0.33,-0.7,-2.8,-0.21,0.12,-0.6
2024-03-25 16:59:59.7430,-0.61,-0.11,-2.93,-0.23,0.16,-0.52
2024-03-25 16:59:59.7530,-0.88,0.35,-3.06,-0.24,0.17,-0.42
2024-03-25 16:59:59.7630,-1.0,0.7,-3.06,-0.24,0.14,-0.31
2024-03-25 16:59:59.7730,-1.08,0.92,-2.97,-0.22,0.1,-0.2
2024-03-25 16:59:59.7830,-0.99,1.02,-2.77,-0.19,0.08,-0.12
2024-03-25 16:59:59.7930,-0.78,1.01,-2.66,-0.17,0.08,-0.05
2024-03-25 16:59:59.8030,-0.61,0.94,-2.58,-0.15,0.09,0.02
2024-03-25 16:59:59.8130,-0.48,0.87,-2.4,-0.16,0.1,0.11
2024-03-25 16:59:59.8230,-0.39,0.83,-2.16,-0.16,0.09,0.21
2024-03-25 16:59:59.8330,-0.17,0.8,-1.87,-0.17,0.04,0.27
2024-03-25 16:59:59.8430,0.18,0.72,-1.61,-0.18,-0.03,0.33
2024-03-25 16:59:59.8530,0.38,0.58,-1.36,-0.18,-0.08,0.38
2024-03-25 16:59:59.8630,0.55,0.5,-1.09,-0.17,-0.12,0.4
2024-03-25 16:59:59.8730,0.79,0.34,-0.93,-0.16,-0.14,0.4
2024-03-25 16:59:59.8830,1.04,0.14,-0.75,-0.14,-0.12,0.35
2024-03-25 16:59:59.8930,1.41,-0.02,-0.51,-0.12,-0.08,0.26
2024-03-25 16:59:59.9030,1.68,-0.1,-0.23,-0.12,-0.03,0.15
2024-03-25 16:59:59.9130,1.82,-0.01,-0.06,-0.16,0.01,0.03
2024-03-25 16:59:59.9230,1.77,0.19,0.08,-0.21,0.06,-0.08
2024-03-25 16:59:59.9330,1.59,0.5,0.44,-0.22,0.12,-0.15
2024-03-25 16:59:59.9430,1.3,0.9,1.07,-0.2,0.21,-0.17
2024-03-25 16:59:59.9530,0.92,1.3,1.81,-0.18,0.31,-0.16
2024-03-25 16:59:59.9630,0.66,1.62,2.36,-0.17,0.42,-0.15
2024-03-25 16:59:59.9730,0.49,1.75,2.85,-0.15,0.52,-0.14
2024-03-25 16:59:59.9830,0.24,1.7,3.6,-0.09,0.6,-0.14
2024-03-25 16:59:59.9930,0.0,1.51,4.37,-0.01,0.64,-0.16
2024-03-25 17:0:00.0030,-0.25,1.26,5.0,0.11,0.61,-0.18
2024-03-25 17:0:00.0130,-0.55,0.99,5.53,0.29,0.55,-0.22
2024-03-25 17:0:00.0230,-0.87,0.82,5.94,0.52,0.48,-0.24
2024-03-25 17:0:00.0340,-1.13,0.76,5.83,0.73,0.44,-0.23
2024-03-25 17:0:00.0430,-1.4,1.0,4.97,0.84,0.37,-0.21
2024-03-25 17:0:00.0530,-1.46,1.45,3.56,0.86,0.31,-0.14
2024-03-25 17:0:00.0630,-1.75,1.98,2.12,0.73,0.31,0.03
2024-03-25 17:0:00.0730,-2.25,1.85,0.73,0.56,0.36,0.28
2024-03-25 17:0:00.0830,-2.48,1.32,0.22,0.44,0.35,0.52
2024-03-25 17:0:00.0930,-2.07,0.24,0.4,0.4,0.19,0.58
2024-03-25 17:0:00.1030,-0.93,-0.99,0.66,0.37,0.02,0.55
2024-03-25 17:0:00.1130,-0.19,-1.99,0.37,0.3,-0.06,0.5
2024-03-25 17:0:00.1230,0.25,-2.56,-0.27,0.18,-0.04,0.44
2024-03-25 17:0:00.1330,0.59,-3.15,-0.75,0.09,0.04,0.38
2024-03-25 17:0:00.1430,0.72,-3.55,-0.62,0.06,0.1,0.31
2024-03-25 17:0:00.1530,0.72,-3.86,-0.37,0.06,0.1,0.2
2024-03-25 17:0:00.1630,0.75,-3.98,-0.5,0.04,0.04,0.07
2024-03-25 17:0:00.1730,0.77,-3.81,-1.02,-0.02,0.0,-0.05
2024-03-25 17:0:00.1830,0.55,-3.35,-1.68,-0.1,0.01,-0.09
2024-03-25 17:0:00.1930,0.05,-2.79,-2.18,-0.17,0.05,-0.06
2024-03-25 17:0:00.2030,-0.51,-2.31,-2.42,-0.22,0.06,-0.01
2024-03-25 17:0:00.2130,-0.92,-1.94,-2.56,-0.3,0.05,0.08
2024-03-25 17:0:00.2230,-1.18,-1.67,-2.86,-0.36,-0.0,0.16
2024-03-25 17:0:00.2330,-1.2,-1.46,-2.95,-0.39,-0.04,0.23
2024-03-25 17:0:00.2430,-1.05,-1.29,-3.02,-0.41,-0.07,0.27
2024-03-25 17:0:00.2530,-0.86,-1.11,-3.21,-0.42,-0.08,0.3
2024-03-25 17:0:00.2630,-0.71,-0.95,-3.47,-0.43,-0.06,0.34
2024-03-25 17:0:00.2730,-0.7,-0.77,-3.62,-0.44,0.0,0.4
2024-03-25 17:0:00.2830,-0.74,-0.66,-3.66,-0.46,0.06,0.48
2024-03-25 17:0:00.2930,-0.72,-0.59,-3.62,-0.49,0.09,0.54
2024-03-25 17:0:00.3030,-0.63,-0.58,-3.52,-0.54,0.07,0.57
2024-03-25 17:0:00.3130,-0.44,-0.56,-3.37,-0.58,-0.01,0.57
2024-03-25 17:0:00.3230,-0.14,-0.55,-3.14,-0.61,-0.09,0.51
2024-03-25 17:0:00.3330,0.27,-0.53,-2.74,-0.62,-0.12,0.43
2024-03-25 17:0:00.3430,0.6,-0.38,-2.43,-0.63,-0.07,0.37
2024-03-25 17:0:00.3530,0.73,-0.11,-2.15,-0.65,0.05,0.32
2024-03-25 17:0:00.3630,0.76,0.22,-1.8,-0.66,0.17,0.3
2024-03-25 17:0:00.3730,0.67,0.57,-1.21,-0.66,0.27,0.29
2024-03-25 17:0:00.3830,0.59,0.92,-0.56,-0.66,0.33,0.29
2024-03-25 17:0:00.3930,0.5,1.14,0.07,-0.66,0.33,0.3
2024-03-25 17:0:00.4030,0.46,1.27,0.63,-0.65,0.27,0.3
2024-03-25 17:0:00.4120,0.41,1.2,1.42,-0.57,0.18,0.27
2024-03-25 17:0:00.4220,0.52,1.07,2.51,-0.42,0.06,0.19
2024-03-25 17:0:00.4330,0.7,0.96,3.34,-0.25,-0.05,0.08
2024-03-25 17:0:00.4420,0.81,0.88,3.72,-0.1,-0.11,-0.04
2024-03-25 17:0:00.4520,0.77,0.9,3.76,0.02,-0.13,-0.13
2024-03-25 17:0:00.4620,0.44,1.08,3.64,0.1,-0.15,-0.17
2024-03-25 17:0:00.4730,-0.07,1.4,3.46,0.15,-0.17,-0.15
2024-03-25 17:0:00.4820,-0.56,1.73,3.21,0.15,-0.18,-0.12
2024-03-25 17:0:00.4930,-0.78,1.99,2.98,0.16,-0.19,-0.12
2024-03-25 17:0:00.5020,-0.83,2.05,3.04,0.21,-0.23,-0.13
2024-03-25 17:0:00.5120,-0.92,2.12,3.34,0.27,-0.27,-0.17
2024-03-25 17:0:00.5220,-0.94,2.18,3.41,0.34,-0.31,-0.22
2024-03-25 17:0:00.5320,-0.9,2.16,3.42,0.42,-0.3,-0.27
2024-03-25 17:0:00.5430,-0.87,2.22,3.35,0.48,-0.28,-0.31
2024-03-25 17:0:00.5530,-0.88,2.3,3.1,0.53,-0.27,-0.31
2024-03-25 17:0:00.5620,-1.01,2.31,2.83,0.56,-0.26,-0.28
2024-03-25 17:0:00.5720,-0.94,2.28,2.5,0.54,-0.28,-0.27
2024-03-25 17:0:00.5820,-0.65,2.26,2.08,0.5,-0.28,-0.24
2024-03-25 17:0:00.5920,-0.57,2.08,1.96,0.51,-0.23,-0.14
2024-03-25 17:0:00.6020,-0.6,1.37,2.23,0.59,-0.16,-0.03
2024-03-25 17:0:00.6120,-0.25,0.17,2.56,0.7,-0.18,-0.03
2024-03-25 17:0:00.6220,0.53,-1.08,2.45,0.8,-0.26,-0.13
2024-03-25 17:0:00.6320,1.23,-2.0,1.76,0.83,-0.37,-0.26
2024-03-25 17:0:00.6420,1.47,-2.43,0.64,0.76,-0.41,-0.34
2024-03-25 17:0:00.6520,1.49,-2.58,-0.47,0.68,-0.36,-0.35
2024-03-25 17:0:00.6620,1.27,-2.62,-1.02,0.63,-0.3,-0.33
2024-03-25 17:0:00.6730,1.14,-2.67,-1.27,0.57,-0.23,-0.31
2024-03-25 17:0:00.6820,1.21,-2.76,-1.76,0.47,-0.16,-0.32
2024-03-25 17:0:00.6920,1.23,-2.76,-2.38,0.31,-0.1,-0.32
2024-03-25 17:0:00.7020,0.96,-2.71,-2.82,0.1,-0.03,-0.29
2024-03-25 17:0:00.7120,0.54,-2.63,-3.0,-0.09,0.07,-0.2
2024-03-25 17:0:00.7220,-0.16,-2.64,-2.74,-0.26,0.15,-0.07
2024-03-25 17:0:00.7320,-0.64,-2.72,-2.22,-0.39,0.14,0.01
2024-03-25 17:0:00.7420,-0.62,-2.91,-1.77,-0.49,0.02,-0.04
2024-03-25 17:0:00.7520,-0.11,-2.86,-1.39,-0.5,-0.12,-0.16
2024-03-25 17:0:00.7620,0.38,-2.44,-1.06,-0.44,-0.17,-0.28
2024-03-25 17:0:00.7730,0.63,-1.95,-0.99,-0.35,-0.1,-0.37
2024-03-25 17:0:00.7820,0.6,-1.44,-1.27,-0.27,0.0,-0.4
2024-03-25 17:0:00.7920,0.36,-0.92,-1.82,-0.24,0.08,-0.4
2024-03-25 17:0:00.8020,0.11,-0.37,-2.41,-0.26,0.1,-0.37
2024-03-25 17:0:00.8120,-0.07,0.13,-2.84,-0.29,0.09,-0.32
2024-03-25 17:0:00.8220,-0.14,0.52,-2.97,-0.3,0.08,-0.26
2024-03-25 17:0:00.8320,-0.17,0.75,-2.94,-0.28,0.08,-0.2
2024-03-25 17:0:00.8420,-0.17,0.84,-2.73,-0.24,0.09,-0.14
2024-03-25 17:0:00.8520,-0.11,0.82,-2.55,-0.2,0.09,-0.08
2024-03-25 17:0:00.8620,-0.06,0.71,-2.5,-0.21,0.07,-0.03
2024-03-25 17:0:00.8720,-0.04,0.54,-2.44,-0.21,0.04,0.02
2024-03-25 17:0:00.8820,0.1,0.37,-2.27,-0.22,0.0,0.05
2024-03-25 17:0:00.8920,0.25,0.22,-2.09,-0.23,-0.03,0.07
2024-03-25 17:0:00.9020,0.35,0.18,-1.96,-0.25,-0.05,0.1
2024-03-25 17:0:00.9120,0.43,0.15,-1.87,-0.26,-0.05,0.14
2024-03-25 17:0:00.9220,0.44,0.17,-1.59,-0.28,-0.05,0.14
2024-03-25 17:0:00.9320,0.65,0.12,-1.36,-0.29,-0.06,0.11
2024-03-25 17:0:00.9420,0.87,0.11,-1.03,-0.33,-0.07,0.07
2024-03-25 17:0:00.9520,1.06,0.24,-0.75,-0.39,-0.03,0.01
2024-03-25 17:0:00.9620,1.24,0.46,-0.44,-0.45,0.06,-0.05
2024-03-25 17:0:00.9720,1.32,0.69,0.16,-0.48,0.17,-0.09
2024-03-25 17:0:00.9820,1.25,0.94,1.09,-0.47,0.31,-0.11
2024-03-25 17:0:00.9920,1.08,1.13,2.12,-0.4,0.46,-0.11
2024-03-25 17:0:01.0020,0.86,1.27,3.2,-0.31,0.58,-0.12
2024-03-25 17:0:01.0120,0.68,1.31,4.21,-0.21,0.63,-0.14
2024-03-25 17:0:01.0220,0.62,1.28,5.04,-0.1,0.58,-0.22
2024-03-25 17:0:01.0320,0.58,1.21,5.69,0.01,0.47,-0.3
2024-03-25 17:0:01.0420,0.43,1.19,6.15,0.14,0.36,-0.38
2024-03-25 17:0:01.0520,0.21,1.26,6.46,0.32,0.28,-0.43
2024-03-25 17:0:01.0620,-0.1,1.34,6.62,0.56,0.22,-0.44
2024-03-25 17:0:01.0720,-0.3,1.47,6.47,0.79,0.23,-0.44
2024-03-25 17:0:01.0820,-0.27,1.67,5.72,0.91,0.2,-0.44
2024-03-25 17:0:01.0920,-0.33,1.97,4.31,0.91,0.18,-0.4
2024-03-25 17:0:01.1020,-0.69,2.01,3.14,0.84,0.24,-0.24
2024-03-25 17:0:01.1120,-1.47,1.6,2.52,0.8,0.27,0.01
2024-03-25 17:0:01.1220,-2.08,0.68,2.43,0.85,0.16,0.19
2024-03-25 17:0:01.1320,-1.74,-0.46,2.47,0.87,-0.04,0.22
2024-03-25 17:0:01.1420,-0.93,-1.63,1.65,0.81,-0.18,0.22
2024-03-25 17:0:01.1520,-0.58,-2.55,0.45,0.69,-0.23,0.21
2024-03-25 17:0:01.1620,-0.45,-3.16,-0.31,0.59,-0.2,0.19
2024-03-25 17:0:01.1720,-0.38,-3.7,-0.51,0.51,-0.12,0.18
2024-03-25 17:0:01.1820,-0.44,-4.14,-0.68,0.46,-0.03,0.13
2024-03-25 17:0:01.1920,-0.6,-4.51,-0.88,0.39,0.02,0.06
2024-03-25 17:0:01.2020,-0.74,-4.71,-1.34,0.3,0.07,-0.03
2024-03-25 17:0:01.2120,-0.92,-4.7,-1.98,0.2,0.11,-0.13
2024-03-25 17:0:01.2220,-1.13,-4.32,-2.39,0.14,0.12,-0.2
2024-03-25 17:0:01.2320,-1.42,-3.55,-2.6,0.09,0.1,-0.22
2024-03-25 17:0:01.2420,-1.7,-2.72,-2.93,0.01,0.02,-0.21
2024-03-25 17:0:01.2520,-1.84,-1.99,-3.55,-0.12,-0.06,-0.13
2024-03-25 17:0:01.2620,-1.95,-1.3,-4.24,-0.27,-0.12,-0.01
2024-03-25 17:0:01.2720,-1.94,-0.76,-4.71,-0.41,-0.13,0.13
2024-03-25 17:0:01.2820,-1.74,-0.39,-4.94,-0.51,-0.08,0.28
2024-03-25 17:0:01.2920,-1.53,-0.14,-4.94,-0.58,-0.0,0.44
2024-03-25 17:0:01.3020,-1.34,-0.04,-4.78,-0.62,0.09,0.57
2024-03-25 17:0:01.3120,-1.1,-0.01,-4.67,-0.65,0.16,0.68
2024-03-25 17:0:01.3220,-0.86,-0.11,-4.51,-0.66,0.21,0.74
2024-03-25 17:0:01.3320,-0.56,-0.22,-4.19,-0.66,0.24,0.76
2024-03-25 17:0:01.3420,-0.32,-0.33,-3.89,-0.63,0.28,0.75
2024-03-25 17:0:01.3520,-0.08,-0.47,-3.31,-0.58,0.28,0.71
2024-03-25 17:0:01.3620,-0.03,-0.54,-2.65,-0.54,0.26,0.68
2024-03-25 17:0:01.3720,0.02,-0.29,-1.7,-0.51,0.22,0.65
2024-03-25 17:0:01.3820,0.02,-0.29,-1.7,-0.48,0.15,0.64
2024-03-25 17:0:01.3920,0.02,0.01,-1.25,-0.46,0.08,0.61
2024-03-25 17:0:01.4020,0.08,0.29,-0.91,-0.46,0.02,0.6
2024-03-25 17:0:01.4120,0.08,0.54,-0.6,-0.46,-0.06,0.59
2024-03-25 17:0:01.4220,0.07,0.76,-0.09,-0.41,-0.14,0.55
2024-03-25 17:0:01.4320,0.44,0.82,0.68,-0.33,-0.23,0.44
2024-03-25 17:0:01.4420,0.95,0.89,1.12,-0.26,-0.26,0.31
2024-03-25 17:0:01.4520,1.26,1.02,1.35,-0.21,-0.25,0.19
2024-03-25 17:0:01.4620,1.25,1.23,1.63,-0.14,-0.19,0.11
2024-03-25 17:0:01.4720,1.09,1.55,2.04,-0.11,-0.11,0.07
2024-03-25 17:0:01.4820,0.83,1.91,2.34,-0.12,-0.07,0.05
2024-03-25 17:0:01.4920,0.58,2.24,2.66,-0.16,-0.06,0.04
2024-03-25 17:0:01.5020,0.38,2.43,3.04,-0.21,-0.07,0.06
2024-03-25 17:0:01.5120,0.05,2.4,3.69,-0.21,-0.09,0.07
2024-03-25 17:0:01.5220,-0.17,2.15,4.73,-0.13,-0.12,0.04
2024-03-25 17:0:01.5320,-0.16,1.79,5.74,0.0,-0.19,-0.03
2024-03-25 17:0:01.5420,-0.09,1.53,6.41,0.2,-0.33,-0.15
2024-03-25 17:0:01.5520,0.05,1.38,6.75,0.42,-0.49,-0.3
2024-03-25 17:0:01.5620,0.2,1.42,6.49,0.61,-0.58,-0.43
2024-03-25 17:0:01.5720,0.31,1.69,5.48,0.71,-0.58,-0.52
2024-03-25 17:0:01.5820,0.29,2.11,4.16,0.72,-0.5,-0.48
2024-03-25 17:0:01.5920,-0.16,2.26,3.19,0.68,-0.35,-0.32
2024-03-25 17:0:01.6020,-0.63,1.76,2.67,0.65,-0.18,-0.15
2024-03-25 17:0:01.6120,-0.53,0.86,2.67,0.68,-0.11,-0.06
2024-03-25 17:0:01.6220,-0.24,-0.21,2.95,0.75,-0.13,-0.06
2024-03-25 17:0:01.6320,-0.06,-1.21,3.02,0.84,-0.2,-0.1
2024-03-25 17:0:01.6420,0.11,-1.97,2.91,0.94,-0.3,-0.2
2024-03-25 17:0:01.6520,0.43,-2.43,2.47,1.02,-0.38,-0.32
2024-03-25 17:0:01.6620,0.46,-2.63,1.73,1.06,-0.45,-0.37
2024-03-25 17:0:01.6720,0.15,-2.53,0.77,1.05,-0.47,-0.34
2024-03-25 17:0:01.6820,-0.18,-2.38,-0.26,0.97,-0.46,-0.3
2024-03-25 17:0:01.6920,-0.3,-2.22,-1.26,0.83,-0.39,-0.2
2024-03-25 17:0:01.7020,-0.46,-2.16,-2.22,0.65,-0.27,-0.09
2024-03-25 17:0:01.7120,-0.52,-2.2,-2.79,0.49,-0.14,0.02
2024-03-25 17:0:01.7220,-0.47,-2.36,-3.14,0.33,-0.02,0.1
2024-03-25 17:0:01.7320,-0.39,-2.56,-3.36,0.18,0.06,0.16
2024-03-25 17:0:01.7420,-0.34,-2.86,-3.5,0.06,0.09,0.18
2024-03-25 17:0:01.7520,-0.24,-3.16,-3.47,-0.03,0.06,0.15
2024-03-25 17:0:01.7620,-0.01,-3.41,-3.44,-0.09,0.01,0.09
2024-03-25 17:0:01.7720,0.23,-3.49,-3.58,-0.15,-0.04,0.0
2024-03-25 17:0:01.7820,0.48,-3.34,-3.9,-0.2,-0.07,-0.09
2024-03-25 17:0:01.7920,0.61,-2.97,-4.37,-0.27,-0.06,-0.15
2024-03-25 17:0:01.8020,0.59,-2.53,-4.94,-0.37,-0.01,-0.16
2024-03-25 17:0:01.8120,0.43,-2.14,-5.33,-0.45,0.08,-0.14
2024-03-25 17:0:01.8220,0.25,-1.74,-5.36,-0.54,0.18,-0.08
2024-03-25 17:0:01.8320,0.1,-1.33,-5.38,-0.62,0.26,-0.0
2024-03-25 17:0:01.8420,-0.01,-1.01,-5.3,-0.7,0.3,0.05
2024-03-25 17:0:01.8520,0.1,-0.88,-4.96,-0.72,0.32,0.07
2024-03-25 17:0:01.8620,0.34,-0.86,-4.22,-0.71,0.34,0.02
2024-03-25 17:0:01.8720,0.7,-0.82,-3.58,-0.73,0.38,-0.03
2024-03-25 17:0:01.8820,0.74,-0.67,-3.17,-0.77,0.41,-0.03
2024-03-25 17:0:01.8920,0.45,-0.3,-2.66,-0.82,0.44,0.02
2024-03-25 17:0:01.9020,0.09,0.06,-1.98,-0.86,0.45,0.12
2024-03-25 17:0:01.9120,-0.15,0.39,-1.18,-0.88,0.42,0.22
2024-03-25 17:0:01.9220,-0.2,0.64,-0.36,-0.85,0.3,0.28
2024-03-25 17:0:01.9320,0.01,0.85,0.46,-0.81,0.11,0.27
2024-03-25 17:0:01.9420,0.52,1.08,0.97,-0.77,-0.07,0.21
2024-03-25 17:0:01.9520,1.05,1.4,1.29,-0.75,-0.15,0.13
2024-03-25 17:0:01.9620,1.41,1.76,1.52,-0.72,-0.11,0.09
2024-03-25 17:0:01.9720,1.51,2.14,1.95,-0.66,0.06,0.11
2024-03-25 17:0:01.9820,1.37,2.52,2.64,-0.56,0.26,0.17
2024-03-25 17:0:01.9920,1.26,2.82,3.48,-0.46,0.42,0.21
2024-03-25 17:0:02.0020,1.33,2.88,4.18,-0.38,0.51,0.21
2024-03-25 17:0:02.0120,1.31,2.88,4.92,-0.31,0.51,0.2
2024-03-25 17:0:02.0220,1.24,2.87,5.76,-0.23,0.41,0.16
2024-03-25 17:0:02.0320,1.18,2.75,6.7,-0.14,0.25,0.11
2024-03-25 17:0:02.0410,1.15,2.58,7.47,-0.01,0.09,0.03
2024-03-25 17:0:02.0520,1.12,2.2,8.04,0.21,-0.02,-0.05
2024-03-25 17:0:02.0620,1.02,1.79,8.34,0.48,-0.03,-0.11
2024-03-25 17:0:02.0720,0.94,1.35,8.1,0.78,0.05,-0.19
2024-03-25 17:0:02.0820,1.07,1.04,7.26,1.01,0.16,-0.27
2024-03-25 17:0:02.0920,1.0,0.99,5.79,1.11,0.27,-0.27
2024-03-25 17:0:02.1020,0.4,0.93,4.18,1.09,0.34,-0.21
2024-03-25 17:0:02.1120,-0.28,0.7,3.09,1.05,0.34,-0.13
2024-03-25 17:0:02.1220,-0.77,0.22,2.47,0.99,0.27,-0.05
2024-03-25 17:0:02.1320,-1.1,-0.4,2.05,0.95,0.16,0.03
2024-03-25 17:0:02.1420,-1.41,-1.19,1.84,0.94,0.02,0.08
2024-03-25 17:0:02.1520,-1.36,-2.01,1.63,0.96,-0.09,0.07
2024-03-25 17:0:02.1620,-1.03,-2.86,1.21,0.95,-0.15,0.01
2024-03-25 17:0:02.1710,-0.83,-3.5,0.49,0.92,-0.16,-0.01
2024-03-25 17:0:02.1810,-1.06,-3.93,-0.22,0.89,-0.12,-0.02
2024-03-25 17:0:02.1920,-1.14,-4.17,-0.8,0.83,-0.09,-0.05
2024-03-25 17:0:02.2010,-1.12,-4.4,-1.58,0.73,-0.07,-0.09
2024-03-25 17:0:02.2110,-1.17,-4.47,-2.41,0.61,-0.05,-0.13
2024-03-25 17:0:02.2220,-1.26,-4.51,-3.22,0.47,-0.01,-0.18
2024-03-25 17:0:02.2320,-1.23,-4.39,-3.9,0.36,0.06,-0.21
2024-03-25 17:0:02.2410,-1.33,-4.11,-4.22,0.27,0.11,-0.23
2024-03-25 17:0:02.2520,-1.48,-3.69,-4.53,0.18,0.14,-0.22
2024-03-25 17:0:02.2620,-1.53,-3.2,-5.01,0.06,0.14,-0.19
2024-03-25 17:0:02.2720,-1.61,-2.64,-5.6,-0.13,0.11,-0.12
2024-03-25 17:0:02.2820,-1.66,-2.04,-6.21,-0.35,0.08,-0.01
2024-03-25 17:0:02.2920,-1.78,-1.48,-6.56,-0.56,0.07,0.15
2024-03-25 17:0:02.3020,-1.87,-1.01,-6.39,-0.71,0.1,0.35
2024-03-25 17:0:02.3110,-1.95,-0.75,-6.0,-0.79,0.13,0.54
2024-03-25 17:0:02.3210,-1.8,-0.51,-5.53,-0.87,0.14,0.7
2024-03-25 17:0:02.3320,-1.49,-0.46,-5.21,-0.93,0.11,0.77
2024-03-25 17:0:02.3410,-0.93,-0.55,-4.95,-0.97,0.06,0.76
2024-03-25 17:0:02.3520,-0.35,-0.6,-4.43,-0.98,0.03,0.71
2024-03-25 17:0:02.3620,0.09,-0.59,-3.77,-0.93,0.02,0.64
2024-03-25 17:0:02.3720,0.54,-0.39,-3.07,-0.87,0.02,0.56
2024-03-25 17:0:02.3810,0.77,-0.01,-2.58,-0.84,0.04,0.54
2024-03-25 17:0:02.3920,0.71,0.59,-2.2,-0.85,0.09,0.6
2024-03-25 17:0:02.4010,0.55,1.15,-1.84,-0.88,0.16,0.7
2024-03-25 17:0:02.4110,0.55,1.49,-1.15,-0.89,0.18,0.77
2024-03-25 17:0:02.4210,0.76,1.72,-0.38,-0.91,0.12,0.83
2024-03-25 17:0:02.4310,0.96,1.63,0.26,-0.9,0.05,0.81
2024-03-25 17:0:02.4410,1.58,1.38,1.18,-0.77,0.04,0.67
2024-03-25 17:0:02.4510,2.26,0.84,2.51,-0.51,0.05,0.44
2024-03-25 17:0:02.4620,2.85,0.62,3.78,-0.24,0.0,0.17
2024-03-25 17:0:02.4710,2.96,0.56,4.26,-0.07,-0.09,-0.07
2024-03-25 17:0:02.4810,2.44,0.61,4.1,0.03,-0.2,-0.2
2024-03-25 17:0:02.4910,1.55,0.87,3.99,0.11,-0.29,-0.26
2024-03-25 17:0:02.5010,0.76,1.1,3.91,0.17,-0.32,-0.27
2024-03-25 17:0:02.5110,0.17,1.23,3.61,0.18,-0.34,-0.27
2024-03-25 17:0:02.5210,-0.23,1.24,3.15,0.17,-0.37,-0.3
2024-03-25 17:0:02.5310,-0.52,1.32,2.76,0.14,-0.38,-0.34
2024-03-25 17:0:02.5410,-0.96,1.36,2.61,0.14,-0.39,-0.36
2024-03-25 17:0:02.5510,-1.36,1.51,2.77,0.17,-0.42,-0.39
2024-03-25 17:0:02.5610,-1.49,1.71,2.96,0.18,-0.46,-0.42
2024-03-25 17:0:02.5710,-1.6,1.82,2.93,0.19,-0.44,-0.41
2024-03-25 17:0:02.5810,-1.66,1.99,3.08,0.25,-0.39,-0.4
2024-03-25 17:0:02.5910,-1.52,2.16,3.32,0.33,-0.33,-0.37
2024-03-25 17:0:02.6010,-1.33,2.43,3.31,0.36,-0.27,-0.29
2024-03-25 17:0:02.6110,-1.37,2.59,2.97,0.28,-0.19,-0.1
2024-03-25 17:0:02.6210,-1.67,2.33,2.43,0.15,-0.14,0.15
2024-03-25 17:0:02.6310,-1.77,1.38,2.41,0.07,-0.12,0.32
2024-03-25 17:0:02.6410,-1.21,0.14,2.86,0.07,-0.08,0.39
2024-03-25 17:0:02.6510,-0.57,-1.14,3.22,0.15,-0.09,0.36
2024-03-25 17:0:02.6610,0.08,-2.12,3.53,0.28,-0.14,0.24
2024-03-25 17:0:02.6710,0.68,-2.85,3.37,0.41,-0.23,0.1
2024-03-25 17:0:02.6810,0.97,-3.17,2.85,0.51,-0.32,-0.03
2024-03-25 17:0:02.6910,1.08,-3.2,1.8,0.54,-0.38,-0.11
2024-03-25 17:0:02.7010,0.99,-2.97,0.43,0.5,-0.35,-0.12
2024-03-25 17:0:02.7110,0.93,-2.72,-0.86,0.43,-0.27,-0.12
2024-03-25 17:0:02.7210,1.01,-2.53,-1.83,0.31,-0.14,-0.1
2024-03-25 17:0:02.7320,0.96,-2.36,-2.69,0.16,0.01,-0.07
2024-03-25 17:0:02.7410,0.94,-2.29,-3.28,0.0,0.14,-0.05
2024-03-25 17:0:02.7510,0.91,-2.3,-3.52,-0.13,0.21,-0.04
2024-03-25 17:0:02.7610,0.85,-2.32,-3.35,-0.22,0.16,-0.08
2024-03-25 17:0:02.7710,0.87,-2.2,-2.97,-0.27,0.02,-0.16
2024-03-25 17:0:02.7810,0.91,-1.84,-2.71,-0.29,-0.14,-0.24
2024-03-25 17:0:02.7910,0.97,-1.29,-2.5,-0.28,-0.24,-0.3
2024-03-25 17:0:02.8010,1.06,-0.84,-2.38,-0.24,-0.26,-0.34
2024-03-25 17:0:02.8110,1.13,-0.44,-2.4,-0.2,-0.23,-0.34
2024-03-25 17:0:02.8210,1.02,-0.1,-2.42,-0.16,-0.19,-0.3
2024-03-25 17:0:02.8310,0.86,0.13,-2.55,-0.15,-0.13,-0.22
2024-03-25 17:0:02.8410,0.74,0.15,-2.79,-0.15,-0.08,-0.15
2024-03-25 17:0:02.8510,0.83,0.03,-2.93,-0.15,-0.04,-0.12
2024-03-25 17:0:02.8610,0.98,-0.21,-3.09,-0.16,-0.03,-0.13
2024-03-25 17:0:02.8710,1.07,-0.45,-3.04,-0.15,-0.04,-0.17
2024-03-25 17:0:02.8810,1.18,-0.75,-2.87,-0.13,-0.05,-0.25
2024-03-25 17:0:02.8910,1.25,-0.98,-2.45,-0.09,-0.04,-0.34
2024-03-25 17:0:02.9010,1.34,-0.98,-2.16,-0.1,0.0,-0.4
2024-03-25 17:0:02.9110,1.13,-0.79,-2.14,-0.14,0.05,-0.39
2024-03-25 17:0:02.9210,0.66,-0.55,-1.95,-0.18,0.08,-0.32
2024-03-25 17:0:02.9310,0.17,-0.34,-1.61,-0.23,0.04,-0.24
2024-03-25 17:0:02.9410,-0.06,-0.24,-1.38,-0.29,-0.05,-0.21
2024-03-25 17:0:02.9510,-0.03,-0.19,-1.31,-0.36,-0.14,-0.22
2024-03-25 17:0:02.9610,0.13,-0.04,-1.26,-0.38,-0.19,-0.27
2024-03-25 17:0:02.9710,0.28,0.27,-0.96,-0.37,-0.16,-0.32
2024-03-25 17:0:02.9810,0.47,0.78,-0.5,-0.36,-0.04,-0.36
2024-03-25 17:0:02.9910,0.54,1.32,-0.22,-0.36,0.16,-0.35
2024-03-25 17:0:03.0010,0.38,1.87,0.17,-0.38,0.39,-0.28
2024-03-25 17:0:03.0110,0.07,2.36,0.89,-0.38,0.55,-0.18
2024-03-25 17:0:03.0220,-0.15,2.71,1.73,-0.41,0.66,-0.08
2024-03-25 17:0:03.0310,-0.43,2.84,2.47,-0.42,0.74,0.03
2024-03-25 17:0:03.0410,-0.7,2.75,3.56,-0.35,0.76,0.09
2024-03-25 17:0:03.0510,-0.69,2.34,4.94,-0.23,0.73,0.1
2024-03-25 17:0:03.0610,-0.67,1.86,6.13,-0.07,0.63,0.06
2024-03-25 17:0:03.0710,-0.55,1.44,6.95,0.14,0.5,-0.04
2024-03-25 17:0:03.0810,-0.35,1.16,7.42,0.38,0.39,-0.16
2024-03-25 17:0:03.0910,-0.19,1.17,7.47,0.61,0.37,-0.25
2024-03-25 17:0:03.1010,-0.36,1.38,6.86,0.73,0.42,-0.23
2024-03-25 17:0:03.1110,-0.97,1.74,5.71,0.72,0.5,-0.09
2024-03-25 17:0:03.1210,-1.81,1.79,4.53,0.66,0.57,0.19
2024-03-25 17:0:03.1310,-2.64,1.25,3.97,0.66,0.54,0.46
2024-03-25 17:0:03.1410,-2.63,0.31,3.89,0.69,0.41,0.57
2024-03-25 17:0:03.1510,-1.87,-0.78,3.37,0.72,0.24,0.59
2024-03-25 17:0:03.1610,-1.45,-1.67,2.54,0.68,0.17,0.59
2024-03-25 17:0:03.1710,-1.12,-2.37,1.61,0.6,0.16,0.56
2024-03-25 17:0:03.1810,-1.0,-2.92,0.9,0.56,0.18,0.53
2024-03-25 17:0:03.1910,-1.04,-3.37,0.76,0.59,0.19,0.5
2024-03-25 17:0:03.2010,-1.01,-3.77,0.63,0.64,0.15,0.43
2024-03-25 17:0:03.2110,-0.85,-3.99,0.02,0.66,0.05,0.34
2024-03-25 17:0:03.2210,-0.63,-3.98,-1.0,0.65,-0.08,0.22
2024-03-25 17:0:03.2310,-0.47,-3.72,-2.16,0.57,-0.17,0.12
2024-03-25 17:0:03.2410,-0.43,-3.4,-3.44,0.44,-0.21,0.04
2024-03-25 17:0:03.2510,-0.42,-2.87,-4.51,0.28,-0.13,0.06
2024-03-25 17:0:03.2610,-0.68,-2.39,-5.04,0.1,0.03,0.16
2024-03-25 17:0:03.2710,-0.79,-2.06,-5.47,-0.03,0.16,0.22
2024-03-25 17:0:03.2810,-0.68,-1.83,-5.43,-0.14,0.23,0.29
2024-03-25 17:0:03.2910,-0.69,-1.68,-5.25,-0.22,0.23,0.35
2024-03-25 17:0:03.3010,-0.56,-1.47,-5.07,-0.28,0.17,0.38
2024-03-25 17:0:03.3110,-0.39,-1.31,-5.1,-0.36,0.13,0.39
2024-03-25 17:0:03.3210,-0.16,-1.18,-5.21,-0.44,0.12,0.41
2024-03-25 17:0:03.3310,-0.04,-1.06,-5.16,-0.5,0.14,0.44
2024-03-25 17:0:03.3410,-0.07,-0.93,-4.93,-0.53,0.2,0.51
2024-03-25 17:0:03.3510,-0.23,-0.74,-4.47,-0.53,0.24,0.61
2024-03-25 17:0:03.3610,-0.3,-0.56,-4.04,-0.53,0.26,0.7
2024-03-25 17:0:03.3710,-0.13,-0.39,-3.73,-0.56,0.2,0.73
2024-03-25 17:0:03.3810,0.25,-0.37,-3.61,-0.57,0.15,0.72
2024-03-25 17:0:03.3910,0.7,-0.35,-3.16,-0.57,0.07,0.64
2024-03-25 17:0:03.4010,1.16,-0.22,-2.8,-0.63,0.03,0.55
2024-03-25 17:0:03.4110,1.34,-0.13,-2.76,-0.72,0.02,0.46
2024-03-25 17:0:03.4210,1.44,0.13,-2.38,-0.8,0.05,0.4
2024-03-25 17:0:03.4310,1.45,0.32,-1.73,-0.81,0.12,0.36
2024-03-25 17:0:03.4410,1.36,0.53,-0.71,-0.75,0.21,0.34
2024-03-25 17:0:03.4510,1.32,0.71,0.27,-0.64,0.28,0.31
2024-03-25 17:0:03.4610,1.43,0.84,1.03,-0.54,0.27,0.25
2024-03-25 17:0:03.4710,1.58,0.97,1.55,-0.48,0.18,0.14
2024-03-25 17:0:03.4810,1.73,1.08,1.88,-0.46,0.08,0.01
2024-03-25 17:0:03.4910,1.73,1.14,2.26,-0.45,0.02,-0.08
2024-03-25 17:0:03.5010,1.4,1.25,2.88,-0.44,0.03,-0.11
2024-03-25 17:0:03.5110,1.0,1.44,3.56,-0.42,0.04,-0.14
2024-03-25 17:0:03.5210,0.75,1.51,4.24,-0.4,0.05,-0.17
2024-03-25 17:0:03.5310,0.53,1.45,4.94,-0.32,0.01,-0.21
2024-03-25 17:0:03.5410,0.38,1.37,5.81,-0.19,-0.11,-0.31
2024-03-25 17:0:03.5510,0.32,1.23,6.6,-0.04,-0.27,-0.44
2024-03-25 17:0:03.5610,0.27,1.29,6.88,0.12,-0.54,-0.59
2024-03-25 17:0:03.5710,0.01,1.49,6.49,0.24,-0.73,-0.69
2024-03-25 17:0:03.5810,-0.12,1.84,5.81,0.3,-0.82,-0.74
2024-03-25 17:0:03.5910,-0.1,2.16,4.86,0.35,-0.78,-0.76
2024-03-25 17:0:03.6010,-0.06,2.48,4.1,0.36,-0.6,-0.69
2024-03-25 17:0:03.6110,-0.36,2.55,3.43,0.35,-0.36,-0.52
2024-03-25 17:0:03.6210,-0.78,2.29,3.11,0.37,-0.19,-0.32
2024-03-25 17:0:03.6310,-0.99,1.51,3.24,0.44,-0.16,-0.22
2024-03-25 17:0:03.6410,-0.61,0.46,3.35,0.5,-0.23,-0.22
2024-03-25 17:0:03.6510,-0.05,-0.58,3.03,0.57,-0.34,-0.28
2024-03-25 17:0:03.6610,0.3,-1.38,2.75,0.66,-0.46,-0.37
2024-03-25 17:0:03.6710,0.46,-1.86,2.48,0.74,-0.53,-0.43
2024-03-25 17:0:03.6810,0.46,-2.14,1.81,0.79,-0.55,-0.46
2024-03-25 17:0:03.6910,0.46,-2.26,0.87,0.79,-0.52,-0.46
2024-03-25 17:0:03.7010,0.43,-2.31,-0.16,0.74,-0.47,-0.44
2024-03-25 17:0:03.7110,0.39,-2.31,-1.03,0.67,-0.4,-0.41
2024-03-25 17:0:03.7210,0.29,-2.24,-1.75,0.54,-0.32,-0.37
2024-03-25 17:0:03.7310,0.12,-2.22,-2.47,0.38,-0.23,-0.31
2024-03-25 17:0:03.7410,-0.02,-2.3,-2.93,0.23,-0.16,-0.25
2024-03-25 17:0:03.7510,-0.16,-2.52,-3.06,0.13,-0.12,-0.21
2024-03-25 17:0:03.7610,-0.12,-2.76,-2.93,0.06,-0.14,-0.25
2024-03-25 17:0:03.7710,0.14,-3.01,-2.93,0.03,-0.17,-0.35
2024-03-25 17:0:03.7810,0.48,-3.11,-3.11,0.01,-0.19,-0.47
2024-03-25 17:0:03.7910,0.64,-2.89,-3.4,-0.01,-0.17,-0.55
2024-03-25 17:0:03.8010,0.56,-2.46,-3.82,-0.04,-0.11,-0.61
2024-03-25 17:0:03.8110,0.51,-2.01,-4.28,-0.09,-0.0,-0.62
2024-03-25 17:0:03.8210,0.31,-1.65,-4.45,-0.14,0.12,-0.58
2024-03-25 17:0:03.8310,-0.05,-1.2,-4.54,-0.2,0.22,-0.49
2024-03-25 17:0:03.8410,-0.3,-0.81,-4.56,-0.27,0.25,-0.41
2024-03-25 17:0:03.8510,-0.33,-0.53,-4.39,-0.32,0.21,-0.34
2024-03-25 17:0:03.8610,-0.34,-0.36,-4.08,-0.34,0.13,-0.29
2024-03-25 17:0:03.8710,-0.24,-0.18,-3.73,-0.39,0.07,-0.27
2024-03-25 17:0:03.8810,0.01,-0.03,-3.68,-0.46,0.06,-0.25
2024-03-25 17:0:03.8910,0.16,0.11,-3.42,-0.52,0.12,-0.2
2024-03-25 17:0:03.9010,0.17,0.29,-2.75,-0.55,0.21,-0.11
2024-03-25 17:0:03.9110,0.05,0.47,-1.85,-0.54,0.29,-0.01
2024-03-25 17:0:03.9210,0.01,0.66,-0.96,-0.53,0.32,0.08
2024-03-25 17:0:03.9310,0.15,0.73,-0.25,-0.48,0.25,0.11
2024-03-25 17:0:03.9410,0.41,0.64,0.45,-0.42,0.11,0.1
2024-03-25 17:0:03.9510,0.6,0.55,1.17,-0.33,-0.03,0.04
2024-03-25 17:0:03.9610,0.87,0.53,1.66,-0.28,-0.13,-0.05
2024-03-25 17:0:03.9710,1.16,0.57,1.8,-0.27,-0.17,-0.14
2024-03-25 17:0:03.9800,1.22,0.78,1.85,-0.25,-0.13,-0.18
2024-03-25 17:0:03.9910,1.01,1.04,2.23,-0.18,-0.0,-0.17
2024-03-25 17:0:04.0010,0.88,1.34,2.81,-0.09,0.15,-0.18
2024-03-25 17:0:04.0110,0.98,1.51,3.13,-0.03,0.27,-0.21
2024-03-25 17:0:04.0210,1.07,1.55,3.26,0.03,0.35,-0.26
2024-03-25 17:0:04.0310,0.92,1.56,3.52,0.09,0.4,-0.3
2024-03-25 17:0:04.0410,0.64,1.54,3.94,0.19,0.41,-0.35
2024-03-25 17:0:04.0500,0.31,1.42,4.47,0.3,0.39,-0.39
2024-03-25 17:0:04.0600,-0.1,1.29,4.81,0.46,0.36,-0.43
2024-03-25 17:0:04.0700,-0.45,1.25,5.09,0.62,0.33,-0.45
2024-03-25 17:0:04.0800,-0.82,1.21,5.0,0.79,0.34,-0.43
2024-03-25 17:0:04.0910,-1.11,1.29,4.52,0.9,0.33,-0.42
2024-03-25 17:0:04.1000,-1.18,1.57,3.61,0.93,0.31,-0.38
2024-03-25 17:0:04.1100,-1.38,1.85,2.56,0.86,0.35,-0.25
2024-03-25 17:0:04.1200,-1.99,1.64,1.69,0.75,0.43,0.03
2024-03-25 17:0:04.1300,-2.85,0.84,1.44,0.73,0.41,0.3
2024-03-25 17:0:04.1400,-2.84,-0.25,1.86,0.75,0.28,0.42
2024-03-25 17:0:04.1500,-1.96,-1.39,1.76,0.72,0.09,0.44
2024-03-25 17:0:04.1600,-1.32,-2.32,0.96,0.62,-0.05,0.42
2024-03-25 17:0:04.1700,-0.99,-2.89,0.11,0.47,-0.08,0.39
2024-03-25 17:0:04.1800,-0.79,-3.43,-0.32,0.39,-0.04,0.36
2024-03-25 17:0:04.1910,-0.69,-3.8,-0.17,0.36,0.03,0.32
2024-03-25 17:0:04.2000,-0.74,-4.23,-0.1,0.35,0.08,0.27
2024-03-25 17:0:04.2100,-0.72,-4.46,-0.34,0.33,0.08,0.19
2024-03-25 17:0:04.2210,-0.68,-4.51,-0.9,0.28,0.07,0.1
2024-03-25 17:0:04.2300,-0.72,-4.28,-1.57,0.21,0.05,0.05
2024-03-25 17:0:04.2400,-0.95,-3.9,-2.33,0.11,0.04,0.06
2024-03-25 17:0:04.2500,-1.25,-3.45,-2.99,-0.01,0.0,0.09
2024-03-25 17:0:04.2600,-1.36,-2.94,-3.59,-0.18,-0.02,0.16
2024-03-25 17:0:04.2700,-1.43,-2.45,-4.25,-0.37,-0.05,0.24
2024-03-25 17:0:04.2800,-1.43,-1.94,-4.52,-0.5,-0.05,0.33
2024-03-25 17:0:04.2900,-1.3,-1.56,-4.32,-0.56,-0.02,0.41
2024-03-25 17:0:04.3000,-1.16,-1.26,-4.02,-0.58,0.03,0.48
2024-03-25 17:0:04.3100,-1.07,-1.05,-3.92,-0.57,0.05,0.53
2024-03-25 17:0:04.3200,-1.01,-0.81,-3.83,-0.58,0.06,0.6
2024-03-25 17:0:04.3300,-1.12,-0.53,-3.79,-0.59,0.03,0.68
2024-03-25 17:0:04.3400,-1.11,-0.22,-3.61,-0.61,-0.02,0.73
2024-03-25 17:0:04.3500,-0.8,-0.01,-3.54,-0.64,-0.06,0.76
2024-03-25 17:0:04.3600,-0.51,0.15,-3.47,-0.65,-0.05,0.77
2024-03-25 17:0:04.3710,-0.22,0.24,-3.17,-0.63,-0.03,0.76
2024-03-25 17:0:04.3800,0.05,0.32,-2.77,-0.6,-0.01,0.74
2024-03-25 17:0:04.3900,0.24,0.38,-2.49,-0.59,0.0,0.71
2024-03-25 17:0:04.4000,0.34,0.41,-2.17,-0.58,0.02,0.68
2024-03-25 17:0:04.4100,0.54,0.45,-1.77,-0.57,0.04,0.62
2024-03-25 17:0:04.4200,0.76,0.49,-1.41,-0.58,0.06,0.57
2024-03-25 17:0:04.4300,0.84,0.58,-0.98,-0.58,0.08,0.52
2024-03-25 17:0:04.4400,0.9,0.71,-0.44,-0.56,0.11,0.47
2024-03-25 17:0:04.4500,0.97,0.7,0.18,-0.49,0.15,0.41
2024-03-25 17:0:04.4600,1.08,0.67,1.02,-0.38,0.16,0.33
2024-03-25 17:0:04.4700,1.08,0.67,1.75,-0.29,0.09,0.22
2024-03-25 17:0:04.4800,1.02,0.76,2.08,-0.24,-0.02,0.12
2024-03-25 17:0:04.4900,0.82,0.91,2.24,-0.2,-0.13,0.05
2024-03-25 17:0:04.5000,0.51,1.13,2.45,-0.16,-0.18,0.02
2024-03-25 17:0:04.5100,0.22,1.41,2.74,-0.11,-0.17,0.01
2024-03-25 17:0:04.5200,-0.05,1.69,2.93,-0.1,-0.16,0.03
2024-03-25 17:0:04.5300,-0.27,1.93,3.0,-0.11,-0.14,0.05
2024-03-25 17:0:04.5400,-0.48,2.02,3.22,-0.12,-0.11,0.08
2024-03-25 17:0:04.5500,-0.65,1.98,3.76,-0.08,-0.1,0.09
2024-03-25 17:0:04.5600,-0.7,1.8,4.41,-0.01,-0.12,0.06
2024-03-25 17:0:04.5700,-0.58,1.64,4.87,0.07,-0.2,0.01
2024-03-25 17:0:04.5800,-0.6,1.48,5.14,0.2,-0.3,-0.06
2024-03-25 17:0:04.5900,-0.43,1.36,5.39,0.36,-0.4,-0.19
2024-03-25 17:0:04.6000,-0.1,1.28,5.27,0.52,-0.46,-0.31
2024-03-25 17:0:04.6100,0.0,1.5,4.68,0.61,-0.41,-0.39
2024-03-25 17:0:04.6200,-0.11,1.69,3.75,0.66,-0.27,-0.31
2024-03-25 17:0:04.6300,-0.71,1.44,3.16,0.71,-0.17,-0.15
2024-03-25 17:0:04.6400,-1.14,0.78,2.9,0.75,-0.17,-0.06
2024-03-25 17:0:04.6500,-0.81,-0.1,2.4,0.75,-0.26,-0.04
2024-03-25 17:0:04.6600,-0.32,-0.85,1.56,0.69,-0.33,-0.05
2024-03-25 17:0:04.6700,-0.05,-1.48,0.7,0.64,-0.3,-0.05
2024-03-25 17:0:04.6800,0.14,-1.93,0.34,0.63,-0.22,-0.06
2024-03-25 17:0:04.6900,0.3,-2.3,0.18,0.64,-0.16,-0.08
2024-03-25 17:0:04.7000,0.43,-2.51,-0.25,0.61,-0.13,-0.09
2024-03-25 17:0:04.7100,0.45,-2.59,-0.9,0.55,-0.14,-0.1
2024-03-25 17:0:04.7200,0.47,-2.54,-1.63,0.42,-0.12,-0.1
2024-03-25 17:0:04.7300,0.46,-2.43,-2.34,0.27,-0.07,-0.07
2024-03-25 17:0:04.7400,0.36,-2.32,-2.88,0.09,0.03,-0.02
2024-03-25 17:0:04.7500,0.26,-2.3,-3.23,-0.09,0.12,0.04
2024-03-25 17:0:04.7600,0.13,-2.4,-3.33,-0.24,0.2,0.09
2024-03-25 17:0:04.7700,0.12,-2.57,-3.07,-0.33,0.2,0.08
2024-03-25 17:0:04.7800,0.35,-2.68,-2.78,-0.38,0.14,0.0
2024-03-25 17:0:04.7900,0.78,-2.51,-2.7,-0.41,0.06,-0.11
2024-03-25 17:0:04.8000,1.02,-2.15,-2.69,-0.4,0.01,-0.19
2024-03-25 17:0:04.8100,1.09,-1.76,-2.54,-0.36,0.03,-0.26
2024-03-25 17:0:04.8200,1.13,-1.41,-2.65,-0.34,0.08,-0.29
2024-03-25 17:0:04.8300,1.04,-1.03,-2.91,-0.34,0.13,-0.29
2024-03-25 17:0:04.8400,0.93,-0.64,-3.07,-0.35,0.16,-0.27
2024-03-25 17:0:04.8500,0.78,-0.32,-3.05,-0.37,0.16,-0.22
2024-03-25 17:0:04.8600,0.72,-0.07,-2.93,-0.37,0.13,-0.18
2024-03-25 17:0:04.8700,0.72,0.13,-2.78,-0.37,0.08,-0.15
2024-03-25 17:0:04.8800,0.78,0.14,-2.62,-0.34,0.03,-0.15
2024-03-25 17:0:04.8900,0.94,0.15,-2.27,-0.3,-0.02,-0.16
2024-03-25 17:0:04.9000,1.06,0.16,-2.05,-0.28,-0.05,-0.17
2024-03-25 17:0:04.9100,1.12,0.24,-1.91,-0.28,-0.08,-0.17
2024-03-25 17:0:04.9200,1.11,0.32,-1.73,-0.31,-0.1,-0.15
2024-03-25 17:0:04.9300,1.03,0.37,-1.58,-0.36,-0.1,-0.1
2024-03-25 17:0:04.9400,1.0,0.39,-1.27,-0.38,-0.11,-0.07
2024-03-25 17:0:04.9500,1.02,0.29,-0.81,-0.37,-0.12,-0.06
2024-03-25 17:0:04.9600,1.09,0.22,-0.43,-0.36,-0.13,-0.08
2024-03-25 17:0:04.9700,1.29,0.21,-0.15,-0.32,-0.14,-0.14
2024-03-25 17:0:04.9800,1.5,0.18,0.19,-0.27,-0.11,-0.25
2024-03-25 17:0:04.9900,1.75,0.2,0.58,-0.23,-0.05,-0.38
2024-03-25 17:0:05.0000,1.81,0.31,0.85,-0.23,0.07,-0.47
2024-03-25 17:0:05.0100,1.54,0.59,1.16,-0.24,0.23,-0.51
2024-03-25 17:0:05.0200,1.01,0.86,1.71,-0.23,0.41,-0.48
2024-03-25 17:0:05.0300,0.4,1.16,2.6,-0.21,0.56,-0.43
2024-03-25 17:0:05.0400,-0.06,1.34,3.43,-0.19,0.6,-0.39
2024-03-25 17:0:05.0500,-0.4,1.45,4.12,-0.17,0.52,-0.38
2024-03-25 17:0:05.0600,-0.71,1.53,4.81,-0.13,0.38,-0.39
2024-03-25 17:0:05.0700,-0.89,1.45,5.58,0.02,0.29,-0.43
2024-03-25 17:0:05.0800,-0.88,1.4,6.39,0.23,0.28,-0.48
2024-03-25 17:0:05.0900,-0.91,1.4,6.84,0.46,0.31,-0.52
2024-03-25 17:0:05.1000,-1.03,1.63,6.58,0.59,0.37,-0.51
2024-03-25 17:0:05.1100,-1.38,2.04,5.65,0.6,0.44,-0.41
2024-03-25 17:0:05.1200,-2.09,2.16,4.73,0.65,0.56,-0.17
2024-03-25 17:0:05.1300,-2.96,1.86,4.8,0.73,0.59,0.13
2024-03-25 17:0:05.1400,-3.36,1.06,4.8,0.84,0.38,0.27
2024-03-25 17:0:05.1500,-2.63,0.09,4.23,0.87,0.09,0.27
2024-03-25 17:0:05.1600,-1.71,-0.92,2.97,0.84,-0.12,0.25
2024-03-25 17:0:05.1700,-1.3,-1.58,1.73,0.8,-0.18,0.26
2024-03-25 17:0:05.1800,-1.14,-2.08,1.02,0.78,-0.13,0.3
2024-03-25 17:0:05.1900,-0.96,-2.55,0.49,0.76,-0.08,0.32
2024-03-25 17:0:05.2000,-0.74,-3.03,-0.05,0.75,-0.06,0.29
2024-03-25 17:0:05.2100,-0.49,-3.44,-0.67,0.73,-0.06,0.23
2024-03-25 17:0:05.2200,-0.34,-3.69,-1.34,0.67,-0.05,0.15
2024-03-25 17:0:05.2300,-0.29,-3.73,-2.15,0.56,-0.03,0.1
2024-03-25 17:0:05.2400,-0.43,-3.61,-3.01,0.41,0.02,0.09
2024-03-25 17:0:05.2500,-0.68,-3.42,-3.69,0.24,0.07,0.11
2024-03-25 17:0:05.2600,-0.88,-3.27,-4.19,0.08,0.13,0.18
2024-03-25 17:0:05.2700,-1.07,-3.16,-4.4,-0.06,0.15,0.23
2024-03-25 17:0:05.2800,-1.06,-3.06,-4.39,-0.14,0.11,0.26
2024-03-25 17:0:05.2900,-0.86,-2.83,-4.35,-0.22,0.06,0.25
2024-03-25 17:0:05.3000,-0.65,-2.53,-4.5,-0.29,0.0,0.24
2024-03-25 17:0:05.3100,-0.57,-2.11,-4.72,-0.35,-0.02,0.24
2024-03-25 17:0:05.3200,-0.63,-1.75,-4.83,-0.38,-0.02,0.28
2024-03-25 17:0:05.3300,-0.78,-1.43,-4.75,-0.41,0.02,0.34
2024-03-25 17:0:05.3400,-0.94,-1.08,-4.78,-0.46,0.05,0.43
2024-03-25 17:0:05.3500,-1.06,-0.82,-4.87,-0.53,0.05,0.53
2024-03-25 17:0:05.3600,-1.08,-0.61,-4.83,-0.59,0.03,0.62
2024-03-25 17:0:05.3700,-0.93,-0.45,-4.62,-0.62,0.01,0.67
2024-03-25 17:0:05.3800,-0.61,-0.4,-4.23,-0.62,-0.03,0.67
2024-03-25 17:0:05.3900,-0.22,-0.37,-3.91,-0.63,-0.05,0.64
2024-03-25 17:0:05.4000,0.11,-0.21,-3.83,-0.68,-0.05,0.61
2024-03-25 17:0:05.4100,0.32,0.02,-3.86,-0.76,-0.0,0.59
2024-03-25 17:0:05.4200,0.36,0.28,-3.6,-0.84,0.09,0.63
2024-03-25 17:0:05.4300,0.28,0.45,-2.94,-0.85,0.2,0.67
2024-03-25 17:0:05.4400,0.38,0.59,-1.89,-0.81,0.27,0.69
2024-03-25 17:0:05.4500,0.54,0.66,-0.94,-0.77,0.28,0.68
2024-03-25 17:0:05.4600,0.78,0.62,-0.24,-0.72,0.24,0.62
2024-03-25 17:0:05.4700,1.13,0.58,0.51,-0.66,0.18,0.5
2024-03-25 17:0:05.4800,1.41,0.58,1.19,-0.64,0.13,0.37
2024-03-25 17:0:05.4900,1.49,0.63,1.86,-0.62,0.08,0.23
2024-03-25 17:0:05.5000,1.39,0.76,2.61,-0.61,0.05,0.13
2024-03-25 17:0:05.5100,1.07,0.98,3.43,-0.56,0.02,0.07
2024-03-25 17:0:05.5200,0.74,1.18,4.22,-0.5,-0.02,0.03
2024-03-25 17:0:05.5300,0.45,1.39,4.8,-0.46,-0.09,0.02
2024-03-25 17:0:05.5400,0.19,1.56,5.15,-0.43,-0.18,-0.01
2024-03-25 17:0:05.5500,0.05,1.6,5.6,-0.32,-0.27,-0.06
2024-03-25 17:0:05.5600,0.14,1.51,6.34,-0.14,-0.34,-0.17
2024-03-25 17:0:05.5700,0.31,1.42,6.9,0.05,-0.4,-0.29
2024-03-25 17:0:05.5800,0.37,1.49,6.84,0.2,-0.46,-0.42
2024-03-25 17:0:05.5890,0.32,1.71,6.37,0.31,-0.5,-0.51
2024-03-25 17:0:05.6000,0.16,2.09,5.74,0.41,-0.5,-0.56
2024-03-25 17:0:05.6100,0.07,2.47,5.14,0.45,-0.45,-0.56
2024-03-25 17:0:05.6200,-0.12,2.6,4.47,0.47,-0.35,-0.44
2024-03-25 17:0:05.6300,-0.66,2.47,4.21,0.55,-0.23,-0.25
2024-03-25 17:0:05.6400,-1.06,1.65,4.35,0.65,-0.24,-0.12
2024-03-25 17:0:05.6500,-0.74,0.55,4.09,0.72,-0.35,-0.13
2024-03-25 17:0:05.6600,0.0,-0.48,3.43,0.81,-0.47,-0.22
2024-03-25 17:0:05.6700,0.47,-1.22,2.81,0.92,-0.54,-0.31
2024-03-25 17:0:05.6800,0.65,-1.64,2.23,1.03,-0.52,-0.36
2024-03-25 17:0:05.6900,0.67,-1.93,1.36,1.13,-0.46,-0.36
2024-03-25 17:0:05.7000,0.56,-2.13,0.55,1.21,-0.42,-0.35
2024-03-25 17:0:05.7100,0.61,-2.23,-0.32,1.19,-0.39,-0.31
2024-03-25 17:0:05.7200,0.54,-2.32,-1.5,1.1,-0.36,-0.25
2024-03-25 17:0:05.7300,0.44,-2.24,-2.43,0.97,-0.32,-0.17
2024-03-25 17:0:05.7400,0.3,-2.15,-3.11,0.79,-0.24,-0.06
2024-03-25 17:0:05.7500,0.15,-2.12,-3.77,0.55,-0.17,0.05
2024-03-25 17:0:05.7600,-0.09,-2.2,-4.27,0.28,-0.13,0.18
2024-03-25 17:0:05.7700,-0.32,-2.4,-4.47,0.03,-0.11,0.28
2024-03-25 17:0:05.7800,-0.25,-2.74,-4.29,-0.16,-0.14,0.27
2024-03-25 17:0:05.7900,0.27,-3.07,-3.85,-0.26,-0.19,0.16
2024-03-25 17:0:05.8000,0.93,-3.16,-3.37,-0.3,-0.19,-0.02
2024-03-25 17:0:05.8100,1.44,-2.96,-3.13,-0.3,-0.13,-0.2
2024-03-25 17:0:05.8200,1.73,-2.51,-3.12,-0.33,-0.01,-0.37
2024-03-25 17:0:05.8300,1.79,-2.07,-3.32,-0.35,0.13,-0.5
2024-03-25 17:0:05.8400,1.48,-1.57,-3.34,-0.37,0.24,-0.55
2024-03-25 17:0:05.8500,0.92,-1.1,-3.16,-0.4,0.3,-0.53
2024-03-25 17:0:05.8600,0.42,-0.7,-2.91,-0.42,0.28,-0.5
2024-03-25 17:0:05.8690,0.18,-0.4,-2.66,-0.43,0.22,-0.47
2024-03-25 17:0:05.8800,0.09,-0.25,-2.45,-0.4,0.12,-0.45
2024-03-25 17:0:05.8890,0.11,-0.14,-2.17,-0.36,0.06,-0.44
2024-03-25 17:0:05.8990,0.22,-0.09,-2.15,-0.33,0.05,-0.43
2024-03-25 17:0:05.9090,0.24,-0.05,-2.25,-0.31,0.06,-0.39
2024-03-25 17:0:05.9190,0.14,0.04,-2.31,-0.32,0.08,-0.33
2024-03-25 17:0:05.9300,-0.03,0.13,-2.33,-0.34,0.06,-0.26
2024-03-25 17:0:05.9390,-0.09,0.23,-2.26,-0.39,0.02,-0.19
2024-03-25 17:0:05.9490,-0.08,0.27,-2.24,-0.45,-0.03,-0.13
2024-03-25 17:0:05.9590,0.05,0.27,-2.14,-0.49,-0.04,-0.08
2024-03-25 17:0:05.9690,0.2,0.21,-1.73,-0.48,0.0,-0.04
2024-03-25 17:0:05.9790,0.31,0.08,-0.98,-0.42,0.07,-0.03
2024-03-25 17:0:05.9890,0.43,-0.01,-0.09,-0.35,0.1,-0.06
2024-03-25 17:0:05.9990,0.67,0.21,0.45,-0.36,0.09,-0.14
2024-03-25 17:0:06.0090,0.87,0.55,0.59,-0.39,0.09,-0.21
2024-03-25 17:0:06.0190,0.87,1.04,0.92,-0.45,0.16,-0.25
2024-03-25 17:0:06.0290,0.57,1.42,1.51,-0.48,0.25,-0.22
2024-03-25 17:0:06.0400,0.08,1.77,2.45,-0.49,0.39,-0.15
2024-03-25 17:0:06.0490,-0.34,1.86,3.46,-0.47,0.54,-0.07
2024-03-25 17:0:06.0590,-0.54,1.82,4.51,-0.4,0.64,-0.01
2024-03-25 17:0:06.0690,-0.52,1.69,5.55,-0.26,0.7,-0.02
2024-03-25 17:0:06.0790,-0.3,1.46,6.61,-0.05,0.72,-0.07
2024-03-25 17:0:06.0890,-0.22,1.24,7.38,0.17,0.71,-0.16
2024-03-25 17:0:06.0990,-0.22,1.08,7.7,0.38,0.65,-0.24
2024-03-25 17:0:06.1090,-0.41,1.05,7.68,0.56,0.57,-0.3
2024-03-25 17:0:06.1190,-0.81,1.31,7.24,0.67,0.53,-0.26
2024-03-25 17:0:06.1300,-1.53,1.54,6.25,0.69,0.56,-0.08
2024-03-25 17:0:06.1390,-2.42,1.37,5.21,0.7,0.51,0.18
2024-03-25 17:0:06.1490,-2.94,0.81,4.67,0.8,0.31,0.33
2024-03-25 17:0:06.1590,-2.23,0.02,4.18,0.9,0.04,0.32
2024-03-25 17:0:06.1690,-1.11,-0.79,3.07,0.96,-0.17,0.25
2024-03-25 17:0:06.1790,-0.5,-1.38,1.64,1.02,-0.21,0.23
2024-03-25 17:0:06.1890,-0.42,-1.69,0.56,1.06,-0.12,0.23
2024-03-25 17:0:06.1990,-0.23,-1.99,-0.35,1.05,0.04,0.23
2024-03-25 17:0:06.2090,-0.19,-2.26,-1.3,0.96,0.14,0.23
2024-03-25 17:0:06.2190,-0.33,-2.45,-2.1,0.88,0.16,0.24
2024-03-25 17:0:06.2290,-0.51,-2.6,-2.41,0.82,0.12,0.27
2024-03-25 17:0:06.2390,-0.77,-2.64,-2.73,0.73,0.04,0.28
2024-03-25 17:0:06.2490,-0.85,-2.67,-3.31,0.57,-0.08,0.3
2024-03-25 17:0:06.2590,-0.97,-2.63,-4.07,0.36,-0.19,0.36
2024-03-25 17:0:06.2690,-1.18,-2.53,-4.57,0.12,-0.24,0.45
2024-03-25 17:0:06.2790,-1.26,-2.47,-4.85,-0.12,-0.2,0.56
2024-03-25 17:0:06.2890,-1.19,-2.44,-4.9,-0.3,-0.14,0.67
2024-03-25 17:0:06.2990,-0.91,-2.48,-4.58,-0.43,-0.09,0.72
2024-03-25 17:0:06.3090,-0.5,-2.6,-4.13,-0.49,-0.05,0.7
2024-03-25 17:0:06.3190,0.0,-2.63,-3.68,-0.51,-0.04,0.62
2024-03-25 17:0:06.3290,0.41,-2.49,-3.25,-0.49,-0.03,0.53
2024-03-25 17:0:06.3390,0.57,-2.28,-2.94,-0.47,-0.03,0.47
2024-03-25 17:0:06.3490,0.44,-1.99,-2.71,-0.46,-0.03,0.45
2024-03-25 17:0:06.3590,0.15,-1.61,-2.69,-0.48,-0.04,0.47
2024-03-25 17:0:06.3690,-0.1,-1.25,-2.72,-0.52,-0.05,0.51
2024-03-25 17:0:06.3790,-0.15,-0.96,-2.69,-0.54,-0.07,0.54
2024-03-25 17:0:06.3890,-0.08,-0.66,-2.59,-0.56,-0.1,0.55
2024-03-25 17:0:06.3990,0.14,-0.47,-2.55,-0.57,-0.13,0.51
2024-03-25 17:0:06.4090,0.42,-0.31,-2.52,-0.57,-0.15,0.44
2024-03-25 17:0:06.4190,0.62,-0.09,-2.47,-0.56,-0.14,0.37
2024-03-25 17:0:06.4290,0.65,0.2,-2.41,-0.57,-0.12,0.31
2024-03-25 17:0:06.4390,0.61,0.51,-2.34,-0.59,-0.07,0.28
2024-03-25 17:0:06.4490,0.54,0.77,-2.19,-0.61,0.02,0.26
2024-03-25 17:0:06.4590,0.55,1.02,-1.83,-0.61,0.13,0.26
2024-03-25 17:0:06.4690,0.41,1.11,-1.26,-0.56,0.22,0.3
2024-03-25 17:0:06.4790,0.16,1.25,-0.46,-0.49,0.24,0.33
2024-03-25 17:0:06.4890,0.15,1.22,0.14,-0.46,0.18,0.32
2024-03-25 17:0:06.4990,0.29,1.16,0.51,-0.43,0.1,0.27
2024-03-25 17:0:06.5090,0.36,1.09,0.98,-0.37,0.03,0.23
2024-03-25 17:0:06.5190,0.31,1.1,1.59,-0.3,-0.0,0.2
2024-03-25 17:0:06.5290,0.28,1.13,2.12,-0.22,-0.01,0.17
2024-03-25 17:0:06.5390,0.28,1.26,2.44,-0.18,-0.03,0.14
2024-03-25 17:0:06.5490,0.24,1.42,2.56,-0.17,-0.04,0.11
2024-03-25 17:0:06.5590,0.17,1.56,2.73,-0.15,-0.05,0.08
2024-03-25 17:0:06.5690,0.03,1.63,3.15,-0.12,-0.04,0.06
2024-03-25 17:0:06.5790,-0.17,1.68,3.62,-0.06,-0.04,0.05
2024-03-25 17:0:06.5890,-0.23,1.61,4.19,0.05,-0.1,0.01
2024-03-25 17:0:06.5990,-0.17,1.49,4.72,0.18,-0.23,-0.05
2024-03-25 17:0:06.6090,-0.08,1.52,5.01,0.3,-0.38,-0.13
2024-03-25 17:0:06.6190,0.29,1.61,4.86,0.37,-0.45,-0.22
2024-03-25 17:0:06.6290,0.65,1.75,4.2,0.35,-0.42,-0.25
2024-03-25 17:0:06.6390,0.65,1.78,3.58,0.29,-0.3,-0.18
2024-03-25 17:0:06.6490,0.33,1.46,3.44,0.28,-0.17,-0.08
2024-03-25 17:0:06.6590,0.11,0.77,3.97,0.4,-0.11,-0.03
2024-03-25 17:0:06.6690,0.35,-0.05,4.69,0.5,-0.2,-0.08
2024-03-25 17:0:06.6790,0.73,-0.83,4.36,0.57,-0.33,-0.19
2024-03-25 17:0:06.6890,0.97,-1.33,3.74,0.64,-0.43,-0.29
2024-03-25 17:0:06.6990,0.95,-1.64,3.14,0.74,-0.45,-0.32
2024-03-25 17:0:06.7090,0.76,-1.8,2.51,0.8,-0.44,-0.32
2024-03-25 17:0:06.7190,0.76,-1.94,1.48,0.81,-0.41,-0.31
2024-03-25 17:0:06.7290,0.87,-2.12,0.34,0.78,-0.37,-0.32
2024-03-25 17:0:06.7390,1.01,-2.23,-0.65,0.68,-0.3,-0.32
2024-03-25 17:0:06.7490,1.02,-2.22,-1.62,0.55,-0.2,-0.3
2024-03-25 17:0:06.7590,0.91,-2.17,-2.31,0.41,-0.09,-0.27
2024-03-25 17:0:06.7690,0.76,-2.17,-2.76,0.24,0.02,-0.22
2024-03-25 17:0:06.7790,0.57,-2.29,-3.05,0.09,0.1,-0.17
2024-03-25 17:0:06.7890,0.37,-2.44,-3.03,-0.04,0.14,-0.15
2024-03-25 17:0:06.7990,0.28,-2.64,-2.83,-0.1,0.13,-0.19
2024-03-25 17:0:06.8090,0.44,-2.72,-2.57,-0.12,0.08,-0.3
2024-03-25 17:0:06.8190,0.67,-2.56,-2.52,-0.11,0.01,-0.42
2024-03-25 17:0:06.8290,0.77,-2.15,-2.63,-0.11,-0.02,-0.51
2024-03-25 17:0:06.8390,0.68,-1.64,-2.99,-0.14,-0.01,-0.56
2024-03-25 17:0:06.8490,0.59,-1.09,-3.55,-0.21,0.05,-0.58
2024-03-25 17:0:06.8590,0.56,-0.62,-3.94,-0.26,0.13,-0.56
2024-03-25 17:0:06.8690,0.42,-0.27,-3.94,-0.31,0.22,-0.5
2024-03-25 17:0:06.8790,0.14,0.07,-3.7,-0.33,0.28,-0.4
2024-03-25 17:0:06.8890,-0.03,0.35,-3.42,-0.34,0.28,-0.3
2024-03-25 17:0:06.8990,-0.05,0.5,-3.09,-0.35,0.25,-0.23
2024-03-25 17:0:06.9090,0.12,0.5,-2.83,-0.36,0.22,-0.19
2024-03-25 17:0:06.9190,0.32,0.47,-2.51,-0.36,0.21,-0.16
2024-03-25 17:0:06.9290,0.44,0.4,-2.07,-0.32,0.2,-0.13
2024-03-25 17:0:06.9390,0.5,0.34,-1.53,-0.28,0.17,-0.1
2024-03-25 17:0:06.9490,0.6,0.24,-1.2,-0.27,0.14,-0.08
2024-03-25 17:0:06.9590,0.74,0.2,-1.02,-0.28,0.09,-0.08
2024-03-25 17:0:06.9690,0.89,0.16,-0.78,-0.28,0.04,-0.09
2024-03-25 17:0:06.9790,1.0,0.13,-0.54,-0.28,-0.01,-0.11
2024-03-25 17:0:06.9890,1.06,0.11,-0.28,-0.26,-0.04,-0.15
2024-03-25 17:0:06.9990,1.14,0.09,0.0,-0.23,-0.04,-0.2
2024-03-25 17:0:07.0090,1.21,0.09,0.31,-0.2,-0.01,-0.25
2024-03-25 17:0:07.0190,1.2,0.16,0.56,-0.17,0.05,-0.31
2024-03-25 17:0:07.0290,1.16,0.4,0.87,-0.14,0.12,-0.35
2024-03-25 17:0:07.0390,1.02,0.63,1.2,-0.1,0.19,-0.38
2024-03-25 17:0:07.0490,0.74,0.95,1.67,-0.08,0.28,-0.38
2024-03-25 17:0:07.0590,0.44,1.18,2.02,-0.05,0.34,-0.36
2024-03-25 17:0:07.0690,0.1,1.35,2.48,-0.01,0.37,-0.32
2024-03-25 17:0:07.0790,-0.28,1.45,3.18,0.06,0.37,-0.29
2024-03-25 17:0:07.0890,-0.47,1.49,3.82,0.15,0.38,-0.27
2024-03-25 17:0:07.0990,-0.53,1.43,4.31,0.25,0.39,-0.27
2024-03-25 17:0:07.1090,-0.53,1.31,4.68,0.38,0.42,-0.28
2024-03-25 17:0:07.1190,-0.6,1.29,4.97,0.53,0.44,-0.28
2024-03-25 17:0:07.1290,-0.75,1.37,5.03,0.65,0.44,-0.29
2024-03-25 17:0:07.1390,-0.75,1.73,4.72,0.7,0.42,-0.25
2024-03-25 17:0:07.1490,-1.13,2.06,4.02,0.63,0.46,-0.1
2024-03-25 17:0:07.1590,-1.76,2.01,3.37,0.55,0.52,0.16
2024-03-25 17:0:07.1690,-2.34,1.42,3.72,0.66,0.45,0.4
2024-03-25 17:0:07.1790,-2.18,0.43,4.66,0.81,0.19,0.47
2024-03-25 17:0:07.1890,-1.24,-0.8,4.08,0.82,-0.09,0.43
2024-03-25 17:0:07.1990,-0.46,-1.77,2.43,0.74,-0.29,0.38
2024-03-25 17:0:07.2090,-0.04,-2.34,1.09,0.62,-0.33,0.33
2024-03-25 17:0:07.2190,0.31,-2.82,0.36,0.56,-0.26,0.3
2024-03-25 17:0:07.2290,0.4,-3.32,0.15,0.58,-0.12,0.26
2024-03-25 17:0:07.2390,0.42,-3.86,0.04,0.61,0.0,0.18
2024-03-25 17:0:07.2490,0.48,-4.3,-0.54,0.57,0.06,0.05
2024-03-25 17:0:07.2590,0.4,-4.55,-1.36,0.48,0.05,-0.09
2024-03-25 17:0:07.2690,0.24,-4.58,-2.14,0.39,0.04,-0.22
2024-03-25 17:0:07.2790,-0.09,-4.29,-2.67,0.28,0.07,-0.28
2024-03-25 17:0:07.2890,-0.55,-3.85,-3.24,0.15,0.12,-0.26
2024-03-25 17:0:07.2990,-1.03,-3.4,-3.83,-0.03,0.15,-0.21
2024-03-25 17:0:07.3090,-1.34,-2.88,-4.34,-0.22,0.16,-0.12
2024-03-25 17:0:07.3190,-1.49,-2.33,-4.6,-0.38,0.12,-0.04
2024-03-25 17:0:07.3290,-1.52,-1.77,-4.48,-0.48,0.06,0.06
2024-03-25 17:0:07.3390,-1.51,-1.33,-4.27,-0.55,0.0,0.15
2024-03-25 17:0:07.3490,-1.45,-0.95,-4.13,-0.6,-0.04,0.24
2024-03-25 17:0:07.3590,-1.36,-0.62,-4.07,-0.66,-0.06,0.33
2024-03-25 17:0:07.3690,-1.41,-0.33,-4.06,-0.69,-0.04,0.43
2024-03-25 17:0:07.3790,-1.37,-0.1,-3.72,-0.67,-0.0,0.51
2024-03-25 17:0:07.3890,-1.13,0.04,-3.29,-0.64,0.04,0.55
2024-03-25 17:0:07.3990,-0.83,0.13,-3.06,-0.6,0.05,0.56
2024-03-25 17:0:07.4090,-0.55,0.25,-2.89,-0.56,0.05,0.55
2024-03-25 17:0:07.4190,-0.43,0.32,-2.65,-0.52,0.04,0.55
2024-03-25 17:0:07.4290,-0.37,0.4,-2.47,-0.51,0.03,0.56
2024-03-25 17:0:07.4390,-0.38,0.39,-2.33,-0.52,0.04,0.59
2024-03-25 17:0:07.4490,-0.36,0.33,-2.13,-0.55,0.05,0.61
2024-03-25 17:0:07.4590,-0.23,0.25,-1.77,-0.55,0.06,0.62
2024-03-25 17:0:07.4690,-0.02,0.18,-1.31,-0.53,0.04,0.59
2024-03-25 17:0:07.4790,0.34,0.15,-0.93,-0.52,0.01,0.52
2024-03-25 17:0:07.4890,0.64,0.04,-0.74,-0.5,0.0,0.42
2024-03-25 17:0:07.4980,0.88,0.01,-0.39,-0.45,0.0,0.29
2024-03-25 17:0:07.5090,1.02,-0.04,0.01,-0.38,0.02,0.17
2024-03-25 17:0:07.5190,0.97,0.08,0.36,-0.31,0.02,0.07
2024-03-25 17:0:07.5290,0.67,0.34,0.65,-0.27,-0.01,0.03
2024-03-25 17:0:07.5390,0.21,0.67,0.74,-0.26,-0.05,0.01
2024-03-25 17:0:07.5490,-0.07,1.03,0.87,-0.28,-0.09,0.02
2024-03-25 17:0:07.5590,-0.29,1.29,1.07,-0.3,-0.1,0.06
2024-03-25 17:0:07.5690,-0.5,1.51,1.46,-0.31,-0.08,0.1
2024-03-25 17:0:07.5790,-0.61,1.57,2.03,-0.27,-0.04,0.13
2024-03-25 17:0:07.5890,-0.59,1.5,2.83,-0.21,-0.02,0.11
2024-03-25 17:0:07.5990,-0.48,1.41,3.56,-0.13,-0.04,0.06
2024-03-25 17:0:07.6090,-0.43,1.32,4.05,-0.03,-0.1,-0.01
2024-03-25 17:0:07.6190,-0.46,1.36,4.56,0.11,-0.2,-0.07
2024-03-25 17:0:07.6280,-0.6,1.42,4.93,0.24,-0.33,-0.12
2024-03-25 17:0:07.6390,-0.82,1.58,4.93,0.33,-0.45,-0.13
2024-03-25 17:0:07.6480,-0.99,1.83,4.66,0.4,-0.54,-0.13
2024-03-25 17:0:07.6590,-1.0,2.11,4.26,0.44,-0.57,-0.12
2024-03-25 17:0:07.6680,-0.9,2.41,3.82,0.44,-0.49,-0.08
2024-03-25 17:0:07.6790,-0.86,2.54,3.4,0.41,-0.34,0.04
2024-03-25 17:0:07.6880,-1.04,2.34,3.29,0.41,-0.19,0.23
2024-03-25 17:0:07.6980,-1.32,1.35,3.81,0.55,-0.09,0.36
2024-03-25 17:0:07.7090,-0.9,-0.14,4.48,0.69,-0.1,0.35
2024-03-25 17:0:07.7180,-0.12,-1.41,4.11,0.78,-0.2,0.24
2024-03-25 17:0:07.7290,0.48,-2.19,3.23,0.82,-0.36,0.09
2024-03-25 17:0:07.7390,0.92,-2.58,2.33,0.8,-0.45,-0.07
2024-03-25 17:0:07.7480,1.06,-2.6,1.32,0.76,-0.39,-0.11
2024-03-25 17:0:07.7590,0.78,-2.39,0.55,0.74,-0.24,-0.07
2024-03-25 17:0:07.7690,0.42,-2.2,0.0,0.66,-0.06,0.02
2024-03-25 17:0:07.7790,0.24,-2.22,-0.74,0.52,0.08,0.1
2024-03-25 17:0:07.7890,0.1,-2.38,-1.36,0.35,0.2,0.18
2024-03-25 17:0:07.7980,-0.02,-2.64,-1.53,0.24,0.3,0.23
2024-03-25 17:0:07.8080,-0.04,-2.96,-1.35,0.13,0.34,0.23
2024-03-25 17:0:07.8180,-0.07,-3.37,-1.46,0.01,0.32,0.21
2024-03-25 17:0:07.8280,-0.13,-3.6,-1.68,-0.08,0.24,0.13
2024-03-25 17:0:07.8380,-0.07,-3.67,-1.82,-0.1,0.12,0.01
2024-03-25 17:0:07.8480,0.09,-3.36,-1.92,-0.1,0.01,-0.11
2024-03-25 17:0:07.8580,0.12,-2.72,-2.28,-0.09,-0.07,-0.2
2024-03-25 17:0:07.8680,0.01,-2.02,-2.89,-0.09,-0.06,-0.23
2024-03-25 17:0:07.8780,-0.17,-1.45,-3.53,-0.09,0.02,-0.21
2024-03-25 17:0:07.8880,-0.34,-0.91,-3.95,-0.1,0.13,-0.15
2024-03-25 17:0:07.8980,-0.56,-0.45,-4.27,-0.13,0.24,-0.05
2024-03-25 17:0:07.9080,-0.77,-0.06,-4.61,-0.19,0.28,0.06
2024-03-25 17:0:07.9180,-0.8,0.28,-4.84,-0.29,0.27,0.16
2024-03-25 17:0:07.9280,-0.7,0.44,-4.87,-0.36,0.21,0.24
2024-03-25 17:0:07.9380,-0.54,0.54,-4.54,-0.4,0.15,0.31
2024-03-25 17:0:07.9480,-0.35,0.54,-4.08,-0.41,0.12,0.38
2024-03-25 17:0:07.9580,-0.17,0.45,-3.59,-0.44,0.11,0.45
2024-03-25 17:0:07.9680,-0.07,0.25,-3.17,-0.46,0.16,0.54
2024-03-25 17:0:07.9780,0.01,0.03,-2.57,-0.47,0.23,0.63
2024-03-25 17:0:07.9880,0.22,-0.03,-1.92,-0.49,0.26,0.69
2024-03-25 17:0:07.9980,0.54,-0.12,-1.48,-0.53,0.22,0.7
2024-03-25 17:0:08.0080,0.95,-0.16,-1.13,-0.59,0.12,0.66
2024-03-25 17:0:08.0180,1.32,-0.21,-0.82,-0.63,-0.0,0.58
2024-03-25 17:0:08.0280,1.58,-0.26,-0.3,-0.63,-0.08,0.48
2024-03-25 17:0:08.0380,1.83,-0.2,0.29,-0.59,-0.11,0.37
2024-03-25 17:0:08.0480,1.94,0.0,0.74,-0.56,-0.08,0.29
2024-03-25 17:0:08.0580,1.88,0.29,1.13,-0.52,0.02,0.23
2024-03-25 17:0:08.0680,1.86,0.65,1.62,-0.45,0.16,0.18
2024-03-25 17:0:08.0780,1.81,0.94,2.21,-0.35,0.3,0.13
2024-03-25 17:0:08.0880,1.79,1.17,2.82,-0.26,0.37,0.06
2024-03-25 17:0:08.0980,1.76,1.39,3.35,-0.16,0.36,-0.04
2024-03-25 17:0:08.1080,1.69,1.5,3.78,-0.05,0.32,-0.14
2024-03-25 17:0:08.1180,1.45,1.55,4.11,0.05,0.3,-0.21
2024-03-25 17:0:08.1280,1.12,1.55,4.34,0.15,0.29,-0.26
2024-03-25 17:0:08.1380,0.75,1.49,4.48,0.27,0.31,-0.27
2024-03-25 17:0:08.1480,0.33,1.48,4.63,0.4,0.34,-0.26
2024-03-25 17:0:08.1580,-0.09,1.48,4.64,0.52,0.34,-0.24
2024-03-25 17:0:08.1680,-0.41,1.45,4.3,0.61,0.31,-0.21
2024-03-25 17:0:08.1780,-0.62,1.41,3.73,0.68,0.28,-0.18
2024-03-25 17:0:08.1880,-0.78,1.36,3.21,0.75,0.25,-0.15
2024-03-25 17:0:08.1980,-0.91,1.45,2.81,0.82,0.25,-0.12
2024-03-25 17:0:08.2080,-0.94,1.63,2.25,0.81,0.29,-0.07
2024-03-25 17:0:08.2180,-1.17,1.82,1.51,0.72,0.35,0.03
2024-03-25 17:0:08.2280,-1.6,1.9,0.96,0.6,0.42,0.21
2024-03-25 17:0:08.2380,-2.17,1.73,0.84,0.5,0.45,0.44
2024-03-25 17:0:08.2480,-2.49,1.2,1.08,0.45,0.37,0.63
2024-03-25 17:0:08.2580,-2.22,0.4,1.31,0.36,0.22,0.76
2024-03-25 17:0:08.2680,-1.57,-0.56,1.0,0.25,0.1,0.82
2024-03-25 17:0:08.2780,-0.99,-1.57,0.65,0.19,-0.01,0.86
2024-03-25 17:0:08.2880,-0.58,-2.39,0.69,0.15,-0.05,0.84
2024-03-25 17:0:08.2980,-0.12,-3.22,0.63,0.11,-0.07,0.76
2024-03-25 17:0:08.3080,0.15,-3.88,0.52,0.1,-0.06,0.65
2024-03-25 17:0:08.3180,0.22,-4.43,0.44,0.12,-0.03,0.49
2024-03-25 17:0:08.3280,0.41,-4.83,0.39,0.19,-0.03,0.29
2024-03-25 17:0:08.3380,0.51,-4.96,0.19,0.28,-0.03,0.05
2024-03-25 17:0:08.3480,0.54,-4.74,-0.44,0.31,-0.02,-0.16
2024-03-25 17:0:08.3580,0.23,-4.11,-1.51,0.29,-0.0,-0.26
2024-03-25 17:0:08.3680,-0.26,-3.24,-2.53,0.22,0.01,-0.29
2024-03-25 17:0:08.3780,-0.6,-2.45,-3.4,0.11,0.05,-0.26
2024-03-25 17:0:08.3880,-0.89,-1.77,-4.06,-0.02,0.07,-0.15
2024-03-25 17:0:08.3980,-1.12,-1.07,-4.53,-0.18,0.09,0.01
2024-03-25 17:0:08.4080,-1.15,-0.57,-4.87,-0.34,0.09,0.17
2024-03-25 17:0:08.4180,-0.97,-0.25,-4.97,-0.48,0.07,0.32
2024-03-25 17:0:08.4280,-0.68,-0.14,-4.82,-0.57,0.07,0.42
2024-03-25 17:0:08.4380,-0.26,-0.2,-4.39,-0.62,0.07,0.47
2024-03-25 17:0:08.4480,0.19,-0.36,-3.91,-0.63,0.1,0.47
2024-03-25 17:0:08.4580,0.63,-0.49,-3.34,-0.6,0.12,0.43
2024-03-25 17:0:08.4680,0.97,-0.58,-2.76,-0.58,0.15,0.37
2024-03-25 17:0:08.4780,1.14,-0.59,-2.33,-0.56,0.15,0.32
2024-03-25 17:0:08.4880,1.19,-0.49,-2.0,-0.56,0.12,0.27
2024-03-25 17:0:08.4980,1.18,-0.32,-1.76,-0.57,0.07,0.23
2024-03-25 17:0:08.5080,1.19,-0.14,-1.55,-0.61,-0.0,0.2
2024-03-25 17:0:08.5180,1.21,-0.01,-1.45,-0.67,-0.04,0.18
2024-03-25 17:0:08.5280,1.27,0.05,-1.25,-0.7,-0.02,0.15
2024-03-25 17:0:08.5380,1.39,0.07,-0.79,-0.67,0.05,0.09
2024-03-25 17:0:08.5480,1.59,0.03,-0.17,-0.6,0.12,0.0
2024-03-25 17:0:08.5580,1.82,-0.02,0.48,-0.49,0.17,-0.14
2024-03-25 17:0:08.5680,1.96,-0.05,1.0,-0.37,0.17,-0.28
2024-03-25 17:0:08.5780,1.82,0.05,1.3,-0.3,0.14,-0.4
2024-03-25 17:0:08.5880,1.43,0.28,1.38,-0.24,0.08,-0.47
2024-03-25 17:0:08.5980,0.91,0.54,1.42,-0.21,0.03,-0.49
2024-03-25 17:0:08.6080,0.46,0.78,1.45,-0.16,-0.02,-0.48
2024-03-25 17:0:08.6180,0.04,1.01,1.58,-0.11,-0.08,-0.45
2024-03-25 17:0:08.6280,-0.21,1.25,1.62,-0.06,-0.14,-0.43
2024-03-25 17:0:08.6380,-0.38,1.43,1.48,-0.03,-0.2,-0.4
2024-03-25 17:0:08.6480,-0.55,1.67,1.35,-0.02,-0.22,-0.37
2024-03-25 17:0:08.6580,-0.67,1.84,1.25,-0.0,-0.21,-0.34
2024-03-25 17:0:08.6680,-0.81,1.93,1.44,0.03,-0.2,-0.31
2024-03-25 17:0:08.6780,-0.88,1.98,1.76,0.06,-0.2,-0.28
2024-03-25 17:0:08.6880,-0.93,2.02,2.12,0.1,-0.22,-0.27
2024-03-25 17:0:08.6980,-0.85,2.03,2.45,0.16,-0.26,-0.28
2024-03-25 17:0:08.7080,-0.86,2.03,2.72,0.23,-0.3,-0.29
2024-03-25 17:0:08.7180,-0.84,2.08,2.86,0.31,-0.33,-0.32
2024-03-25 17:0:08.7280,-0.68,2.06,2.84,0.38,-0.35,-0.36
2024-03-25 17:0:08.7380,-0.54,2.1,2.75,0.47,-0.36,-0.39
2024-03-25 17:0:08.7480,-0.5,2.35,2.58,0.49,-0.34,-0.4
2024-03-25 17:0:08.7580,-0.33,2.55,2.05,0.45,-0.3,-0.37
2024-03-25 17:0:08.7680,-0.2,2.66,1.61,0.36,-0.21,-0.26
2024-03-25 17:0:08.7780,-0.21,2.41,1.59,0.32,-0.1,-0.12
2024-03-25 17:0:08.7880,-0.06,1.69,2.19,0.38,-0.05,-0.04
2024-03-25 17:0:08.7980,0.48,0.58,2.88,0.5,-0.11,-0.07
2024-03-25 17:0:08.8080,1.04,-0.6,3.14,0.62,-0.25,-0.17
2024-03-25 17:0:08.8180,1.66,-1.43,2.73,0.68,-0.38,-0.35
2024-03-25 17:0:08.8280,2.25,-2.06,1.85,0.7,-0.42,-0.52
2024-03-25 17:0:08.8380,2.48,-2.37,1.13,0.74,-0.38,-0.64
2024-03-25 17:0:08.8480,2.35,-2.48,0.67,0.79,-0.3,-0.7
2024-03-25 17:0:08.8580,2.16,-2.45,0.22,0.8,-0.24,-0.72
2024-03-25 17:0:08.8680,2.03,-2.35,-0.46,0.75,-0.21,-0.74
2024-03-25 17:0:08.8780,2.05,-2.29,-1.27,0.63,-0.19,-0.76
2024-03-25 17:0:08.8880,2.05,-2.17,-1.95,0.49,-0.15,-0.76
2024-03-25 17:0:08.8980,1.92,-2.04,-2.26,0.33,-0.07,-0.73
2024-03-25 17:0:08.9080,1.67,-1.98,-2.44,0.14,0.01,-0.66
2024-03-25 17:0:08.9180,1.29,-2.1,-2.43,-0.04,0.07,-0.56
2024-03-25 17:0:08.9280,0.88,-2.29,-2.09,-0.18,0.06,-0.48
2024-03-25 17:0:08.9380,0.82,-2.62,-1.61,-0.27,-0.01,-0.47
2024-03-25 17:0:08.9480,1.05,-2.92,-1.31,-0.32,-0.14,-0.52
2024-03-25 17:0:08.9580,1.38,-3.09,-1.15,-0.32,-0.29,-0.65
2024-03-25 17:0:08.9680,1.75,-3.03,-1.12,-0.3,-0.37,-0.79
2024-03-25 17:0:08.9780,1.92,-2.66,-1.32,-0.28,-0.36,-0.89
2024-03-25 17:0:08.9880,1.76,-2.15,-1.78,-0.27,-0.3,-0.94
2024-03-25 17:0:08.9980,1.49,-1.61,-2.23,-0.3,-0.26,-0.94
2024-03-25 17:0:09.0080,1.2,-1.11,-2.65,-0.35,-0.23,-0.92
2024-03-25 17:0:09.0180,1.04,-0.64,-2.94,-0.39,-0.22,-0.9
2024-03-25 17:0:09.0280,0.95,-0.28,-3.01,-0.42,-0.22,-0.88
2024-03-25 17:0:09.0380,0.86,0.02,-2.97,-0.43,-0.21,-0.86
2024-03-25 17:0:09.0480,0.77,0.25,-2.94,-0.44,-0.18,-0.85
2024-03-25 17:0:09.0580,0.72,0.41,-2.88,-0.44,-0.13,-0.84
2024-03-25 17:0:09.0680,0.64,0.5,-2.77,-0.42,-0.06,-0.82
2024-03-25 17:0:09.0780,0.44,0.54,-2.33,-0.37,0.02,-0.79
2024-03-25 17:0:09.0880,0.23,0.57,-1.71,-0.31,0.07,-0.77
2024-03-25 17:0:09.0980,0.06,0.61,-1.27,-0.28,0.06,-0.74
2024-03-25 17:0:09.1080,-0.15,0.62,-1.1,-0.29,0.03,-0.7
2024-03-25 17:0:09.1180,-0.4,0.65,-0.99,-0.29,0.0,-0.64
2024-03-25 17:0:09.1280,-0.63,0.65,-0.63,-0.28,-0.01,-0.57
2024-03-25 17:0:09.1380,-0.73,0.6,-0.24,-0.26,-0.01,-0.52
2024-03-25 17:0:09.1480,-0.66,0.58,0.12,-0.24,0.0,-0.49
2024-03-25 17:0:09.1580,-0.51,0.59,0.44,-0.21,0.03,-0.48
2024-03-25 17:0:09.1680,-0.37,0.59,0.9,-0.17,0.08,-0.48
2024-03-25 17:0:09.1780,-0.34,0.64,1.37,-0.13,0.18,-0.48
2024-03-25 17:0:09.1880,-0.36,0.59,1.85,-0.06,0.31,-0.47
2024-03-25 17:0:09.1980,-0.47,0.6,2.56,0.03,0.4,-0.44
2024-03-25 17:0:09.2080,-0.82,0.54,3.19,0.12,0.38,-0.4
2024-03-25 17:0:09.2170,-1.15,0.51,3.67,0.2,0.27,-0.36
2024-03-25 17:0:09.2280,-1.39,0.56,3.88,0.26,0.12,-0.34
2024-03-25 17:0:09.2380,-1.41,0.65,3.78,0.31,0.0,-0.34
2024-03-25 17:0:09.2480,-1.18,0.86,3.57,0.33,-0.02,-0.35
2024-03-25 17:0:09.2580,-0.96,1.23,3.21,0.3,0.02,-0.32
2024-03-25 17:0:09.2680,-1.2,1.7,2.77,0.18,0.16,-0.17
2024-03-25 17:0:09.2780,-1.95,1.8,2.56,0.06,0.36,0.09
2024-03-25 17:0:09.2880,-2.56,1.46,3.2,0.1,0.41,0.37
2024-03-25 17:0:09.2970,-2.6,0.73,4.51,0.28,0.26,0.48
2024-03-25 17:0:09.3080,-1.62,-0.28,5.02,0.35,0.02,0.48
2024-03-25 17:0:09.3180,-0.71,-1.27,3.81,0.27,-0.17,0.47
2024-03-25 17:0:09.3280,-0.35,-1.85,2.65,0.13,-0.24,0.51
2024-03-25 17:0:09.3380,-0.32,-2.46,2.25,0.11,-0.21,0.56
2024-03-25 17:0:09.3480,-0.33,-3.16,2.72,0.21,-0.2,0.56
2024-03-25 17:0:09.3580,-0.31,-3.93,2.92,0.3,-0.24,0.49
2024-03-25 17:0:09.3680,-0.18,-4.55,2.24,0.32,-0.35,0.32
2024-03-25 17:0:09.3770,-0.02,-4.94,1.04,0.28,-0.46,0.12
2024-03-25 17:0:09.3880,-0.09,-4.96,-0.19,0.23,-0.47,-0.06
2024-03-25 17:0:09.3970,-0.43,-4.68,-1.26,0.19,-0.37,-0.15
2024-03-25 17:0:09.4080,-0.95,-4.2,-2.12,0.13,-0.23,-0.19
2024-03-25 17:0:09.4170,-1.34,-3.59,-2.96,0.05,-0.06,-0.19
2024-03-25 17:0:09.4280,-1.59,-2.85,-3.8,-0.05,0.09,-0.15
2024-03-25 17:0:09.4370,-1.9,-1.95,-4.32,-0.15,0.17,-0.05
2024-03-25 17:0:09.4470,-2.4,-0.97,-4.6,-0.31,0.13,0.12
2024-03-25 17:0:09.4580,-3.02,-0.29,-5.0,-0.47,0.01,0.26
2024-03-25 17:0:09.4680,-2.92,0.14,-4.94,-0.59,-0.08,0.4
2024-03-25 17:0:09.4770,-2.82,0.32,-4.59,-0.64,-0.12,0.54
2024-03-25 17:0:09.4890,-2.64,0.42,-4.06,-0.62,-0.09,0.66
2024-03-25 17:0:09.4970,-2.31,0.37,-3.46,-0.55,-0.02,0.73
2024-03-25 17:0:09.5070,-1.84,0.2,-2.88,-0.45,0.03,0.77
2024-03-25 17:0:09.5170,-1.38,0.08,-2.44,-0.34,0.04,0.76
2024-03-25 17:0:09.5270,-0.96,0.07,-2.24,-0.26,0.0,0.74
2024-03-25 17:0:09.5370,-0.61,0.17,-2.4,-0.25,-0.05,0.73
2024-03-25 17:0:09.5510,-0.45,0.39,-2.79,-0.29,-0.1,0.75
2024-03-25 17:0:09.5570,-0.37,0.61,-3.12,-0.36,-0.11,0.79
2024-03-25 17:0:09.5670,-0.28,0.71,-3.21,-0.45,-0.06,0.86
2024-03-25 17:0:09.5770,-0.21,0.67,-3.05,-0.53,0.01,0.91
2024-03-25 17:0:09.5870,0.08,0.47,-2.55,-0.56,0.12,0.92
2024-03-25 17:0:09.5970,0.4,0.08,-1.7,-0.53,0.21,0.86
2024-03-25 17:0:09.6070,0.8,-0.27,-0.65,-0.47,0.27,0.75
2024-03-25 17:0:09.6180,1.08,-0.49,0.19,-0.42,0.26,0.61
2024-03-25 17:0:09.6270,1.11,-0.48,0.81,-0.4,0.2,0.48
2024-03-25 17:0:09.6370,0.93,-0.35,1.28,-0.38,0.12,0.37
2024-03-25 17:0:09.6470,0.72,-0.07,1.82,-0.32,0.04,0.28
2024-03-25 17:0:09.6570,0.51,0.24,2.36,-0.22,-0.04,0.21
2024-03-25 17:0:09.6670,0.31,0.55,2.74,-0.11,-0.11,0.15
2024-03-25 17:0:09.6770,0.11,0.95,2.76,-0.04,-0.16,0.11
2024-03-25 17:0:09.6870,-0.01,1.33,2.38,-0.03,-0.18,0.08
2024-03-25 17:0:09.6970,-0.09,1.69,2.0,-0.02,-0.17,0.05
2024-03-25 17:0:09.7070,-0.21,2.04,1.99,-0.01,-0.1,0.06
2024-03-25 17:0:09.7170,-0.42,2.29,2.2,0.02,-0.02,0.08
2024-03-25 17:0:09.7270,-0.58,2.41,2.55,0.07,0.03,0.08
2024-03-25 17:0:09.7370,-0.69,2.4,3.0,0.14,0.03,0.09
2024-03-25 17:0:09.7470,-0.82,2.38,3.42,0.21,-0.03,0.09
2024-03-25 17:0:09.7580,-0.81,2.28,3.7,0.29,-0.14,0.07
2024-03-25 17:0:09.7670,-0.63,2.26,3.78,0.34,-0.26,0.01
2024-03-25 17:0:09.7770,-0.33,2.27,3.48,0.32,-0.35,-0.05
2024-03-25 17:0:09.7870,-0.12,2.34,2.96,0.27,-0.35,-0.08
2024-03-25 17:0:09.7970,-0.12,2.34,2.63,0.2,-0.23,0.0
2024-03-25 17:0:09.8070,-0.57,1.96,2.69,0.17,-0.05,0.18
2024-03-25 17:0:09.8170,-0.97,1.07,3.24,0.22,0.05,0.3
2024-03-25 17:0:09.8270,-0.69,-0.06,3.92,0.3,0.02,0.28
2024-03-25 17:0:09.8370,-0.03,-1.1,3.89,0.35,-0.07,0.18
2024-03-25 17:0:09.8470,0.41,-1.92,3.49,0.45,-0.17,0.02
2024-03-25 17:0:09.8570,0.78,-2.28,3.24,0.52,-0.2,-0.14
2024-03-25 17:0:09.8670,0.83,-2.54,2.5,0.56,-0.15,-0.2
2024-03-25 17:0:09.8770,0.42,-2.53,1.72,0.6,-0.09,-0.2
2024-03-25 17:0:09.8870,0.03,-2.5,1.08,0.64,-0.08,-0.19
2024-03-25 17:0:09.8970,0.02,-2.46,0.24,0.62,-0.11,-0.19
2024-03-25 17:0:09.9070,0.17,-2.42,-0.94,0.54,-0.16,-0.21
2024-03-25 17:0:09.9170,0.29,-2.26,-2.1,0.41,-0.16,-0.21
2024-03-25 17:0:09.9270,0.29,-2.07,-2.93,0.29,-0.12,-0.18
2024-03-25 17:0:09.9370,0.19,-1.83,-3.4,0.16,-0.04,-0.1
2024-03-25 17:0:09.9470,-0.03,-1.69,-3.67,0.02,0.05,-0.01
2024-03-25 17:0:09.9570,-0.13,-1.6,-3.85,-0.14,0.12,0.08
2024-03-25 17:0:09.9670,-0.13,-1.6,-3.93,-0.28,0.15,0.14
2024-03-25 17:0:09.9770,0.0,-1.66,-3.62,-0.35,0.13,0.14
2024-03-25 17:0:09.9870,0.33,-1.69,-3.08,-0.36,0.1,0.1
2024-03-25 17:0:09.9970,0.71,-1.66,-2.68,-0.34,0.1,0.03
2024-03-25 17:0:10.0070,0.9,-1.53,-2.56,-0.32,0.12,-0.03
2024-03-25 17:0:10.0170,0.99,-1.34,-2.66,-0.31,0.16,-0.08
2024-03-25 17:0:10.0270,0.97,-1.09,-2.82,-0.32,0.19,-0.1
2024-03-25 17:0:10.0370,0.88,-0.83,-2.96,-0.34,0.21,-0.1
2024-03-25 17:0:10.0470,0.77,-0.57,-2.99,-0.37,0.2,-0.08
2024-03-25 17:0:10.0570,0.69,-0.32,-2.93,-0.39,0.18,-0.05
2024-03-25 17:0:10.0670,0.73,-0.16,-2.78,-0.38,0.15,-0.02
2024-03-25 17:0:10.0770,0.89,-0.08,-2.51,-0.36,0.14,-0.03
2024-03-25 17:0:10.0870,1.17,-0.09,-2.37,-0.35,0.13,-0.05
2024-03-25 17:0:10.0970,1.45,-0.09,-2.36,-0.36,0.14,-0.08
2024-03-25 17:0:10.1070,1.53,-0.07,-2.29,-0.38,0.17,-0.07
2024-03-25 17:0:10.1170,1.44,-0.03,-2.04,-0.4,0.19,-0.07
2024-03-25 17:0:10.1270,1.4,-0.01,-1.7,-0.42,0.19,-0.07
2024-03-25 17:0:10.1370,1.4,-0.03,-1.35,-0.43,0.18,-0.07
2024-03-25 17:0:10.1470,1.4,0.0,-0.83,-0.41,0.15,-0.08
2024-03-25 17:0:10.1570,1.32,0.05,-0.27,-0.4,0.13,-0.1
2024-03-25 17:0:10.1670,1.23,0.12,0.11,-0.4,0.1,-0.12
2024-03-25 17:0:10.1770,1.24,0.16,0.39,-0.4,0.09,-0.16
2024-03-25 17:0:10.1870,1.32,0.22,0.91,-0.36,0.1,-0.22
2024-03-25 17:0:10.1970,1.44,0.3,1.51,-0.31,0.14,-0.29
2024-03-25 17:0:10.2070,1.45,0.36,2.01,-0.25,0.19,-0.36
2024-03-25 17:0:10.2170,1.3,0.49,2.45,-0.21,0.26,-0.4
2024-03-25 17:0:10.2270,0.91,0.65,2.84,-0.19,0.34,-0.39
2024-03-25 17:0:10.2370,0.49,0.88,3.43,-0.15,0.38,-0.37
2024-03-25 17:0:10.2470,0.09,0.99,4.03,-0.12,0.42,-0.33
2024-03-25 17:0:10.2570,-0.23,1.07,4.53,-0.05,0.44,-0.31
2024-03-25 17:0:10.2670,-0.38,1.01,5.12,0.07,0.43,-0.34
2024-03-25 17:0:10.2770,-0.3,0.96,5.71,0.25,0.39,-0.4
2024-03-25 17:0:10.2870,-0.4,0.96,6.03,0.44,0.35,-0.48
2024-03-25 17:0:10.2970,-0.54,1.05,5.93,0.61,0.34,-0.54
2024-03-25 17:0:10.3070,-0.77,1.3,5.37,0.73,0.37,-0.57
2024-03-25 17:0:10.3170,-1.01,1.62,4.68,0.84,0.42,-0.57
2024-03-25 17:0:10.3270,-1.27,2.15,4.21,0.89,0.5,-0.5
2024-03-25 17:0:10.3370,-1.85,2.66,3.4,0.85,0.64,-0.3
2024-03-25 17:0:10.3470,-2.85,2.63,2.64,0.74,0.76,0.06
2024-03-25 17:0:10.3570,-3.85,2.01,2.25,0.66,0.68,0.42
2024-03-25 17:0:10.3670,-4.0,0.86,2.3,0.62,0.4,0.62
2024-03-25 17:0:10.3770,-3.12,-0.48,2.08,0.57,0.03,0.67
2024-03-25 17:0:10.3870,-2.11,-1.75,1.18,0.51,-0.3,0.64
2024-03-25 17:0:10.3970,-1.21,-2.52,0.18,0.46,-0.51,0.53
2024-03-25 17:0:10.4070,-0.41,-3.07,-0.66,0.47,-0.56,0.42
2024-03-25 17:0:10.4170,0.06,-3.27,-1.28,0.53,-0.49,0.32
2024-03-25 17:0:10.4270,0.39,-3.38,-1.86,0.64,-0.35,0.23
2024-03-25 17:0:10.4370,0.5,-3.39,-2.42,0.74,-0.21,0.11
2024-03-25 17:0:10.4470,0.48,-3.24,-3.36,0.73,-0.09,0.03
2024-03-25 17:0:10.4570,0.23,-2.97,-4.59,0.62,-0.02,-0.01
2024-03-25 17:0:10.4670,-0.16,-2.53,-5.57,0.44,0.01,0.0
2024-03-25 17:0:10.4770,-0.54,-2.07,-6.15,0.21,-0.01,0.07
2024-03-25 17:0:10.4870,-0.91,-1.67,-6.57,-0.08,-0.02,0.19
2024-03-25 17:0:10.4970,-1.2,-1.38,-6.82,-0.41,-0.01,0.36
2024-03-25 17:0:10.5070,-1.33,-1.18,-6.64,-0.68,0.03,0.55
2024-03-25 17:0:10.5170,-1.28,-1.11,-5.89,-0.84,0.08,0.72
2024-03-25 17:0:10.5270,-0.99,-1.12,-4.79,-0.94,0.1,0.81
2024-03-25 17:0:10.5370,-0.45,-1.3,-3.88,-0.99,0.1,0.81
2024-03-25 17:0:10.5470,0.08,-1.46,-3.19,-0.98,0.06,0.77
2024-03-25 17:0:10.5570,0.39,-1.48,-2.42,-0.93,0.03,0.7
2024-03-25 17:0:10.5670,0.59,-1.45,-1.73,-0.83,0.01,0.61
2024-03-25 17:0:10.5770,0.74,-1.27,-1.15,-0.76,0.02,0.53
2024-03-25 17:0:10.5870,0.74,-1.02,-0.91,-0.69,0.02,0.48
2024-03-25 17:0:10.5970,0.71,-0.64,-0.71,-0.64,-0.0,0.45
2024-03-25 17:0:10.6070,0.59,-0.22,-0.54,-0.61,-0.05,0.42
2024-03-25 17:0:10.6170,0.55,0.15,-0.48,-0.59,-0.1,0.38
2024-03-25 17:0:10.6270,0.66,0.41,-0.44,-0.53,-0.14,0.3
2024-03-25 17:0:10.6370,0.88,0.69,-0.19,-0.45,-0.17,0.21
2024-03-25 17:0:10.6470,0.98,0.94,-0.05,-0.35,-0.16,0.12
2024-03-25 17:0:10.6570,1.03,1.18,-0.13,-0.27,-0.1,0.04
2024-03-25 17:0:10.6670,1.02,1.32,-0.2,-0.2,-0.01,-0.03
2024-03-25 17:0:10.6770,0.82,1.5,-0.13,-0.15,0.06,-0.06
2024-03-25 17:0:10.6870,0.45,1.7,0.08,-0.12,0.06,-0.06
2024-03-25 17:0:10.6970,0.11,1.89,0.3,-0.1,-0.03,-0.05
2024-03-25 17:0:10.7070,-0.13,2.0,0.55,-0.07,-0.16,-0.04
2024-03-25 17:0:10.7170,-0.26,2.02,0.81,-0.05,-0.26,-0.06
2024-03-25 17:0:10.7270,-0.17,1.93,0.95,-0.02,-0.27,-0.09
2024-03-25 17:0:10.7370,-0.04,1.78,1.18,0.01,-0.21,-0.13
2024-03-25 17:0:10.7470,-0.04,1.68,1.58,0.03,-0.08,-0.14
2024-03-25 17:0:10.7570,-0.3,1.65,2.08,0.05,0.02,-0.13
2024-03-25 17:0:10.7670,-0.63,1.59,2.75,0.11,0.06,-0.14
2024-03-25 17:0:10.7770,-0.76,1.49,3.63,0.21,-0.0,-0.19
2024-03-25 17:0:10.7870,-0.84,1.37,4.38,0.36,-0.13,-0.25
2024-03-25 17:0:10.7970,-0.89,1.39,4.76,0.46,-0.3,-0.33
2024-03-25 17:0:10.8070,-0.9,1.55,4.53,0.5,-0.45,-0.38
2024-03-25 17:0:10.8170,-0.85,1.92,3.99,0.48,-0.52,-0.41
2024-03-25 17:0:10.8270,-0.71,2.32,3.43,0.45,-0.47,-0.41
2024-03-25 17:0:10.8370,-0.6,2.66,3.26,0.38,-0.27,-0.32
2024-03-25 17:0:10.8470,-0.76,2.78,3.13,0.24,0.03,-0.1
2024-03-25 17:0:10.8570,-1.15,2.16,3.19,0.13,0.2,0.12
2024-03-25 17:0:10.8670,-1.22,0.94,4.08,0.15,0.26,0.22
2024-03-25 17:0:10.8770,-0.69,-0.48,5.33,0.31,0.08,0.17
2024-03-25 17:0:10.8870,-0.04,-1.76,6.03,0.5,-0.3,-0.04
2024-03-25 17:0:10.8970,0.83,-2.46,5.75,0.6,-0.68,-0.32
2024-03-25 17:0:10.9070,1.45,-2.7,4.64,0.66,-0.86,-0.51
2024-03-25 17:0:10.9170,1.43,-2.47,3.49,0.77,-0.89,-0.57
2024-03-25 17:0:10.9270,1.15,-2.01,2.7,0.9,-0.79,-0.56
2024-03-25 17:0:10.9370,1.13,-1.84,1.65,0.96,-0.61,-0.53
2024-03-25 17:0:10.9470,1.33,-1.69,0.26,0.93,-0.35,-0.48
2024-03-25 17:0:10.9570,1.48,-1.59,-1.0,0.89,-0.12,-0.43
2024-03-25 17:0:10.9670,1.42,-1.47,-1.59,0.84,-0.0,-0.38
2024-03-25 17:0:10.9770,1.19,-1.45,-2.01,0.74,-0.01,-0.32
2024-03-25 17:0:10.9870,0.87,-1.48,-2.47,0.59,-0.08,-0.26
2024-03-25 17:0:10.9970,0.6,-1.6,-2.93,0.43,-0.15,-0.18
2024-03-25 17:0:11.0070,0.4,-1.76,-3.08,0.3,-0.22,-0.12
2024-03-25 17:0:11.0170,0.4,-1.99,-3.15,0.2,-0.27,-0.09
2024-03-25 17:0:11.0260,0.5,-2.25,-3.26,0.11,-0.32,-0.09
2024-03-25 17:0:11.0370,0.65,-2.44,-3.44,0.05,-0.35,-0.13
2024-03-25 17:0:11.0460,0.86,-2.54,-3.71,0.0,-0.36,-0.2
2024-03-25 17:0:11.0570,1.04,-2.51,-4.08,-0.05,-0.34,-0.27
2024-03-25 17:0:11.0660,1.1,-2.36,-4.61,-0.1,-0.28,-0.34
2024-03-25 17:0:11.0760,1.08,-2.13,-5.14,-0.16,-0.23,-0.4
2024-03-25 17:0:11.0860,1.06,-1.84,-5.54,-0.26,-0.18,-0.45
2024-03-25 17:0:11.0960,0.87,-1.53,-5.87,-0.37,-0.13,-0.46
2024-03-25 17:0:11.1060,0.68,-1.09,-6.02,-0.49,-0.08,-0.44
2024-03-25 17:0:11.1160,0.6,-0.76,-5.94,-0.59,0.02,-0.39
2024-03-25 17:0:11.1260,0.5,-0.5,-5.67,-0.67,0.16,-0.31
2024-03-25 17:0:11.1370,0.38,-0.37,-5.16,-0.7,0.32,-0.23
2024-03-25 17:0:11.1460,0.39,-0.32,-4.31,-0.73,0.44,-0.18
2024-03-25 17:0:11.1570,0.51,-0.41,-3.75,-0.83,0.5,-0.16
2024-03-25 17:0:11.1660,0.56,-0.45,-3.23,-0.92,0.49,-0.15
2024-03-25 17:0:11.1760,0.41,-0.37,-2.32,-0.97,0.42,-0.12
2024-03-25 17:0:11.1860,0.28,-0.23,-1.3,-1.0,0.38,-0.08
2024-03-25 17:0:11.1960,0.23,-0.17,-0.24,-0.95,0.4,-0.04
2024-03-25 17:0:11.2060,0.24,-0.13,1.02,-0.87,0.49,-0.03
2024-03-25 17:0:11.2160,0.31,-0.12,2.08,-0.78,0.62,-0.01
2024-03-25 17:0:11.2260,0.11,-0.14,3.06,-0.64,0.64,0.0
2024-03-25 17:0:11.2360,0.04,0.0,4.07,-0.47,0.5,-0.06
2024-03-25 17:0:11.2460,0.31,0.2,4.62,-0.3,0.25,-0.2
2024-03-25 17:0:11.2560,0.69,0.49,4.62,-0.19,0.01,-0.38
2024-03-25 17:0:11.2660,0.98,1.0,4.07,-0.12,-0.11,-0.49
2024-03-25 17:0:11.2760,0.91,1.66,3.56,-0.03,-0.08,-0.53
2024-03-25 17:0:11.2860,0.76,2.44,3.43,0.04,0.08,-0.5
2024-03-25 17:0:11.2960,0.61,2.97,3.21,0.1,0.29,-0.46
2024-03-25 17:0:11.3060,0.59,3.2,3.17,0.17,0.5,-0.41
2024-03-25 17:0:11.3170,0.59,3.26,3.42,0.25,0.7,-0.36
2024-03-25 17:0:11.3270,0.56,3.24,3.78,0.36,0.8,-0.32
2024-03-25 17:0:11.3360,0.56,3.09,4.22,0.45,0.79,-0.33
2024-03-25 17:0:11.3470,0.63,2.81,4.52,0.51,0.67,-0.35
2024-03-25 17:0:11.3570,0.68,2.62,4.73,0.62,0.54,-0.39
2024-03-25 17:0:11.3670,0.67,2.44,5.09,0.73,0.44,-0.41
2024-03-25 17:0:11.3760,0.59,2.32,4.99,0.79,0.4,-0.37
2024-03-25 17:0:11.3860,0.38,2.14,4.47,0.81,0.42,-0.24
2024-03-25 17:0:11.3960,-0.04,1.68,4.01,0.8,0.42,-0.06
2024-03-25 17:0:11.4060,-0.27,0.78,3.58,0.82,0.37,0.08
2024-03-25 17:0:11.4160,-0.08,-0.42,3.25,0.8,0.2,0.15
2024-03-25 17:0:11.4260,0.3,-1.57,2.57,0.76,-0.01,0.15
2024-03-25 17:0:11.4360,0.58,-2.51,1.83,0.7,-0.2,0.11
2024-03-25 17:0:11.4460,0.86,-3.12,1.05,0.63,-0.34,0.02
2024-03-25 17:0:11.4560,1.14,-3.73,0.29,0.59,-0.41,-0.08
2024-03-25 17:0:11.4660,1.24,-4.16,-0.26,0.59,-0.42,-0.2
2024-03-25 17:0:11.4760,1.21,-4.36,-0.78,0.61,-0.34,-0.33
2024-03-25 17:0:11.4860,0.95,-4.66,-1.56,0.55,-0.19,-0.42
2024-03-25 17:0:11.4960,0.64,-4.62,-2.58,0.5,-0.07,-0.49
2024-03-25 17:0:11.5060,0.24,-4.15,-3.31,0.33,0.04,-0.5
2024-03-25 17:0:11.5160,-0.42,-4.05,-4.36,0.15,0.06,-0.47
2024-03-25 17:0:11.5260,-0.76,-3.15,-4.77,-0.1,0.02,-0.42
2024-03-25 17:0:11.5360,-1.21,-3.23,-5.36,-0.33,-0.11,-0.35
2024-03-25 17:0:11.5460,-1.28,-2.43,-5.22,-0.53,-0.29,-0.29
2024-03-25 17:0:11.5560,-1.27,-2.38,-5.1,-0.68,-0.42,-0.23
2024-03-25 17:0:11.5670,-1.07,-1.92,-4.82,-0.77,-0.46,-0.18
2024-03-25 17:0:11.5760,-0.73,-1.69,-4.54,-0.82,-0.38,-0.13
2024-03-25 17:0:11.5860,-0.51,-1.58,-4.13,-0.81,-0.26,-0.09
2024-03-25 17:0:11.5960,-0.34,-1.38,-3.64,-0.75,-0.12,-0.05
2024-03-25 17:0:11.6060,-0.22,-1.14,-3.19,-0.68,-0.05,-0.01
2024-03-25 17:0:11.6160,-0.18,-0.84,-2.93,-0.62,-0.05,0.01
2024-03-25 17:0:11.6260,-0.1,-0.53,-2.83,-0.6,-0.11,-0.03
2024-03-25 17:0:11.6360,0.0,-0.33,-2.99,-0.59,-0.19,-0.07
2024-03-25 17:0:11.6460,0.13,0.2,-2.93,-0.59,-0.23,-0.08
2024-03-25 17:0:11.6560,0.09,0.54,-2.81,-0.57,-0.21,-0.09
2024-03-25 17:0:11.6660,0.26,0.9,-2.52,-0.55,-0.11,-0.09
2024-03-25 17:0:11.6760,0.28,1.15,-2.19,-0.54,0.05,-0.07
2024-03-25 17:0:11.6860,0.26,1.39,-1.66,-0.54,0.22,-0.03
2024-03-25 17:0:11.6960,0.27,1.48,-1.1,-0.46,0.32,-0.02
2024-03-25 17:0:11.7060,0.27,1.42,-0.06,-0.34,0.39,-0.04
2024-03-25 17:0:11.7160,0.4,1.2,0.9,-0.24,0.31,-0.11
2024-03-25 17:0:11.7260,0.5,1.07,1.33,-0.16,0.11,-0.22
2024-03-25 17:0:11.7360,0.67,1.12,1.56,-0.12,-0.1,-0.33
2024-03-25 17:0:11.7470,0.73,1.25,1.51,-0.12,-0.22,-0.4
2024-03-25 17:0:11.7560,0.65,1.48,1.36,-0.15,-0.19,-0.4
2024-03-25 17:0:11.7660,0.42,1.7,1.34,-0.18,-0.09,-0.33
2024-03-25 17:0:11.7760,0.12,1.84,1.69,-0.19,0.04,-0.24
2024-03-25 17:0:11.7860,-0.08,1.77,2.29,-0.18,0.14,-0.18
2024-03-25 17:0:11.7960,-0.09,1.56,3.06,-0.13,0.12,-0.2
2024-03-25 17:0:11.8060,0.11,1.41,3.79,-0.08,0.02,-0.27
2024-03-25 17:0:11.8160,0.17,1.19,4.34,0.03,-0.15,-0.39
2024-03-25 17:0:11.8260,0.29,1.18,5.09,0.15,-0.32,-0.51
2024-03-25 17:0:11.8360,0.28,1.25,5.18,0.25,-0.41,-0.61
2024-03-25 17:0:11.8460,0.19,1.46,4.86,0.33,-0.42,-0.67
2024-03-25 17:0:11.8560,0.07,1.72,4.52,0.43,-0.4,-0.71
2024-03-25 17:0:11.8660,-0.01,2.02,4.25,0.5,-0.37,-0.76
2024-03-25 17:0:11.8760,0.07,2.23,3.72,0.58,-0.34,-0.83
2024-03-25 17:0:11.8860,0.12,2.36,3.3,0.65,-0.29,-0.88
2024-03-25 17:0:11.8960,0.1,2.7,2.94,0.7,-0.23,-0.91
2024-03-25 17:0:11.9060,0.02,3.03,2.44,0.71,-0.14,-0.87
2024-03-25 17:0:11.9160,-0.29,3.04,2.18,0.67,-0.01,-0.72
2024-03-25 17:0:11.9260,-0.76,2.54,2.08,0.65,0.1,-0.53
2024-03-25 17:0:11.9360,-0.75,1.68,2.54,0.69,0.14,-0.4
2024-03-25 17:0:11.9460,-0.42,0.44,2.95,0.73,0.16,-0.33
2024-03-25 17:0:11.9560,-0.07,-0.79,2.85,0.75,0.04,-0.35
2024-03-25 17:0:11.9660,0.44,-1.67,2.54,0.78,-0.16,-0.48
2024-03-25 17:0:11.9760,1.02,-2.26,2.15,0.83,-0.35,-0.65
2024-03-25 17:0:11.9860,1.32,-2.42,1.74,0.91,-0.45,-0.74
2024-03-25 17:0:11.9960,1.08,-2.24,0.99,0.96,-0.43,-0.72
2024-03-25 17:0:12.0060,0.73,-1.93,-0.07,0.96,-0.33,-0.64
2024-03-25 17:0:12.0160,0.72,-1.78,-1.15,0.93,-0.21,-0.56
2024-03-25 17:0:12.0260,0.81,-1.78,-1.95,0.85,-0.02,-0.46
2024-03-25 17:0:12.0360,0.85,-1.81,-2.5,0.73,0.12,-0.37
2024-03-25 17:0:12.0460,0.77,-1.92,-3.05,0.56,0.19,-0.27
2024-03-25 17:0:12.0560,0.57,-2.17,-3.34,0.4,0.17,-0.19
2024-03-25 17:0:12.0660,0.47,-2.52,-3.2,0.28,0.09,-0.13
2024-03-25 17:0:12.0760,0.5,-2.87,-2.92,0.21,0.0,-0.12
2024-03-25 17:0:12.0860,0.76,-3.17,-2.93,0.13,-0.12,-0.15
2024-03-25 17:0:12.0960,1.08,-3.28,-3.3,0.08,-0.28,-0.2
2024-03-25 17:0:12.1060,1.31,-3.21,-3.69,0.03,-0.43,-0.27
2024-03-25 17:0:12.1160,1.55,-2.96,-4.27,-0.06,-0.51,-0.34
2024-03-25 17:0:12.1260,1.74,-2.67,-5.1,-0.2,-0.5,-0.39
2024-03-25 17:0:12.1360,1.87,-2.35,-5.82,-0.33,-0.42,-0.39
2024-03-25 17:0:12.1460,1.81,-2.06,-6.0,-0.44,-0.29,-0.38
2024-03-25 17:0:12.1560,1.77,-1.82,-5.89,-0.52,-0.14,-0.33
2024-03-25 17:0:12.1660,1.73,-1.63,-5.62,-0.56,-0.01,-0.32
2024-03-25 17:0:12.1760,1.97,-1.59,-5.01,-0.57,0.07,-0.38
2024-03-25 17:0:12.1860,2.37,-1.64,-4.49,-0.61,0.1,-0.47
2024-03-25 17:0:12.1960,2.38,-1.63,-3.98,-0.69,0.09,-0.54
2024-03-25 17:0:12.2060,2.25,-1.43,-3.47,-0.81,0.09,-0.57
2024-03-25 17:0:12.2160,1.94,-1.2,-2.98,-0.93,0.1,-0.55
2024-03-25 17:0:12.2260,1.57,-0.9,-2.22,-1.04,0.09,-0.49
2024-03-25 17:0:12.2360,1.27,-0.68,-1.36,-1.1,0.06,-0.43
2024-03-25 17:0:12.2460,1.25,-0.56,-0.58,-1.13,-0.01,-0.42
2024-03-25 17:0:12.2560,1.54,-0.53,0.06,-1.11,-0.09,-0.48
2024-03-25 17:0:12.2660,2.0,-0.54,0.7,-1.02,-0.16,-0.59
2024-03-25 17:0:12.2760,2.37,-0.49,1.36,-0.9,-0.22,-0.75
2024-03-25 17:0:12.2860,2.67,-0.24,1.73,-0.8,-0.21,-0.92
2024-03-25 17:0:12.2960,2.73,0.22,1.73,-0.74,-0.13,-1.03
2024-03-25 17:0:12.3060,2.35,0.82,1.74,-0.73,-0.04,-1.06
2024-03-25 17:0:12.3160,1.78,1.41,1.93,-0.75,0.05,-1.08
2024-03-25 17:0:12.3260,1.55,1.75,2.24,-0.78,0.07,-1.12
2024-03-25 17:0:12.3360,1.44,1.88,2.64,-0.79,0.07,-1.16
2024-03-25 17:0:12.3460,1.21,2.02,3.04,-0.79,0.07,-1.17
2024-03-25 17:0:12.3560,0.88,1.91,3.33,-0.66,0.12,-1.2
2024-03-25 17:0:12.3660,1.05,1.72,4.06,-0.4,0.25,-1.28
2024-03-25 17:0:12.3760,1.27,1.63,4.55,-0.03,0.38,-1.36
2024-03-25 17:0:12.3860,1.02,1.66,4.96,0.31,0.47,-1.38
2024-03-25 17:0:12.3960,0.52,1.88,4.75,0.49,0.51,-1.34
2024-03-25 17:0:12.4060,-0.33,2.07,3.74,0.49,0.46,-1.21
2024-03-25 17:0:12.4160,-1.32,2.28,2.94,0.4,0.36,-1.06
2024-03-25 17:0:12.4260,-2.14,2.44,2.63,0.25,0.28,-0.88
2024-03-25 17:0:12.4360,-3.09,2.06,2.59,0.23,0.37,-0.72
2024-03-25 17:0:12.4460,-3.88,1.03,3.44,0.41,0.67,-0.38
2024-03-25 17:0:12.4560,-4.38,-0.45,4.59,0.69,0.8,-0.23
2024-03-25 17:0:12.4660,-3.66,-1.66,4.67,0.87,0.64,-0.22
2024-03-25 17:0:12.4760,-3.03,-2.71,3.65,0.88,0.31,-0.27
2024-03-25 17:0:12.4860,-2.63,-2.89,2.06,0.69,-0.0,-0.3
2024-03-25 17:0:12.4960,-2.51,-2.47,0.4,0.38,-0.15,-0.18
2024-03-25 17:0:12.5060,-2.76,-2.1,-0.58,0.18,-0.14,0.0
2024-03-25 17:0:12.5160,-2.57,-1.77,-0.3,0.09,-0.07,0.16
2024-03-25 17:0:12.5260,-2.11,-1.65,0.05,0.01,0.0,0.29
2024-03-25 17:0:12.5360,-1.57,-1.37,0.0,-0.12,-0.0,0.4
2024-03-25 17:0:12.5460,-1.17,-1.06,-0.22,-0.26,-0.03,0.51
2024-03-25 17:0:12.5560,-0.87,-0.89,-0.04,-0.3,-0.03,0.61
2024-03-25 17:0:12.5660,-0.55,-0.88,0.45,-0.25,0.01,0.69
2024-03-25 17:0:12.5760,-0.13,-0.93,0.71,-0.2,0.03,0.73
2024-03-25 17:0:12.5860,0.29,-1.04,0.41,-0.16,0.0,0.75
2024-03-25 17:0:12.5960,0.49,-1.12,-0.05,-0.12,-0.01,0.75
2024-03-25 17:0:12.6060,0.85,-1.16,-0.38,-0.03,-0.05,0.68
2024-03-25 17:0:12.6160,1.33,-1.2,-0.7,0.07,-0.08,0.57
2024-03-25 17:0:12.6260,1.63,-1.13,-1.15,0.15,-0.09,0.47
2024-03-25 17:0:12.6360,1.62,-0.97,-1.87,0.2,-0.1,0.41
2024-03-25 17:0:12.6460,1.5,-0.72,-2.63,0.22,-0.07,0.38
2024-03-25 17:0:12.6560,1.42,-0.46,-3.27,0.21,0.01,0.37
2024-03-25 17:0:12.6660,1.38,-0.32,-3.76,0.16,0.07,0.35
2024-03-25 17:0:12.6760,1.42,-0.24,-4.17,0.09,0.1,0.33
2024-03-25 17:0:12.6860,1.57,-0.16,-4.33,0.04,0.09,0.28
2024-03-25 17:0:12.6960,1.7,-0.19,-4.13,0.05,0.05,0.19
2024-03-25 17:0:12.7060,2.02,-0.24,-3.7,0.07,0.01,0.06
2024-03-25 17:0:12.7160,2.39,-0.2,-3.54,0.06,-0.02,-0.07
2024-03-25 17:0:12.7260,2.51,-0.1,-3.58,0.02,-0.02,-0.18
2024-03-25 17:0:12.7360,2.45,0.2,-3.58,-0.09,0.05,-0.22
2024-03-25 17:0:12.7460,2.05,0.44,-3.61,-0.2,0.15,-0.18
2024-03-25 17:0:12.7560,1.73,0.7,-3.1,-0.25,0.25,-0.12
2024-03-25 17:0:12.7660,1.54,0.79,-2.23,-0.25,0.29,-0.09
2024-03-25 17:0:12.7760,1.56,0.73,-1.48,-0.24,0.3,-0.09
2024-03-25 17:0:12.7860,1.6,0.4,-0.74,-0.16,0.3,-0.14
2024-03-25 17:0:12.7960,1.75,0.04,0.35,-0.01,0.29,-0.26
2024-03-25 17:0:12.8060,1.91,-0.2,1.23,0.11,0.21,-0.42
2024-03-25 17:0:12.8160,1.91,-0.26,1.52,0.13,0.11,-0.58
2024-03-25 17:0:12.8260,1.6,-0.17,1.41,0.06,-0.01,-0.67
2024-03-25 17:0:12.8360,1.0,0.12,1.43,0.01,-0.1,-0.69
2024-03-25 17:0:12.8460,0.38,0.58,1.86,-0.01,-0.14,-0.67
2024-03-25 17:0:12.8560,0.07,0.98,2.31,0.01,-0.14,-0.65
2024-03-25 17:0:12.8660,-0.03,1.22,2.57,0.06,-0.12,-0.65
2024-03-25 17:0:12.8760,-0.07,1.43,2.76,0.14,-0.09,-0.67
2024-03-25 17:0:12.8860,-0.12,1.57,2.88,0.25,-0.06,-0.72
2024-03-25 17:0:12.8960,-0.22,1.74,2.98,0.37,-0.08,-0.8
2024-03-25 17:0:12.9060,-0.26,1.92,2.79,0.5,-0.08,-0.88
2024-03-25 17:0:12.9160,-0.34,2.13,2.58,0.64,-0.1,-0.96
2024-03-25 17:0:12.9260,-0.46,2.47,2.27,0.75,-0.1,-1.02
2024-03-25 17:0:12.9350,-0.72,2.77,1.6,0.81,-0.09,-1.04
2024-03-25 17:0:12.9460,-1.09,3.06,0.88,0.86,-0.16,-1.08
2024-03-25 17:0:12.9560,-1.08,3.54,0.32,0.85,-0.29,-1.13
2024-03-25 17:0:12.9660,-0.98,4.12,-0.38,0.78,-0.37,-1.06
2024-03-25 17:0:12.9760,-1.13,4.41,-1.01,0.63,-0.31,-0.8
2024-03-25 17:0:12.9860,-1.78,4.1,-1.28,0.41,0.01,-0.37
2024-03-25 17:0:12.9960,-2.48,3.18,-0.97,0.25,0.56,0.16
2024-03-25 17:0:13.0060,-2.36,1.63,0.39,0.25,1.02,0.49
2024-03-25 17:0:13.0150,-1.38,0.01,2.14,0.32,1.15,0.6
2024-03-25 17:0:13.0260,-0.42,-1.15,3.11,0.39,0.99,0.5
2024-03-25 17:0:13.0360,0.59,-1.85,3.65,0.44,0.68,0.34
2024-03-25 17:0:13.0450,0.88,-2.11,3.96,0.43,0.38,0.29
2024-03-25 17:0:13.0560,0.43,-2.25,3.92,0.36,0.18,0.34
2024-03-25 17:0:13.0660,-0.06,-2.35,3.79,0.28,0.12,0.47
2024-03-25 17:0:13.0760,-0.22,-2.64,3.68,0.2,0.08,0.59
2024-03-25 17:0:13.0850,-0.02,-3.05,3.5,0.14,0.03,0.67
2024-03-25 17:0:13.0950,0.32,-3.51,3.14,0.07,-0.05,0.71
2024-03-25 17:0:13.1050,0.62,-3.91,2.5,-0.02,-0.2,0.7
2024-03-25 17:0:13.1150,1.1,-4.22,1.65,-0.08,-0.39,0.64
2024-03-25 17:0:13.1260,1.6,-4.49,0.9,-0.08,-0.6,0.51
2024-03-25 17:0:13.1350,2.31,-4.51,0.22,-0.05,-0.74,0.32
2024-03-25 17:0:13.1450,3.09,-4.38,-0.87,-0.02,-0.8,0.09
2024-03-25 17:0:13.1560,3.73,-3.96,-2.08,0.02,-0.74,-0.15
2024-03-25 17:0:13.1660,4.11,-3.48,-3.11,0.02,-0.66,-0.35
2024-03-25 17:0:13.1750,4.12,-3.07,-4.05,0.01,-0.48,-0.53
2024-03-25 17:0:13.1850,3.95,-2.7,-4.7,0.01,-0.32,-0.72
2024-03-25 17:0:13.1950,3.69,-2.24,-5.02,-0.02,-0.21,-0.81
2024-03-25 17:0:13.2050,3.15,-1.81,-5.28,-0.07,-0.17,-0.87
2024-03-25 17:0:13.2150,2.75,-1.39,-5.46,-0.15,-0.21,-0.9
2024-03-25 17:0:13.2250,2.46,-1.05,-5.6,-0.28,-0.34,-0.93
2024-03-25 17:0:13.2350,2.22,-0.81,-5.67,-0.43,-0.48,-0.94
2024-03-25 17:0:13.2460,2.11,-0.68,-5.54,-0.58,-0.57,-0.97
2024-03-25 17:0:13.2550,2.12,-0.6,-5.09,-0.69,-0.56,-0.96
2024-03-25 17:0:13.2650,1.9,-0.39,-4.51,-0.8,-0.45,-0.88
2024-03-25 17:0:13.2760,1.66,-0.13,-3.87,-0.85,-0.28,-0.75
2024-03-25 17:0:13.2850,1.51,-0.01,-2.85,-0.81,-0.13,-0.64
2024-03-25 17:0:13.2950,1.6,0.01,-1.57,-0.73,-0.04,-0.58
2024-03-25 17:0:13.3050,1.82,-0.06,-0.8,-0.68,-0.04,-0.57
2024-03-25 17:0:13.3150,1.88,-0.08,-0.43,-0.65,-0.14,-0.58
2024-03-25 17:0:13.3250,1.96,-0.01,-0.08,-0.63,-0.3,-0.62
2024-03-25 17:0:13.3350,1.97,0.13,0.26,-0.64,-0.45,-0.68
2024-03-25 17:0:13.3450,2.13,0.34,0.4,-0.63,-0.57,-0.79
2024-03-25 17:0:13.3550,2.22,0.6,0.54,-0.63,-0.57,-0.88
2024-03-25 17:0:13.3650,2.14,1.03,0.69,-0.64,-0.42,-0.91
2024-03-25 17:0:13.3750,1.83,1.4,0.94,-0.6,-0.15,-0.89
2024-03-25 17:0:13.3850,1.51,1.73,1.67,-0.5,0.22,-0.85
2024-03-25 17:0:13.3950,1.36,1.84,2.53,-0.33,0.6,-0.85
2024-03-25 17:0:13.4050,1.34,1.78,3.38,-0.13,0.85,-0.91
2024-03-25 17:0:13.4150,1.13,1.66,4.05,0.05,0.99,-1.02
2024-03-25 17:0:13.4250,0.91,1.62,4.35,0.29,0.97,-1.18
2024-03-25 17:0:13.4350,0.52,1.69,4.9,0.55,0.91,-1.31
2024-03-25 17:0:13.4450,-0.14,1.9,5.07,0.79,0.81,-1.39
2024-03-25 17:0:13.4550,-1.02,2.03,4.59,1.02,0.73,-1.38
2024-03-25 17:0:13.4650,-1.72,2.42,4.33,1.26,0.71,-1.26
2024-03-25 17:0:13.4750,-2.28,2.75,4.05,1.47,0.66,-1.09
2024-03-25 17:0:13.4850,-2.32,3.03,3.46,1.55,0.58,-0.96
2024-03-25 17:0:13.4950,-2.18,3.26,2.53,1.46,0.53,-0.74
2024-03-25 17:0:13.5050,-2.7,2.89,1.67,1.26,0.58,-0.39
2024-03-25 17:0:13.5150,-3.31,2.06,1.34,1.0,0.64,0.01
2024-03-25 17:0:13.5250,-3.09,1.1,1.51,0.77,0.6,0.38
2024-03-25 17:0:13.5350,-2.59,-0.36,2.0,0.57,0.4,0.7
2024-03-25 17:0:13.5450,-1.99,-2.18,2.22,0.38,0.04,0.87
2024-03-25 17:0:13.5550,-0.69,-3.59,1.93,0.13,-0.4,0.83
2024-03-25 17:0:13.5650,0.9,-4.86,1.06,-0.2,-0.8,0.63
2024-03-25 17:0:13.5750,2.15,-5.87,0.23,-0.52,-1.01,0.31
2024-03-25 17:0:13.5850,3.14,-6.25,-0.26,-0.79,-0.91,-0.04
2024-03-25 17:0:13.5950,3.63,-6.02,-0.26,-0.9,-0.57,-0.35
2024-03-25 17:0:13.6050,3.36,-5.37,0.45,-0.82,-0.14,-0.62
2024-03-25 17:0:13.6150,2.48,-4.42,1.18,-0.69,0.21,-0.75
2024-03-25 17:0:13.6250,0.95,-3.3,1.24,-0.53,0.43,-0.69
2024-03-25 17:0:13.6350,-0.76,-1.99,1.1,-0.39,0.42,-0.52
2024-03-25 17:0:13.6450,-2.02,-0.31,0.54,-0.31,0.24,-0.32
2024-03-25 17:0:13.6550,-2.46,0.65,-0.47,-0.25,0.04,-0.18
2024-03-25 17:0:13.6650,-2.07,1.31,-1.41,-0.15,-0.09,-0.09
2024-03-25 17:0:13.6750,-1.49,1.64,-2.28,-0.05,-0.12,-0.04
2024-03-25 17:0:13.6850,-0.95,1.68,-3.35,0.0,-0.09,-0.01
2024-03-25 17:0:13.6950,-0.44,1.72,-4.35,0.05,-0.05,0.03
2024-03-25 17:0:13.7050,-0.09,1.68,-4.84,0.09,-0.03,0.06
2024-03-25 17:0:13.7150,0.0,1.43,-5.01,0.11,-0.06,0.1
2024-03-25 17:0:13.7250,0.24,1.17,-5.14,0.06,-0.13,0.1
2024-03-25 17:0:13.7350,0.5,0.81,-5.4,-0.04,-0.25,0.06
2024-03-25 17:0:13.7460,0.83,0.45,-5.68,-0.2,-0.3,0.0
2024-03-25 17:0:13.7550,1.09,0.17,-5.59,-0.34,-0.3,-0.03
2024-03-25 17:0:13.7650,1.04,-0.18,-5.11,-0.43,-0.26,-0.05
2024-03-25 17:0:13.7750,0.9,-0.3,-4.15,-0.44,-0.21,-0.04
2024-03-25 17:0:13.7850,0.61,-0.54,-2.94,-0.38,-0.11,0.03
2024-03-25 17:0:13.7950,0.39,-0.7,-1.67,-0.31,-0.05,0.08
2024-03-25 17:0:13.8050,0.6,-0.68,-0.76,-0.28,-0.05,0.05
2024-03-25 17:0:13.8150,1.13,-0.78,-0.39,-0.26,-0.1,-0.08
2024-03-25 17:0:13.8250,1.71,-0.81,-0.03,-0.2,-0.16,-0.27
2024-03-25 17:0:13.8350,2.09,-0.57,0.52,-0.08,-0.2,-0.47
2024-03-25 17:0:13.8450,2.17,-0.29,0.84,0.03,-0.19,-0.64
2024-03-25 17:0:13.8550,1.9,0.11,0.87,0.1,-0.18,-0.74
2024-03-25 17:0:13.8650,1.38,0.57,0.66,0.09,-0.14,-0.77
2024-03-25 17:0:13.8750,0.76,0.94,0.59,0.07,-0.07,-0.7
2024-03-25 17:0:13.8850,0.06,1.35,1.05,0.04,-0.02,-0.6
2024-03-25 17:0:13.8950,-0.28,1.72,1.44,-0.01,0.03,-0.49
2024-03-25 17:0:13.9050,-0.43,1.72,1.89,-0.03,0.03,-0.43
2024-03-25 17:0:13.9150,-0.24,1.66,2.65,0.01,-0.02,-0.42
2024-03-25 17:0:13.9250,0.07,1.47,3.39,0.09,-0.14,-0.5
2024-03-25 17:0:13.9350,0.35,1.31,3.8,0.18,-0.32,-0.61
2024-03-25 17:0:13.9450,0.47,1.21,3.91,0.3,-0.46,-0.74
2024-03-25 17:0:13.9550,0.63,1.22,3.89,0.45,-0.53,-0.88
2024-03-25 17:0:13.9650,0.75,1.28,3.55,0.6,-0.53,-1.02
2024-03-25 17:0:13.9750,0.83,1.73,3.11,0.66,-0.46,-1.12
2024-03-25 17:0:13.9850,0.7,2.27,2.37,0.6,-0.33,-1.06
2024-03-25 17:0:13.9950,-0.16,2.47,1.86,0.51,-0.1,-0.82
2024-03-25 17:0:14.0050,-1.08,2.01,2.22,0.5,0.14,-0.52
2024-03-25 17:0:14.0150,-1.24,1.19,3.14,0.55,0.21,-0.35
2024-03-25 17:0:14.0250,-0.66,0.08,3.9,0.62,0.07,-0.34
2024-03-25 17:0:14.0360,0.05,-1.11,3.87,0.65,-0.19,-0.43
2024-03-25 17:0:14.0450,0.72,-1.76,3.34,0.65,-0.43,-0.58
2024-03-25 17:0:14.0550,1.25,-1.9,2.6,0.64,-0.52,-0.66
2024-03-25 17:0:14.0650,1.34,-1.73,1.85,0.63,-0.4,-0.64
2024-03-25 17:0:14.0750,1.25,-1.45,1.25,0.62,-0.16,-0.56
2024-03-25 17:0:14.0850,1.21,-1.34,0.87,0.58,0.1,-0.49
2024-03-25 17:0:14.0950,1.1,-1.36,0.42,0.45,0.3,-0.33
2024-03-25 17:0:14.1050,0.69,-1.35,0.05,0.28,0.38,-0.18
2024-03-25 17:0:14.1150,0.3,-1.61,0.0,0.12,0.32,-0.05
2024-03-25 17:0:14.1250,0.14,-1.95,0.33,0.03,0.21,0.03
2024-03-25 17:0:14.1350,0.39,-2.34,0.72,-0.02,-0.03,-0.0
2024-03-25 17:0:14.1450,0.82,-2.65,0.66,-0.05,-0.31,-0.1
2024-03-25 17:0:14.1550,1.28,-2.72,0.27,-0.02,-0.53,-0.24
2024-03-25 17:0:14.1650,1.73,-2.46,-0.31,0.03,-0.6,-0.36
2024-03-25 17:0:14.1750,1.92,-1.92,-1.18,0.07,-0.56,-0.41
2024-03-25 17:0:14.1850,1.89,-1.25,-2.26,0.05,-0.45,-0.4
2024-03-25 17:0:14.1950,1.66,-0.79,-3.33,0.0,-0.34,-0.33
2024-03-25 17:0:14.2050,1.39,-0.43,-4.05,-0.08,-0.23,-0.24
2024-03-25 17:0:14.2150,1.23,-0.25,-4.45,-0.15,-0.17,-0.14
2024-03-25 17:0:14.2250,1.2,-0.3,-4.44,-0.2,-0.18,-0.1
2024-03-25 17:0:14.2350,1.34,-0.54,-4.29,-0.25,-0.25,-0.11
2024-03-25 17:0:14.2450,1.44,-0.9,-4.16,-0.3,-0.34,-0.17
2024-03-25 17:0:14.2550,1.64,-1.21,-3.96,-0.39,-0.4,-0.28
2024-03-25 17:0:14.2650,1.8,-1.51,-3.92,-0.51,-0.39,-0.38
2024-03-25 17:0:14.2750,1.78,-1.78,-3.82,-0.59,-0.25,-0.47
2024-03-25 17:0:14.2850,1.64,-1.93,-3.14,-0.52,0.01,-0.53
2024-03-25 17:0:14.2950,1.33,-1.91,-2.15,-0.36,0.3,-0.55
2024-03-25 17:0:14.3050,0.88,-1.86,-1.34,-0.16,0.44,-0.58
2024-03-25 17:0:14.3150,0.56,-1.68,-0.88,-0.02,0.4,-0.64
2024-03-25 17:0:14.3250,0.29,-1.42,-0.92,0.02,0.26,-0.74
2024-03-25 17:0:14.3350,0.11,-0.97,-1.3,-0.03,0.12,-0.82
2024-03-25 17:0:14.3450,-0.27,-0.53,-1.68,-0.11,0.03,-0.84
2024-03-25 17:0:14.3550,-0.81,0.16,-1.6,-0.17,0.01,-0.77
2024-03-25 17:0:14.3650,-1.21,0.84,-1.1,-0.19,0.08,-0.69
2024-03-25 17:0:14.3750,-1.06,1.53,-0.67,-0.22,0.2,-0.62
2024-03-25 17:0:14.3850,-0.93,2.0,-0.46,-0.25,0.33,-0.53
2024-03-25 17:0:14.3950,-0.99,2.3,0.01,-0.21,0.5,-0.44
2024-03-25 17:0:14.4050,-1.04,2.51,1.09,-0.07,0.63,-0.39
2024-03-25 17:0:14.4150,-1.07,2.62,2.32,0.04,0.66,-0.34
2024-03-25 17:0:14.4250,-1.43,2.5,2.91,0.08,0.59,-0.3
2024-03-25 17:0:14.4350,-1.9,2.29,3.26,0.04,0.43,-0.29
2024-03-25 17:0:14.4450,-2.32,1.98,3.41,-0.04,0.23,-0.28
2024-03-25 17:0:14.4550,-2.64,1.73,3.75,0.03,0.06,-0.28
2024-03-25 17:0:14.4650,-2.63,1.64,4.51,0.32,0.03,-0.32
2024-03-25 17:0:14.4750,-2.48,1.54,5.06,0.77,0.16,-0.34
2024-03-25 17:0:14.4850,-2.71,1.45,4.67,1.16,0.31,-0.32
2024-03-25 17:0:14.4950,-2.82,1.99,2.99,1.1,0.42,-0.17
2024-03-25 17:0:14.5050,-3.36,2.89,-0.01,0.47,0.54,0.31
2024-03-25 17:0:14.5150,-4.47,3.34,-2.27,-0.4,0.67,1.06
2024-03-25 17:0:14.5250,-4.83,2.82,-1.92,-1.07,0.66,1.76
2024-03-25 17:0:14.5350,-3.58,1.11,0.6,-1.36,0.6,2.1
2024-03-25 17:0:14.5450,-1.5,-1.69,3.46,-1.28,0.49,2.07
2024-03-25 17:0:14.5550,0.68,-4.32,5.76,-0.93,0.22,1.66
2024-03-25 17:0:14.5650,2.68,-5.72,7.09,-0.6,-0.07,1.16
2024-03-25 17:0:14.5750,3.46,-5.75,6.46,-0.48,-0.23,0.8
2024-03-25 17:0:14.5850,3.15,-5.21,4.87,-0.41,-0.29,0.57
2024-03-25 17:0:14.5940,2.66,-4.45,3.77,-0.33,-0.24,0.44
2024-03-25 17:0:14.6050,2.17,-3.6,2.76,-0.29,-0.11,0.4
2024-03-25 17:0:14.6150,1.96,-2.69,1.68,-0.24,-0.01,0.37
2024-03-25 17:0:14.6250,1.91,-1.95,0.98,-0.17,0.01,0.32
2024-03-25 17:0:14.6350,1.84,-1.51,0.47,-0.02,-0.07,0.26
2024-03-25 17:0:14.6440,1.64,-1.14,0.23,0.15,-0.19,0.18
2024-03-25 17:0:14.6540,1.43,-0.78,-0.36,0.24,-0.28,0.13
2024-03-25 17:0:14.6650,1.01,-0.54,-1.52,0.24,-0.35,0.14
2024-03-25 17:0:14.6750,0.45,-0.45,-2.51,0.22,-0.4,0.19
2024-03-25 17:0:14.6850,0.09,-0.44,-2.99,0.24,-0.42,0.27
2024-03-25 17:0:14.6940,-0.16,-0.5,-3.29,0.26,-0.42,0.34
2024-03-25 17:0:14.7050,-0.2,-0.64,-3.69,0.28,-0.43,0.38
2024-03-25 17:0:14.7140,-0.01,-0.77,-4.19,0.27,-0.46,0.4
2024-03-25 17:0:14.7250,0.21,-0.92,-4.83,0.23,-0.47,0.36
2024-03-25 17:0:14.7350,0.54,-1.05,-5.29,0.16,-0.43,0.29
2024-03-25 17:0:14.7450,0.87,-1.07,-5.59,0.05,-0.33,0.24
2024-03-25 17:0:14.7550,0.93,-0.98,-5.67,-0.08,-0.2,0.22
2024-03-25 17:0:14.7650,0.89,-0.74,-5.41,-0.21,-0.11,0.19
2024-03-25 17:0:14.7750,0.88,-0.48,-4.86,-0.33,-0.07,0.16
2024-03-25 17:0:14.7850,1.0,-0.24,-4.15,-0.42,-0.02,0.1
2024-03-25 17:0:14.7950,1.2,0.0,-3.33,-0.45,0.05,0.03
2024-03-25 17:0:14.8050,1.37,0.13,-2.42,-0.39,0.18,-0.06
2024-03-25 17:0:14.8150,1.45,0.17,-1.29,-0.27,0.3,-0.15
2024-03-25 17:0:14.8240,1.39,0.28,-0.45,-0.2,0.37,-0.23
2024-03-25 17:0:14.8340,1.13,0.45,-0.15,-0.2,0.33,-0.27
2024-03-25 17:0:14.8440,0.54,0.8,0.14,-0.25,0.23,-0.24
2024-03-25 17:0:14.8540,-0.03,1.16,0.54,-0.3,0.11,-0.18
2024-03-25 17:0:14.8640,-0.35,1.33,1.05,-0.3,0.03,-0.14
2024-03-25 17:0:14.8740,-0.2,1.31,1.87,-0.18,-0.01,-0.19
2024-03-25 17:0:14.8840,0.2,1.19,2.78,0.02,-0.01,-0.29
2024-03-25 17:0:14.8940,0.46,1.14,3.33,0.23,0.02,-0.4
2024-03-25 17:0:14.9040,0.41,1.21,3.6,0.4,0.06,-0.48
2024-03-25 17:0:14.9140,0.09,1.47,3.38,0.46,0.03,-0.47
2024-03-25 17:0:14.9240,-0.84,2.01,2.93,0.39,-0.06,-0.33
2024-03-25 17:0:14.9340,-1.68,2.6,2.47,0.21,-0.26,-0.19
2024-03-25 17:0:14.9440,-1.8,2.92,2.08,0.02,-0.46,-0.1
2024-03-25 17:0:14.9550,-1.55,2.85,2.35,0.0,-0.52,-0.08
2024-03-25 17:0:14.9640,-1.09,2.47,3.39,0.16,-0.43,-0.13
2024-03-25 17:0:14.9740,-0.52,2.09,4.33,0.42,-0.33,-0.25
2024-03-25 17:0:14.9850,-0.12,1.88,4.5,0.63,-0.31,-0.41
2024-03-25 17:0:14.9940,0.03,1.89,3.92,0.74,-0.44,-0.57
2024-03-25 17:0:15.0040,0.06,2.41,2.83,0.73,-0.56,-0.65
2024-03-25 17:0:15.0140,-0.26,2.88,1.88,0.64,-0.61,-0.6
2024-03-25 17:0:15.0240,-0.68,3.02,1.47,0.52,-0.57,-0.43
2024-03-25 17:0:15.0340,-0.97,2.66,1.52,0.49,-0.52,-0.21
2024-03-25 17:0:15.0440,-0.94,1.97,2.26,0.54,-0.53,-0.1
2024-03-25 17:0:15.0540,-0.18,0.92,2.8,0.61,-0.56,-0.13
2024-03-25 17:0:15.0640,0.66,-0.16,2.85,0.71,-0.54,-0.2
2024-03-25 17:0:15.0740,0.95,-0.96,2.9,0.84,-0.44,-0.26
2024-03-25 17:0:15.0840,1.1,-1.61,2.76,0.96,-0.31,-0.33
2024-03-25 17:0:15.0940,1.1,-2.05,2.4,1.07,-0.16,-0.39
2024-03-25 17:0:15.1040,1.07,-2.11,1.78,1.13,-0.03,-0.39
2024-03-25 17:0:15.1140,0.74,-1.88,0.89,1.09,0.05,-0.33
2024-03-25 17:0:15.1240,0.33,-1.63,-0.19,0.95,0.11,-0.22
2024-03-25 17:0:15.1340,0.07,-1.54,-1.11,0.77,0.18,-0.1
2024-03-25 17:0:15.1440,-0.04,-1.68,-1.62,0.61,0.25,0.04
2024-03-25 17:0:15.1540,-0.17,-1.96,-1.74,0.47,0.28,0.16
2024-03-25 17:0:15.1640,-0.26,-2.29,-1.81,0.33,0.25,0.26
2024-03-25 17:0:15.1740,-0.2,-2.75,-2.1,0.2,0.16,0.29
2024-03-25 17:0:15.1840,0.03,-3.21,-2.31,0.1,0.01,0.28
2024-03-25 17:0:15.1940,0.27,-3.56,-2.48,0.05,-0.15,0.23
2024-03-25 17:0:15.2040,0.45,-3.8,-2.75,0.01,-0.29,0.17
2024-03-25 17:0:15.2140,0.61,-3.9,-3.07,0.0,-0.38,0.08
2024-03-25 17:0:15.2240,0.88,-3.9,-3.53,-0.02,-0.4,-0.03
2024-03-25 17:0:15.2340,1.1,-3.75,-4.08,-0.06,-0.35,-0.12
2024-03-25 17:0:15.2440,1.13,-3.55,-4.58,-0.1,-0.25,-0.19
2024-03-25 17:0:15.2540,1.03,-3.15,-4.94,-0.16,-0.17,-0.23
2024-03-25 17:0:15.2640,0.89,-2.8,-5.21,-0.23,-0.14,-0.26
2024-03-25 17:0:15.2740,0.82,-2.43,-5.35,-0.32,-0.15,-0.28
2024-03-25 17:0:15.2840,0.74,-2.08,-5.37,-0.4,-0.16,-0.28
2024-03-25 17:0:15.2940,0.66,-1.79,-5.2,-0.48,-0.13,-0.27
2024-03-25 17:0:15.3040,0.57,-1.48,-4.87,-0.58,-0.06,-0.25
2024-03-25 17:0:15.3140,0.57,-1.16,-4.38,-0.66,0.04,-0.23
2024-03-25 17:0:15.3240,0.44,-0.89,-3.61,-0.71,0.12,-0.2
2024-03-25 17:0:15.3340,0.35,-0.72,-2.54,-0.71,0.14,-0.23
2024-03-25 17:0:15.3450,0.48,-0.53,-1.62,-0.7,0.06,-0.29
2024-03-25 17:0:15.3540,0.5,-0.34,-1.2,-0.7,-0.1,-0.33
2024-03-25 17:0:15.3640,0.32,0.05,-0.85,-0.69,-0.26,-0.35
2024-03-25 17:0:15.3740,0.22,0.5,-0.6,-0.69,-0.33,-0.34
2024-03-25 17:0:15.3840,0.16,0.9,-0.59,-0.71,-0.29,-0.29
2024-03-25 17:0:15.3940,0.19,1.29,-0.54,-0.73,-0.16,-0.26
2024-03-25 17:0:15.4040,0.43,1.54,-0.3,-0.73,0.06,-0.24
2024-03-25 17:0:15.4140,0.58,1.66,0.23,-0.67,0.3,-0.23
2024-03-25 17:0:15.4240,0.56,1.68,1.02,-0.59,0.47,-0.27
2024-03-25 17:0:15.4340,0.58,1.66,1.81,-0.5,0.56,-0.32
2024-03-25 17:0:15.4440,0.46,1.63,2.48,-0.44,0.59,-0.39
2024-03-25 17:0:15.4540,0.17,1.59,3.01,-0.42,0.57,-0.42
2024-03-25 17:0:15.4640,-0.37,1.59,3.49,-0.4,0.52,-0.4
2024-03-25 17:0:15.4740,-0.84,1.5,4.0,-0.35,0.43,-0.38
2024-03-25 17:0:15.4840,-1.01,1.33,4.4,-0.24,0.32,-0.39
2024-03-25 17:0:15.4940,-0.89,1.18,4.53,-0.11,0.28,-0.42
2024-03-25 17:0:15.5040,-0.8,1.06,4.39,0.07,0.32,-0.42
2024-03-25 17:0:15.5140,-0.71,1.03,4.33,0.24,0.36,-0.44
2024-03-25 17:0:15.5240,-0.77,1.12,4.14,0.3,0.41,-0.4
2024-03-25 17:0:15.5340,-1.18,1.12,3.47,0.28,0.4,-0.3
2024-03-25 17:0:15.5440,-1.67,1.22,3.21,0.27,0.24,-0.18
2024-03-25 17:0:15.5540,-1.99,1.3,3.29,0.2,0.05,-0.05
2024-03-25 17:0:15.5640,-2.22,0.91,2.78,0.09,-0.06,0.14
2024-03-25 17:0:15.5740,-2.35,0.24,2.59,0.08,-0.1,0.36
2024-03-25 17:0:15.5840,-2.29,-0.81,3.18,0.22,-0.11,0.5
2024-03-25 17:0:15.5940,-1.77,-2.11,3.53,0.39,-0.19,0.49
2024-03-25 17:0:15.6040,-0.99,-2.99,2.88,0.41,-0.3,0.4
2024-03-25 17:0:15.6140,-0.63,-3.29,1.5,0.25,-0.33,0.33
2024-03-25 17:0:15.6240,-0.69,-3.06,0.06,-0.02,-0.23,0.37
2024-03-25 17:0:15.6340,-1.15,-2.76,-0.73,-0.31,0.0,0.5
2024-03-25 17:0:15.6440,-1.65,-2.69,-0.67,-0.5,0.23,0.66
2024-03-25 17:0:15.6540,-1.89,-2.89,-0.03,-0.6,0.35,0.75
2024-03-25 17:0:15.6640,-1.8,-3.22,0.51,-0.64,0.37,0.7
2024-03-25 17:0:15.6740,-1.42,-3.42,0.77,-0.53,0.28,0.54
2024-03-25 17:0:15.6840,-1.09,-3.25,1.38,-0.27,0.16,0.33
2024-03-25 17:0:15.6940,-0.99,-2.58,1.54,-0.04,0.1,0.16
2024-03-25 17:0:15.7040,-1.18,-1.68,0.42,0.06,0.12,0.09
2024-03-25 17:0:15.7140,-1.59,-0.68,-1.26,0.08,0.26,0.19
2024-03-25 17:0:15.7240,-2.37,0.25,-2.34,0.1,0.43,0.43
2024-03-25 17:0:15.7340,-2.95,1.16,-2.98,0.07,0.55,0.73
2024-03-25 17:0:15.7440,-3.02,1.62,-3.7,-0.04,0.58,1.02
2024-03-25 17:0:15.7540,-2.72,1.76,-4.39,-0.2,0.49,1.19
2024-03-25 17:0:15.7640,-1.85,1.47,-4.78,-0.33,0.34,1.27
2024-03-25 17:0:15.7740,-1.18,1.09,-4.55,-0.37,0.18,1.29
2024-03-25 17:0:15.7840,-0.63,0.59,-3.84,-0.32,0.02,1.27
2024-03-25 17:0:15.7940,-0.17,0.16,-3.16,-0.24,-0.07,1.22
2024-03-25 17:0:15.8040,0.37,0.01,-2.87,-0.18,-0.05,1.15
2024-03-25 17:0:15.8140,0.97,-0.22,-2.88,-0.13,0.01,1.05
2024-03-25 17:0:15.8240,1.53,-0.23,-2.79,-0.1,0.07,0.93
2024-03-25 17:0:15.8340,1.87,-0.21,-2.74,-0.1,0.12,0.81
2024-03-25 17:0:15.8440,1.95,-0.14,-2.63,-0.1,0.15,0.73
2024-03-25 17:0:15.8540,1.81,-0.02,-2.28,-0.08,0.15,0.67
2024-03-25 17:0:15.8640,1.6,0.12,-1.81,-0.07,0.1,0.63
2024-03-25 17:0:15.8740,1.52,0.26,-1.52,-0.11,0.01,0.57
2024-03-25 17:0:15.8840,1.53,0.38,-1.47,-0.17,-0.08,0.52
2024-03-25 17:0:15.8940,1.51,0.52,-1.23,-0.2,-0.17,0.46
2024-03-25 17:0:15.9040,1.55,0.57,-0.71,-0.18,-0.22,0.38
2024-03-25 17:0:15.9140,1.61,0.64,-0.19,-0.17,-0.23,0.3
2024-03-25 17:0:15.9240,1.5,0.7,0.02,-0.19,-0.21,0.24
2024-03-25 17:0:15.9340,1.32,0.74,0.26,-0.2,-0.17,0.19
2024-03-25 17:0:15.9440,1.03,0.8,0.9,-0.18,-0.15,0.17
2024-03-25 17:0:15.9540,0.69,0.94,1.63,-0.16,-0.2,0.16
2024-03-25 17:0:15.9640,0.51,0.91,2.26,-0.11,-0.32,0.08
2024-03-25 17:0:15.9740,0.66,0.76,2.78,-0.06,-0.47,-0.04
2024-03-25 17:0:15.9840,1.0,0.69,2.92,-0.05,-0.58,-0.19
2024-03-25 17:0:15.9940,1.26,0.82,2.82,-0.03,-0.61,-0.31
2024-03-25 17:0:16.0040,1.33,1.2,2.66,-0.04,-0.53,-0.36
2024-03-25 17:0:16.0140,1.04,1.63,2.37,-0.12,-0.25,-0.26
2024-03-25 17:0:16.0240,0.48,1.94,2.16,-0.24,0.12,-0.05
2024-03-25 17:0:16.0340,-0.01,1.71,2.54,-0.32,0.45,0.17
2024-03-25 17:0:16.0440,-0.28,1.12,3.57,-0.33,0.64,0.39
2024-03-25 17:0:16.0540,-0.59,0.23,4.75,-0.33,0.56,0.43
2024-03-25 17:0:16.0640,-0.02,-0.61,5.24,-0.41,0.27,0.35
2024-03-25 17:0:16.0740,0.29,-1.4,5.26,-0.49,-0.12,0.23
2024-03-25 17:0:16.0840,0.31,-1.96,5.74,-0.42,-0.41,0.1
2024-03-25 17:0:16.0940,0.59,-2.39,6.52,-0.16,-0.54,-0.05
2024-03-25 17:0:16.1040,1.05,-2.6,6.82,0.21,-0.55,-0.22
2024-03-25 17:0:16.1140,1.48,-2.71,6.1,0.51,-0.47,-0.4
2024-03-25 17:0:16.1240,1.69,-2.43,4.39,0.68,-0.32,-0.52
2024-03-25 17:0:16.1340,1.51,-1.91,2.33,0.69,-0.14,-0.55
2024-03-25 17:0:16.1440,1.03,-1.42,0.53,0.61,-0.04,-0.52
2024-03-25 17:0:16.1540,0.56,-1.09,-0.69,0.47,0.03,-0.45
2024-03-25 17:0:16.1640,0.14,-1.01,-1.44,0.35,0.08,-0.34
2024-03-25 17:0:16.1740,-0.07,-0.97,-1.74,0.27,0.06,-0.26
2024-03-25 17:0:16.1840,0.01,-1.08,-1.83,0.22,-0.01,-0.24
2024-03-25 17:0:16.1940,0.29,-1.31,-1.99,0.22,-0.11,-0.28
2024-03-25 17:0:16.2040,0.5,-1.5,-2.12,0.23,-0.17,-0.35
2024-03-25 17:0:16.2140,0.69,-1.54,-2.46,0.24,-0.13,-0.41
2024-03-25 17:0:16.2240,0.77,-1.57,-2.97,0.24,-0.02,-0.46
2024-03-25 17:0:16.2340,0.66,-1.45,-3.33,0.24,0.12,-0.47
2024-03-25 17:0:16.2440,0.49,-1.3,-3.51,0.26,0.26,-0.48
2024-03-25 17:0:16.2540,0.44,-0.98,-3.56,0.26,0.35,-0.48
2024-03-25 17:0:16.2640,0.32,-0.66,-3.6,0.26,0.34,-0.45
2024-03-25 17:0:16.2740,0.07,-0.37,-3.58,0.23,0.24,-0.39
2024-03-25 17:0:16.2840,-0.18,-0.13,-3.54,0.17,0.1,-0.31
2024-03-25 17:0:16.2940,-0.35,-0.06,-3.57,0.08,-0.04,-0.23
2024-03-25 17:0:16.3040,-0.23,-0.03,-3.56,-0.02,-0.09,-0.17
2024-03-25 17:0:16.3140,0.12,0.02,-3.49,-0.09,-0.06,-0.14
2024-03-25 17:0:16.3240,0.36,0.04,-3.21,-0.11,0.05,-0.14
2024-03-25 17:0:16.3340,0.52,0.07,-2.221511008143425,-0.1,0.19,-0.16
2024-03-25 17:0:16.3440,0.6,-0.05,-2.23,-0.04,0.26,-0.18
2024-03-25 17:0:16.3540,0.38,-0.08,-1.53,0.04,0.22,-0.18
2024-03-25 17:0:16.3640,0.09,0.0,-0.98,0.09,0.09,-0.18
2024-03-25 17:0:16.3740,-0.11,0.06,-0.89,0.11,-0.09,-0.21
2024-03-25 17:0:16.3840,0.02,0.23,-1.0,0.04,-0.25,-0.27
2024-03-25 17:0:16.3940,0.33,0.44,-1.45,-0.05,-0.28,-0.32
2024-03-25 17:0:16.4040,0.4,0.72,-1.56,-0.08,-0.17,-0.32
2024-03-25 17:0:16.4140,0.36,1.07,-0.98,-0.02,0.04,-0.29
2024-03-25 17:0:16.4240,0.44,1.34,-0.35,0.09,0.27,-0.24
2024-03-25 17:0:16.4340,0.57,1.55,0.09,0.15,0.41,-0.23
2024-03-25 17:0:16.4440,0.74,1.61,0.04,0.14,0.42,-0.26
2024-03-25 17:0:16.4540,0.78,1.59,-0.05,0.07,0.36,-0.3
2024-03-25 17:0:16.4640,0.75,1.61,0.06,-0.02,0.32,-0.32
2024-03-25 17:0:16.4740,0.57,1.54,0.37,-0.08,0.35,-0.31
2024-03-25 17:0:16.4840,0.43,1.44,0.93,-0.12,0.44,-0.28
2024-03-25 17:0:16.4930,0.29,1.28,1.57,-0.1,0.51,-0.22
2024-03-25 17:0:16.5040,0.1,1.15,2.41,-0.04,0.56,-0.18
2024-03-25 17:0:16.5140,0.08,0.96,3.12,0.04,0.56,-0.17
2024-03-25 17:0:16.5230,-0.04,0.58,3.62,0.16,0.53,-0.19
2024-03-25 17:0:16.5340,0.04,0.28,4.07,0.3,0.47,-0.28
2024-03-25 17:0:16.5440,0.18,0.23,4.13,0.35,0.41,-0.34
2024-03-25 17:0:16.5540,-0.23,0.23,3.45,0.32,0.32,-0.33
2024-03-25 17:0:16.5640,-0.8,0.46,2.86,0.25,0.19,-0.28
2024-03-25 17:0:16.5730,-1.25,0.58,2.46,0.05,0.11,-0.15
2024-03-25 17:0:16.5840,-1.96,0.35,1.79,-0.11,0.07,0.1
2024-03-25 17:0:16.5930,-2.64,-0.07,2.25,-0.08,0.01,0.35
2024-03-25 17:0:16.6030,-2.48,-0.92,3.31,0.04,-0.04,0.44
2024-03-25 17:0:16.6130,-1.64,-2.17,3.33,0.13,-0.14,0.4
2024-03-25 17:0:16.6230,-1.02,-3.11,2.56,0.15,-0.23,0.25
2024-03-25 17:0:16.6330,-0.54,-3.62,1.69,0.11,-0.29,0.09
2024-03-25 17:0:16.6430,-0.58,-3.73,1.05,0.07,-0.27,0.02
2024-03-25 17:0:16.6540,-1.08,-3.52,0.64,0.05,-0.24,0.03
2024-03-25 17:0:16.6630,-1.74,-3.27,0.32,0.02,-0.23,0.06
2024-03-25 17:0:16.6730,-2.05,-2.87,-0.27,-0.08,-0.24,0.1
2024-03-25 17:0:16.6830,-2.1,-2.38,-1.09,-0.18,-0.28,0.13
2024-03-25 17:0:16.6930,-2.12,-1.73,-1.67,-0.27,-0.31,0.18
2024-03-25 17:0:16.7030,-2.12,-1.16,-2.1,-0.34,-0.29,0.26
2024-03-25 17:0:16.7130,-2.04,-0.62,-2.53,-0.39,-0.24,0.36
2024-03-25 17:0:16.7240,-1.95,-0.1,-2.95,-0.46,-0.16,0.49
2024-03-25 17:0:16.7330,-1.93,0.27,-3.35,-0.53,-0.07,0.59
2024-03-25 17:0:16.7440,-1.48,0.27,-3.64,-0.6,0.02,0.67
2024-03-25 17:0:16.7530,-1.18,0.14,-3.56,-0.58,0.08,0.73
2024-03-25 17:0:16.7630,-0.92,0.0,-3.1,-0.52,0.11,0.76
2024-03-25 17:0:16.7730,-0.63,-0.15,-2.79,-0.44,0.08,0.73
2024-03-25 17:0:16.7840,-0.24,-0.28,-2.8,-0.4,0.03,0.67
2024-03-25 17:0:16.7930,0.07,-0.28,-3.05,-0.36,-0.03,0.61
2024-03-25 17:0:16.8030,0.29,-0.14,-3.34,-0.36,-0.02,0.57
2024-03-25 17:0:16.8130,0.3,0.09,-3.67,-0.39,0.04,0.61
2024-03-25 17:0:16.8230,0.19,0.36,-3.78,-0.41,0.12,0.66
2024-03-25 17:0:16.8330,0.21,0.55,-3.68,-0.45,0.17,0.7
2024-03-25 17:0:16.8430,0.41,0.6,-3.48,-0.46,0.17,0.69
2024-03-25 17:0:16.8530,0.67,0.57,-3.06,-0.45,0.13,0.64
2024-03-25 17:0:16.8630,0.95,0.53,-2.62,-0.44,0.07,0.57
2024-03-25 17:0:16.8730,1.16,0.51,-2.32,-0.42,0.02,0.5
2024-03-25 17:0:16.8830,1.22,0.59,-2.07,-0.41,0.01,0.43
2024-03-25 17:0:16.8930,1.21,0.74,-1.73,-0.4,-0.02,0.37
2024-03-25 17:0:16.9030,1.12,0.99,-1.45,-0.43,-0.02,0.34
2024-03-25 17:0:16.9130,0.99,1.21,-1.11,-0.43,-0.01,0.32
2024-03-25 17:0:16.9230,0.79,1.43,-0.5,-0.4,0.02,0.34
2024-03-25 17:0:16.9330,0.55,1.52,0.26,-0.33,0.05,0.35
2024-03-25 17:0:16.9430,0.46,1.54,1.11,-0.25,0.04,0.33
2024-03-25 17:0:16.9530,0.51,1.5,1.73,-0.22,-0.01,0.3
2024-03-25 17:0:16.9630,0.43,1.47,2.11,-0.23,-0.09,0.28
2024-03-25 17:0:16.9730,0.24,1.46,2.63,-0.24,-0.18,0.24
2024-03-25 17:0:16.9830,0.1,1.34,3.28,-0.19,-0.26,0.18
2024-03-25 17:0:16.9930,0.23,1.11,4.3,0.02,-0.35,0.04
2024-03-25 17:0:17.0030,0.73,0.85,5.53,0.28,-0.44,-0.18
2024-03-25 17:0:17.0130,1.11,0.75,5.81,0.48,-0.52,-0.4
2024-03-25 17:0:17.0230,1.19,1.03,5.13,0.57,-0.56,-0.55
2024-03-25 17:0:17.0330,0.89,1.61,4.31,0.54,-0.5,-0.58
2024-03-25 17:0:17.0430,0.34,2.08,3.67,0.43,-0.36,-0.47
2024-03-25 17:0:17.0530,-0.37,2.27,3.42,0.33,-0.19,-0.26
2024-03-25 17:0:17.0630,-0.86,2.06,3.78,0.31,-0.09,-0.07
2024-03-25 17:0:17.0730,-0.83,1.3,4.51,0.38,-0.12,0.02
2024-03-25 17:0:17.0830,-0.36,0.27,5.0,0.48,-0.24,-0.01
2024-03-25 17:0:17.0930,0.12,-0.83,4.91,0.58,-0.35,-0.07
2024-03-25 17:0:17.1030,0.42,-1.58,4.5,0.64,-0.39,-0.14
2024-03-25 17:0:17.1130,0.67,-1.94,3.81,0.69,-0.34,-0.19
2024-03-25 17:0:17.1230,0.76,-2.15,3.04,0.74,-0.24,-0.21
2024-03-25 17:0:17.1330,0.76,-2.2,2.34,0.77,-0.11,-0.23
2024-03-25 17:0:17.1430,0.74,-2.2,1.55,0.74,0.02,-0.23
2024-03-25 17:0:17.1530,0.61,-2.09,0.57,0.63,0.17,-0.19
2024-03-25 17:0:17.1630,0.35,-2.04,-0.26,0.47,0.3,-0.11
2024-03-25 17:0:17.1730,-0.03,-1.98,-0.69,0.34,0.35,-0.0
2024-03-25 17:0:17.1830,-0.41,-2.07,-0.68,0.24,0.29,0.08
2024-03-25 17:0:17.1930,-0.54,-2.3,-0.56,0.17,0.15,0.11
2024-03-25 17:0:17.2030,-0.36,-2.59,-0.69,0.12,-0.04,0.06
2024-03-25 17:0:17.2130,-0.03,-2.77,-1.02,0.1,-0.21,-0.04
2024-03-25 17:0:17.2230,0.3,-2.77,-1.54,0.07,-0.3,-0.13
2024-03-25 17:0:17.2330,0.43,-2.59,-2.26,0.05,-0.3,-0.2
2024-03-25 17:0:17.2430,0.51,-2.21,-2.9,0.01,-0.22,-0.24
2024-03-25 17:0:17.2530,0.49,-1.83,-3.52,-0.02,-0.1,-0.26
2024-03-25 17:0:17.2630,0.43,-1.5,-3.98,-0.05,0.0,-0.26
2024-03-25 17:0:17.2730,0.37,-1.12,-4.24,-0.08,0.07,-0.26
2024-03-25 17:0:17.2830,0.23,-0.77,-4.46,-0.13,0.1,-0.24
2024-03-25 17:0:17.2930,0.08,-0.41,-4.65,-0.18,0.11,-0.2
2024-03-25 17:0:17.3030,-0.02,-0.05,-4.69,-0.25,0.12,-0.14
2024-03-25 17:0:17.3130,-0.18,0.19,-4.61,-0.28,0.13,-0.04
2024-03-25 17:0:17.3230,-0.34,0.33,-4.08,-0.29,0.15,0.06
2024-03-25 17:0:17.3330,-0.22,0.37,-3.59,-0.3,0.2,0.13
2024-03-25 17:0:17.3430,0.08,0.3,-3.15,-0.28,0.24,0.14
2024-03-25 17:0:17.3530,0.34,0.21,-2.54,-0.25,0.23,0.14
2024-03-25 17:0:17.3630,0.37,0.19,-2.08,-0.24,0.17,0.14
2024-03-25 17:0:17.3730,0.3,0.2,-1.78,-0.23,0.09,0.16
2024-03-25 17:0:17.3830,0.09,0.23,-1.48,-0.21,0.02,0.2
2024-03-25 17:0:17.3930,0.03,0.24,-1.04,-0.19,-0.02,0.21
2024-03-25 17:0:17.4030,0.2,0.29,-0.75,-0.18,-0.04,0.23
2024-03-25 17:0:17.4130,0.3,0.39,-0.53,-0.16,-0.06,0.21
2024-03-25 17:0:17.4230,0.61,0.58,-0.2,-0.15,-0.05,0.16
2024-03-25 17:0:17.4330,0.97,0.76,-0.08,-0.17,0.02,0.12
2024-03-25 17:0:17.4430,1.05,0.94,0.05,-0.2,0.14,0.08
2024-03-25 17:0:17.4530,1.01,1.01,0.57,-0.19,0.34,0.07
2024-03-25 17:0:17.4630,0.83,0.88,1.48,-0.12,0.55,0.06
2024-03-25 17:0:17.4730,0.55,0.76,2.64,-0.04,0.7,0.04
2024-03-25 17:0:17.4830,0.29,0.62,3.58,0.02,0.7,-0.02
2024-03-25 17:0:17.4930,0.05,0.53,4.17,0.09,0.58,-0.09
2024-03-25 17:0:17.5030,-0.16,0.59,4.62,0.23,0.38,-0.18
2024-03-25 17:0:17.5130,-0.31,0.74,4.9,0.38,0.19,-0.28
2024-03-25 17:0:17.5230,-0.35,0.95,4.52,0.5,0.05,-0.35
2024-03-25 17:0:17.5330,-0.35,1.43,3.69,0.52,-0.05,-0.37
2024-03-25 17:0:17.5430,-0.53,1.88,2.58,0.41,-0.06,-0.3
2024-03-25 17:0:17.5530,-1.01,2.14,1.65,0.27,0.03,-0.07
2024-03-25 17:0:17.5630,-1.7,2.06,1.7,0.22,0.17,0.26
2024-03-25 17:0:17.5730,-2.03,1.42,2.48,0.26,0.2,0.56
2024-03-25 17:0:17.5830,-1.7,0.12,3.17,0.32,0.06,0.65
2024-03-25 17:0:17.5930,-0.66,-1.42,3.1,0.35,-0.17,0.58
2024-03-25 17:0:17.6030,0.08,-2.44,2.54,0.28,-0.36,0.44
2024-03-25 17:0:17.6130,0.41,-3.03,1.8,0.17,-0.41,0.34
2024-03-25 17:0:17.6230,0.29,-3.37,1.43,0.09,-0.34,0.29
2024-03-25 17:0:17.6330,-0.08,-3.58,1.49,0.09,-0.19,0.3
2024-03-25 17:0:17.6430,-0.58,-3.88,1.72,0.14,-0.05,0.31
2024-03-25 17:0:17.6530,-0.96,-4.09,1.73,0.18,-0.01,0.29
2024-03-25 17:0:17.6630,-1.07,-4.06,1.17,0.17,-0.04,0.22
2024-03-25 17:0:17.6730,-0.92,-3.81,0.19,0.14,-0.13,0.11
2024-03-25 17:0:17.6830,-0.78,-3.32,-0.76,0.09,-0.22,0.01
2024-03-25 17:0:17.6930,-0.84,-2.6,-1.81,0.02,-0.27,-0.0
2024-03-25 17:0:17.7030,-1.03,-1.62,-2.85,-0.08,-0.28,0.06
2024-03-25 17:0:17.7130,-1.17,-0.74,-3.87,-0.23,-0.27,0.18
2024-03-25 17:0:17.7230,-1.13,-0.15,-4.73,-0.41,-0.21,0.32
2024-03-25 17:0:17.7330,-1.04,0.18,-5.15,-0.58,-0.1,0.48
2024-03-25 17:0:17.7430,-0.92,0.3,-5.0,-0.67,0.02,0.62
2024-03-25 17:0:17.7530,-0.73,0.14,-4.33,-0.7,0.14,0.71
2024-03-25 17:0:17.7630,-0.4,-0.15,-3.61,-0.7,0.23,0.73
2024-03-25 17:0:17.7730,-0.14,-0.47,-2.93,-0.63,0.22,0.69
2024-03-25 17:0:17.7830,0.08,-0.73,-2.11,-0.51,0.13,0.58
2024-03-25 17:0:17.7930,0.36,-0.93,-1.48,-0.39,0.01,0.42
2024-03-25 17:0:17.8030,0.64,-0.88,-1.41,-0.32,-0.08,0.25
2024-03-25 17:0:17.8130,0.77,-0.67,-1.67,-0.28,-0.08,0.13
2024-03-25 17:0:17.8230,0.61,-0.3,-1.82,-0.25,-0.01,0.1
2024-03-25 17:0:17.8330,0.23,0.15,-1.81,-0.21,0.09,0.12
2024-03-25 17:0:17.8430,-0.04,0.65,-1.67,-0.18,0.15,0.15
2024-03-25 17:0:17.8530,-0.13,1.03,-1.58,-0.2,0.16,0.17
2024-03-25 17:0:17.8630,-0.17,1.19,-1.53,-0.2,0.11,0.18
2024-03-25 17:0:17.8730,-0.19,1.32,-1.18,-0.19,0.03,0.17
2024-03-25 17:0:17.8830,-0.12,1.37,-0.73,-0.17,-0.08,0.13
2024-03-25 17:0:17.8930,-0.04,1.33,-0.29,-0.12,-0.15,0.1
2024-03-25 17:0:17.9030,-0.04,1.38,0.2,-0.05,-0.17,0.07
2024-03-25 17:0:17.9130,-0.1,1.49,0.63,0.02,-0.16,0.07
2024-03-25 17:0:17.9230,-0.2,1.59,0.94,0.09,-0.12,0.08
2024-03-25 17:0:17.9330,-0.18,1.68,1.19,0.15,-0.09,0.08
2024-03-25 17:0:17.9430,-0.16,1.66,1.44,0.22,-0.09,0.09
2024-03-25 17:0:17.9530,-0.22,1.67,1.83,0.29,-0.14,0.09
2024-03-25 17:0:17.9630,-0.31,1.58,2.18,0.34,-0.24,0.09
2024-03-25 17:0:17.9730,-0.29,1.52,2.35,0.34,-0.32,0.07
2024-03-25 17:0:17.9830,-0.19,1.33,2.37,0.35,-0.44,0.01
2024-03-25 17:0:17.9930,-0.08,1.17,2.7,0.41,-0.55,-0.08
2024-03-25 17:0:18.0030,0.2,0.99,3.1,0.53,-0.65,-0.2
2024-03-25 17:0:18.0130,0.44,0.91,3.25,0.66,-0.71,-0.33
2024-03-25 17:0:18.0230,0.6,0.94,3.04,0.78,-0.78,-0.48
2024-03-25 17:0:18.0330,0.85,1.1,2.55,0.85,-0.87,-0.63
2024-03-25 17:0:18.0440,0.98,1.38,1.88,0.9,-0.92,-0.75
2024-03-25 17:0:18.0530,1.08,1.93,1.34,0.88,-0.85,-0.77
2024-03-25 17:0:18.0620,0.89,2.29,0.72,0.74,-0.66,-0.64
2024-03-25 17:0:18.0730,0.15,2.06,0.17,0.57,-0.31,-0.33
2024-03-25 17:0:18.0830,-0.81,1.09,0.52,0.5,0.0,-0.0
2024-03-25 17:0:18.0930,-0.92,-0.14,1.55,0.47,0.08,0.15
2024-03-25 17:0:18.1030,-0.31,-1.44,2.03,0.42,-0.04,0.15
2024-03-25 17:0:18.1130,0.34,-2.15,1.95,0.31,-0.19,0.03
2024-03-25 17:0:18.1230,1.02,-2.42,1.57,0.19,-0.23,-0.1
2024-03-25 17:0:18.1330,1.19,-2.58,1.38,0.11,-0.1,-0.16
2024-03-25 17:0:18.1430,0.91,-2.55,1.48,0.03,0.1,-0.14
2024-03-25 17:0:18.1530,0.24,-2.55,1.39,-0.04,0.34,-0.02
2024-03-25 17:0:18.1630,-0.48,-2.42,1.37,-0.17,0.47,0.12
2024-03-25 17:0:18.1730,-1.02,-2.45,0.87,-0.37,0.49,0.26
2024-03-25 17:0:18.1830,-1.33,-2.63,0.43,-0.56,0.41,0.35
2024-03-25 17:0:18.1930,-1.31,-2.85,0.19,-0.69,0.28,0.35
2024-03-25 17:0:18.2030,-0.97,-3.01,0.06,-0.7,0.14,0.26
2024-03-25 17:0:18.2130,-0.44,-2.93,0.02,-0.62,0.03,0.12
2024-03-25 17:0:18.2230,-0.09,-2.56,-0.14,-0.49,-0.02,-0.01
2024-03-25 17:0:18.2330,-0.07,-2.06,-0.55,-0.34,-0.02,-0.13
2024-03-25 17:0:18.2430,-0.16,-1.58,-1.1,-0.22,-0.0,-0.21
2024-03-25 17:0:18.2530,-0.38,-1.02,-1.78,-0.15,0.02,-0.24
2024-03-25 17:0:18.2630,-0.59,-0.48,-2.47,-0.11,0.06,-0.23
2024-03-25 17:0:18.2730,-0.62,0.01,-2.86,-0.04,0.1,-0.22
2024-03-25 17:0:18.2830,-0.51,0.41,-2.99,0.05,0.14,-0.2
2024-03-25 17:0:18.2930,-0.4,0.72,-3.1,0.13,0.16,-0.16
2024-03-25 17:0:18.3030,-0.42,0.84,-3.35,0.15,0.16,-0.11
2024-03-25 17:0:18.3120,-0.53,0.85,-3.77,0.09,0.16,-0.02
2024-03-25 17:0:18.3220,-0.73,0.8,-4.09,-0.0,0.19,0.11
2024-03-25 17:0:18.3320,-0.9,0.68,-3.88,-0.05,0.24,0.23
2024-03-25 17:0:18.3430,-0.82,0.54,-3.11,-0.06,0.3,0.34
2024-03-25 17:0:18.3530,-0.63,0.42,-2.26,-0.05,0.34,0.41
2024-03-25 17:0:18.3630,-0.34,0.38,-1.61,-0.06,0.33,0.47
2024-03-25 17:0:18.3720,-0.19,0.37,-1.16,-0.05,0.26,0.51
2024-03-25 17:0:18.3820,-0.2,0.26,-0.49,0.02,0.12,0.51
2024-03-25 17:0:18.3920,-0.1,0.27,0.11,0.1,-0.01,0.49
2024-03-25 17:0:18.4030,0.04,0.31,0.24,0.16,-0.12,0.45
2024-03-25 17:0:18.4120,0.3,0.46,0.14,0.19,-0.15,0.4
2024-03-25 17:0:18.4220,0.61,0.67,-0.19,0.15,-0.04,0.36
2024-03-25 17:0:18.4320,0.83,0.91,-0.49,0.09,0.19,0.35
2024-03-25 17:0:18.4430,0.88,1.07,-0.46,0.04,0.48,0.34
2024-03-25 17:0:18.4520,0.73,1.06,0.1,0.05,0.72,0.35
2024-03-25 17:0:18.4620,0.49,0.94,1.06,0.12,0.79,0.31
2024-03-25 17:0:18.4720,0.28,0.68,2.14,0.24,0.65,0.22
2024-03-25 17:0:18.4820,0.17,0.46,2.97,0.37,0.43,0.08
2024-03-25 17:0:18.4920,0.28,0.32,3.35,0.48,0.23,-0.05
2024-03-25 17:0:18.5020,0.13,0.28,3.11,0.53,0.13,-0.12
2024-03-25 17:0:18.5120,-0.05,0.4,2.64,0.56,0.12,-0.18
2024-03-25 17:0:18.5220,0.1,0.56,2.12,0.51,0.15,-0.22
2024-03-25 17:0:18.5320,0.0,0.69,1.49,0.32,0.25,-0.16
2024-03-25 17:0:18.5430,-1.04,0.45,0.74,0.0,0.41,0.08
2024-03-25 17:0:18.5530,-2.4,-0.25,0.85,-0.19,0.43,0.4
2024-03-25 17:0:18.5620,-2.78,-1.19,2.5,-0.12,0.22,0.52
2024-03-25 17:0:18.5720,-1.99,-2.61,4.11,0.04,-0.06,0.36
2024-03-25 17:0:18.5820,-0.65,-3.86,4.14,0.18,-0.23,0.05
2024-03-25 17:0:18.5920,0.23,-4.29,3.28,0.27,-0.25,-0.26
2024-03-25 17:0:18.6020,0.26,-4.02,2.19,0.29,-0.17,-0.38
2024-03-25 17:0:18.6120,-0.88,-3.25,1.3,0.26,-0.06,-0.33
2024-03-25 17:0:18.6220,-1.9,-2.53,0.74,0.17,0.04,-0.18
2024-03-25 17:0:18.6320,-2.5,-2.02,0.1,0.04,0.1,0.03
2024-03-25 17:0:18.6420,-2.86,-1.59,-0.5,-0.12,0.08,0.23
2024-03-25 17:0:18.6520,-2.83,-1.43,-0.87,-0.25,-0.03,0.39
2024-03-25 17:0:18.6620,-2.52,-1.3,-1.03,-0.35,-0.16,0.51
2024-03-25 17:0:18.6720,-2.16,-1.28,-1.1,-0.41,-0.21,0.58
2024-03-25 17:0:18.6820,-1.6,-1.35,-1.0,-0.38,-0.17,0.6
2024-03-25 17:0:18.6920,-1.13,-1.43,-0.84,-0.33,-0.07,0.63
2024-03-25 17:0:18.7020,-0.91,-1.36,-0.9,-0.31,0.04,0.64
2024-03-25 17:0:18.7120,-0.74,-1.33,-1.3,-0.3,0.13,0.66
2024-03-25 17:0:18.7220,-0.75,-1.36,-1.53,-0.28,0.2,0.68
2024-03-25 17:0:18.7320,-0.85,-1.28,-1.54,-0.25,0.22,0.7
2024-03-25 17:0:18.7420,-0.82,-1.14,-1.74,-0.24,0.19,0.71
2024-03-25 17:0:18.7520,-0.69,-0.95,-2.04,-0.25,0.11,0.68
2024-03-25 17:0:18.7620,-0.52,-0.73,-2.37,-0.29,0.04,0.65
2024-03-25 17:0:18.7720,-0.29,-0.43,-2.67,-0.32,0.04,0.63
2024-03-25 17:0:18.7820,-0.17,-0.2,-2.75,-0.32,0.13,0.64
2024-03-25 17:0:18.7920,-0.3,0.02,-2.48,-0.24,0.27,0.69
2024-03-25 17:0:18.8020,-0.34,0.23,-1.99,-0.11,0.41,0.73
2024-03-25 17:0:18.8120,-0.17,0.38,-1.53,0.04,0.47,0.74
2024-03-25 17:0:18.8220,0.03,0.47,-1.22,0.12,0.43,0.68
2024-03-25 17:0:18.8320,0.36,0.56,-1.5,0.08,0.35,0.59
2024-03-25 17:0:18.8420,0.47,0.66,-1.96,-0.04,0.21,0.51
2024-03-25 17:0:18.8520,0.34,0.81,-1.94,-0.13,0.08,0.44
2024-03-25 17:0:18.8620,0.12,0.97,-1.53,-0.17,0.03,0.39
2024-03-25 17:0:18.8720,-0.07,0.94,-0.98,-0.1,0.08,0.36
2024-03-25 17:0:18.8820,-0.38,1.12,-0.19,0.01,0.18,0.38
2024-03-25 17:0:18.8920,-0.64,1.28,0.11,0.14,0.27,0.37
2024-03-25 17:0:18.9020,-0.55,1.44,0.36,0.25,0.3,0.32
2024-03-25 17:0:18.9120,-0.39,1.61,0.32,0.29,0.28,0.27
2024-03-25 17:0:18.9220,-0.42,1.73,0.02,0.24,0.22,0.24
2024-03-25 17:0:18.9320,-0.57,1.78,-0.22,0.16,0.14,0.23
2024-03-25 17:0:18.9420,-0.8,1.81,-0.05,0.09,0.06,0.24
2024-03-25 17:0:18.9520,-1.03,1.72,0.32,0.03,0.03,0.27
2024-03-25 17:0:18.9620,-1.18,1.5,0.87,0.02,0.01,0.3
2024-03-25 17:0:18.9720,-1.07,1.18,1.67,0.09,-0.04,0.31
2024-03-25 17:0:18.9820,-0.77,0.79,2.42,0.15,-0.1,0.25
2024-03-25 17:0:18.9920,-0.19,0.42,2.5,0.21,-0.16,0.14
2024-03-25 17:0:19.0020,0.31,0.17,2.51,0.28,-0.22,-0.02
2024-03-25 17:0:19.0120,0.57,0.07,2.44,0.31,-0.28,-0.16
2024-03-25 17:0:19.0220,0.55,0.26,2.15,0.31,-0.35,-0.29
2024-03-25 17:0:19.0320,0.74,0.68,1.69,0.22,-0.38,-0.39
2024-03-25 17:0:19.0420,0.63,1.12,0.93,0.01,-0.27,-0.37
2024-03-25 17:0:19.0520,0.13,1.28,0.41,-0.17,-0.03,-0.22
2024-03-25 17:0:19.0620,-0.35,1.38,1.06,-0.23,0.22,0.01
2024-03-25 17:0:19.0720,-0.74,1.01,2.48,-0.17,0.31,0.17
2024-03-25 17:0:19.0820,-0.59,0.17,3.5,-0.13,0.21,0.2
2024-03-25 17:0:19.0920,-0.1,-0.7,3.56,-0.1,0.01,0.12
2024-03-25 17:0:19.1020,0.39,-1.29,3.53,-0.05,-0.16,0.01
2024-03-25 17:0:19.1120,0.59,-1.75,3.57,0.07,-0.23,-0.08
2024-03-25 17:0:19.1220,0.55,-2.07,3.67,0.25,-0.2,-0.15
2024-03-25 17:0:19.1320,0.46,-2.27,3.16,0.36,-0.12,-0.19
2024-03-25 17:0:19.1420,0.23,-2.19,1.95,0.38,-0.06,-0.18
2024-03-25 17:0:19.1520,-0.02,-1.94,0.5,0.28,-0.05,-0.15
2024-03-25 17:0:19.1620,-0.27,-1.67,-0.8,0.1,-0.06,-0.09
2024-03-25 17:0:19.1720,-0.52,-1.51,-1.73,-0.1,-0.06,-0.02
2024-03-25 17:0:19.1820,-0.73,-1.46,-2.25,-0.29,-0.02,0.07
2024-03-25 17:0:19.1920,-0.92,-1.56,-2.38,-0.41,0.04,0.13
2024-03-25 17:0:19.2020,-0.83,-1.64,-2.05,-0.43,0.1,0.14
2024-03-25 17:0:19.2120,-0.43,-1.54,-1.66,-0.39,0.14,0.11
2024-03-25 17:0:19.2220,-0.08,-1.3,-1.49,-0.35,0.15,0.05
2024-03-25 17:0:19.2320,0.17,-1.04,-1.54,-0.31,0.16,-0.0
2024-03-25 17:0:19.2420,0.33,-0.75,-1.74,-0.28,0.16,-0.04
2024-03-25 17:0:19.2520,0.29,-0.42,-1.96,-0.26,0.17,-0.04
2024-03-25 17:0:19.2620,0.14,-0.19,-2.06,-0.22,0.19,-0.02
2024-03-25 17:0:19.2720,0.11,0.01,-1.95,-0.16,0.21,-0.0
2024-03-25 17:0:19.2820,0.1,0.1,-1.88,-0.08,0.22,-0.0
2024-03-25 17:0:19.2920,0.14,0.13,-1.91,-0.01,0.22,-0.01
2024-03-25 17:0:19.3020,0.19,0.15,-2.01,0.06,0.2,-0.03
2024-03-25 17:0:19.3120,0.19,0.19,-2.11,0.1,0.15,-0.03
2024-03-25 17:0:19.3220,0.15,0.31,-2.32,0.07,0.09,0.01
2024-03-25 17:0:19.3320,0.07,0.37,-2.6,-0.0,0.04,0.06
2024-03-25 17:0:19.3420,-0.05,0.36,-2.68,-0.06,0.05,0.14
2024-03-25 17:0:19.3520,-0.12,0.28,-2.43,-0.05,0.11,0.2
2024-03-25 17:0:19.3620,-0.08,0.15,-2.04,-0.01,0.18,0.23
2024-03-25 17:0:19.3720,-0.03,0.02,-1.77,0.01,0.2,0.23
2024-03-25 17:0:19.3820,-0.04,-0.02,-1.75,0.03,0.14,0.2
2024-03-25 17:0:19.3920,0.06,0.12,-1.71,0.02,0.04,0.14
2024-03-25 17:0:19.4020,0.14,0.45,-1.87,-0.08,-0.02,0.12
2024-03-25 17:0:19.4120,0.08,0.84,-2.11,-0.19,0.0,0.15
2024-03-25 17:0:19.4220,0.02,1.18,-1.84,-0.25,0.12,0.2
2024-03-25 17:0:19.4320,0.02,1.38,-1.05,-0.27,0.29,0.24
2024-03-25 17:0:19.4420,-0.01,1.44,-0.26,-0.26,0.43,0.29
2024-03-25 17:0:19.4520,-0.08,1.43,0.61,-0.19,0.5,0.28
2024-03-25 17:0:19.4620,-0.05,1.32,1.51,-0.11,0.51,0.23
2024-03-25 17:0:19.4720,0.05,1.15,2.17,-0.03,0.48,0.14
2024-03-25 17:0:19.4820,0.2,1.05,2.72,0.05,0.41,0.04
2024-03-25 17:0:19.4920,0.17,1.11,3.05,0.11,0.35,-0.03
2024-03-25 17:0:19.5020,-0.03,1.2,3.05,0.15,0.32,-0.04
2024-03-25 17:0:19.5120,-0.25,1.31,2.94,0.15,0.3,-0.01
2024-03-25 17:0:19.5220,-0.68,1.31,2.65,0.1,0.26,0.06
2024-03-25 17:0:19.5320,-0.97,1.21,2.49,0.06,0.2,0.11
2024-03-25 17:0:19.5420,-0.83,1.28,2.51,0.0,0.13,0.12
2024-03-25 17:0:19.5520,-0.78,1.28,2.34,-0.13,0.08,0.16
2024-03-25 17:0:19.5620,-1.26,0.93,1.99,-0.36,0.06,0.27
2024-03-25 17:0:19.5720,-1.99,0.26,2.02,-0.53,0.03,0.47
2024-03-25 17:0:19.5820,-2.43,-0.42,3.14,-0.47,-0.04,0.62
2024-03-25 17:0:19.5920,-2.09,-1.55,4.59,-0.22,-0.15,0.62
2024-03-25 17:0:19.6020,-1.22,-2.83,5.14,0.06,-0.29,0.49
2024-03-25 17:0:19.6120,-0.4,-3.43,4.36,0.16,-0.4,0.27
2024-03-25 17:0:19.6220,0.07,-3.5,2.37,0.02,-0.41,0.14
2024-03-25 17:0:19.6320,-0.42,-3.22,0.59,-0.18,-0.33,0.14
2024-03-25 17:0:19.6420,-1.21,-2.79,0.13,-0.27,-0.17,0.22
2024-03-25 17:0:19.6520,-1.76,-2.62,0.55,-0.21,0.0,0.28
2024-03-25 17:0:19.6620,-1.9,-2.45,1.01,-0.13,0.08,0.28
2024-03-25 17:0:19.6720,-1.87,-2.2,0.69,-0.14,0.05,0.26
2024-03-25 17:0:19.6820,-2.03,-1.79,-0.15,-0.18,-0.05,0.29
2024-03-25 17:0:19.6920,-2.28,-1.31,-0.67,-0.19,-0.13,0.34
2024-03-25 17:0:19.7020,-2.3,-0.89,-1.04,-0.22,-0.18,0.42
2024-03-25 17:0:19.7120,-2.14,-0.6,-1.65,-0.24,-0.2,0.51
2024-03-25 17:0:19.7220,-1.92,-0.36,-2.13,-0.24,-0.2,0.59
2024-03-25 17:0:19.7320,-1.63,-0.27,-2.46,-0.22,-0.16,0.67
2024-03-25 17:0:19.7420,-1.3,-0.25,-2.68,-0.18,-0.11,0.73
2024-03-25 17:0:19.7520,-1.03,-0.23,-3.0,-0.14,-0.05,0.77
2024-03-25 17:0:19.7620,-0.84,-0.19,-3.31,-0.11,-0.01,0.82
2024-03-25 17:0:19.7720,-0.81,-0.15,-3.68,-0.09,0.04,0.88
2024-03-25 17:0:19.7820,-0.76,-0.14,-4.06,-0.1,0.08,0.94
2024-03-25 17:0:19.7920,-0.63,-0.12,-4.41,-0.15,0.1,0.99
2024-03-25 17:0:19.8020,-0.47,-0.11,-4.78,-0.22,0.1,1.03
2024-03-25 17:0:19.8120,-0.24,-0.11,-4.95,-0.27,0.08,1.03
2024-03-25 17:0:19.8220,0.06,-0.08,-4.78,-0.35,0.06,1.02
2024-03-25 17:0:19.8320,0.39,-0.06,-4.74,-0.42,0.06,1.0
2024-03-25 17:0:19.8420,0.61,-0.14,-4.33,-0.41,0.09,0.96
2024-03-25 17:0:19.8520,0.93,-0.12,-3.49,-0.42,0.15,0.91
2024-03-25 17:0:19.8620,1.14,-0.08,-3.11,-0.47,0.22,0.87
2024-03-25 17:0:19.8720,1.15,0.08,-2.83,-0.55,0.25,0.84
2024-03-25 17:0:19.8820,1.22,0.2,-2.32,-0.59,0.22,0.76
2024-03-25 17:0:19.8920,1.44,0.3,-1.53,-0.56,0.16,0.67
2024-03-25 17:0:19.9020,1.58,0.45,-0.72,-0.48,0.09,0.56
2024-03-25 17:0:19.9120,1.73,0.61,-0.09,-0.37,0.05,0.43
2024-03-25 17:0:19.9220,1.92,0.75,0.3,-0.28,0.06,0.3
2024-03-25 17:0:19.9320,1.94,0.8,0.48,-0.24,0.08,0.18
2024-03-25 17:0:19.9420,1.65,0.93,0.79,-0.23,0.16,0.12
2024-03-25 17:0:19.9520,1.07,1.07,1.37,-0.21,0.23,0.12
2024-03-25 17:0:19.9620,0.5,1.2,2.24,-0.17,0.26,0.12
2024-03-25 17:0:19.9720,0.17,1.26,3.04,-0.1,0.23,0.11
2024-03-25 17:0:19.9820,-0.06,1.22,3.79,0.0,0.11,0.07
2024-03-25 17:0:19.9920,-0.13,1.11,4.42,0.13,-0.04,-0.02
2024-03-25 17:0:20.0020,-0.12,0.88,4.82,0.25,-0.22,-0.15
2024-03-25 17:0:20.0120,-0.01,0.77,4.93,0.33,-0.38,-0.29
2024-03-25 17:0:20.0220,0.04,0.79,4.73,0.38,-0.48,-0.39
2024-03-25 17:0:20.0320,-0.09,1.02,4.47,0.42,-0.51,-0.45
2024-03-25 17:0:20.0410,-0.21,1.3,4.29,0.44,-0.46,-0.49
2024-03-25 17:0:20.0520,-0.22,1.62,4.08,0.42,-0.36,-0.43
2024-03-25 17:0:20.0620,-0.78,1.65,3.78,0.32,-0.21,-0.17
2024-03-25 17:0:20.0720,-1.81,0.8,3.74,0.27,-0.09,0.14
2024-03-25 17:0:20.0820,-1.94,-0.5,4.25,0.27,-0.1,0.28
2024-03-25 17:0:20.0920,-1.05,-1.84,4.57,0.33,-0.24,0.25
2024-03-25 17:0:20.1020,-0.23,-2.82,4.58,0.41,-0.41,0.06
2024-03-25 17:0:20.1120,0.7,-3.34,4.22,0.5,-0.59,-0.19
2024-03-25 17:0:20.1220,1.13,-3.41,3.66,0.6,-0.65,-0.37
2024-03-25 17:0:20.1320,0.87,-3.09,2.93,0.71,-0.63,-0.43
2024-03-25 17:0:20.1410,0.36,-2.57,2.22,0.8,-0.54,-0.45
2024-03-25 17:0:20.1510,0.12,-1.99,1.17,0.78,-0.43,-0.43
2024-03-25 17:0:20.1620,-0.07,-1.45,-0.27,0.63,-0.28,-0.34
2024-03-25 17:0:20.1710,-0.43,-0.94,-1.51,0.41,-0.14,-0.19
2024-03-25 17:0:20.1820,-0.75,-0.62,-2.3,0.17,-0.03,-0.03
2024-03-25 17:0:20.1910,-0.82,-0.51,-2.56,-0.07,0.01,0.09
2024-03-25 17:0:20.2010,-0.66,-0.53,-2.55,-0.22,0.03,0.16
2024-03-25 17:0:20.2110,-0.22,-0.59,-2.04,-0.27,-0.0,0.14
2024-03-25 17:0:20.2210,0.27,-0.68,-1.61,-0.26,-0.03,0.06
2024-03-25 17:0:20.2320,0.6,-0.79,-1.5,-0.2,-0.01,-0.05
2024-03-25 17:0:20.2410,0.82,-0.79,-1.44,-0.09,0.03,-0.16
2024-03-25 17:0:20.2510,0.91,-0.72,-1.51,0.02,0.08,-0.24
2024-03-25 17:0:20.2610,0.81,-0.54,-1.86,0.09,0.11,-0.29
2024-03-25 17:0:20.2710,0.61,-0.32,-2.43,0.12,0.15,-0.29
2024-03-25 17:0:20.2810,0.22,-0.15,-3.01,0.11,0.19,-0.22
2024-03-25 17:0:20.2910,-0.22,0.01,-3.4,0.09,0.2,-0.11
2024-03-25 17:0:20.3010,-0.42,0.11,-3.58,0.03,0.18,-0.02
2024-03-25 17:0:20.3110,-0.38,0.13,-3.91,-0.05,0.16,0.08
2024-03-25 17:0:20.3210,-0.3,0.02,-4.01,-0.07,0.13,0.16
2024-03-25 17:0:20.3310,-0.2,-0.27,-3.52,-0.03,0.09,0.17
2024-03-25 17:0:20.3410,0.15,-0.54,-2.97,-0.01,0.07,0.15
2024-03-25 17:0:20.3510,0.43,-0.75,-2.78,-0.0,0.06,0.12
2024-03-25 17:0:20.3610,0.64,-0.83,-2.59,-0.0,0.0,0.08
2024-03-25 17:0:20.3710,0.69,-0.7,-2.31,-0.03,-0.06,0.07
2024-03-25 17:0:20.3810,0.65,-0.46,-2.18,-0.06,-0.11,0.09
2024-03-25 17:0:20.3910,0.57,-0.22,-2.02,-0.08,-0.16,0.12
2024-03-25 17:0:20.4010,0.61,-0.05,-1.91,-0.11,-0.21,0.13
2024-03-25 17:0:20.4110,0.72,0.09,-1.81,-0.14,-0.22,0.14
2024-03-25 17:0:20.4210,0.89,0.24,-1.7,-0.16,-0.18,0.1
2024-03-25 17:0:20.4310,1.17,0.44,-1.49,-0.16,-0.07,0.07
2024-03-25 17:0:20.4410,1.31,0.66,-0.98,-0.14,0.12,-0.01
2024-03-25 17:0:20.4510,1.48,0.87,-0.47,-0.16,0.32,-0.1
2024-03-25 17:0:20.4610,1.49,1.0,-0.02,-0.17,0.48,-0.19
2024-03-25 17:0:20.4710,1.18,1.22,0.93,-0.13,0.57,-0.24
2024-03-25 17:0:20.4810,0.56,1.49,2.14,-0.04,0.55,-0.27
2024-03-25 17:0:20.4910,-0.05,1.73,3.14,0.05,0.44,-0.28
2024-03-25 17:0:20.5010,-0.49,1.94,3.77,0.14,0.32,-0.28
2024-03-25 17:0:20.5110,-0.76,1.99,4.15,0.23,0.26,-0.26
2024-03-25 17:0:20.5210,-1.03,1.81,4.48,0.35,0.26,-0.24
2024-03-25 17:0:20.5310,-1.33,1.54,4.8,0.53,0.3,-0.2
2024-03-25 17:0:20.5410,-1.61,1.11,5.16,0.77,0.38,-0.21
2024-03-25 17:0:20.5520,-1.48,0.92,5.34,0.95,0.38,-0.23
2024-03-25 17:0:20.5610,-1.68,0.76,4.69,0.99,0.26,-0.2
2024-03-25 17:0:20.5710,-2.41,0.56,3.61,0.84,0.14,-0.03
2024-03-25 17:0:20.5810,-3.29,-0.02,2.6,0.63,0.01,0.26
2024-03-25 17:0:20.5910,-3.69,-0.89,2.32,0.53,-0.1,0.48
2024-03-25 17:0:20.6010,-3.06,-2.09,2.42,0.52,-0.17,0.59
2024-03-25 17:0:20.6110,-2.21,-3.51,2.2,0.53,-0.2,0.58
2024-03-25 17:0:20.6210,-1.57,-4.38,1.62,0.43,-0.21,0.49
2024-03-25 17:0:20.6310,-1.16,-4.95,0.44,0.19,-0.14,0.38
2024-03-25 17:0:20.6410,-1.16,-5.08,-0.6,-0.13,0.01,0.33
2024-03-25 17:0:20.6520,-1.68,-4.92,-0.89,-0.41,0.17,0.37
2024-03-25 17:0:20.6610,-2.39,-4.81,-0.5,-0.62,0.25,0.42
2024-03-25 17:0:20.6710,-2.9,-4.56,0.25,-0.75,0.21,0.41
2024-03-25 17:0:20.6810,-2.92,-4.04,0.8,-0.82,0.14,0.36
2024-03-25 17:0:20.6910,-2.71,-3.12,0.97,-0.82,0.06,0.33
2024-03-25 17:0:20.7010,-2.68,-2.19,0.85,-0.76,0.03,0.35
2024-03-25 17:0:20.7110,-2.72,-1.17,0.52,-0.69,0.05,0.46
2024-03-25 17:0:20.7210,-2.72,-0.3,-0.17,-0.59,0.08,0.55
2024-03-25 17:0:20.7310,-2.34,0.24,-0.88,-0.49,0.12,0.63
2024-03-25 17:0:20.7410,-1.83,0.61,-1.58,-0.42,0.16,0.72
2024-03-25 17:0:20.7510,-1.46,0.84,-2.32,-0.35,0.19,0.78
2024-03-25 17:0:20.7610,-1.05,0.94,-2.84,-0.28,0.21,0.82
2024-03-25 17:0:20.7710,-0.63,0.76,-3.14,-0.2,0.19,0.87
2024-03-25 17:0:20.7810,-0.39,0.65,-3.25,-0.12,0.14,0.9
2024-03-25 17:0:20.7910,-0.13,0.5,-3.45,-0.1,0.1,0.92
2024-03-25 17:0:20.8010,0.15,0.3,-3.85,-0.09,0.09,0.95
2024-03-25 17:0:20.8110,0.36,0.09,-3.99,-0.09,0.11,0.97
2024-03-25 17:0:20.8210,0.6,-0.14,-3.92,-0.09,0.15,0.99
2024-03-25 17:0:20.8310,0.86,-0.38,-3.78,-0.09,0.18,0.95
2024-03-25 17:0:20.8410,1.25,-0.49,-3.57,-0.12,0.16,0.87
2024-03-25 17:0:20.8510,1.58,-0.48,-3.59,-0.2,0.11,0.77
2024-03-25 17:0:20.8610,1.83,-0.46,-3.45,-0.27,0.06,0.65
2024-03-25 17:0:20.8710,1.93,-0.44,-2.85,-0.26,0.06,0.55
2024-03-25 17:0:20.8810,1.75,-0.32,-1.89,-0.18,0.08,0.48
2024-03-25 17:0:20.8910,1.58,-0.07,-0.98,-0.09,0.11,0.42
2024-03-25 17:0:20.9010,1.44,0.08,-0.42,0.0,0.13,0.36
2024-03-25 17:0:20.9110,1.36,0.34,-0.11,0.05,0.09,0.28
2024-03-25 17:0:20.9210,1.28,0.55,0.02,0.09,0.0,0.19
2024-03-25 17:0:20.9310,1.2,0.78,0.2,0.12,-0.1,0.09
2024-03-25 17:0:20.9410,1.07,1.06,0.29,0.14,-0.19,0.01
2024-03-25 17:0:20.9510,0.96,1.33,0.36,0.15,-0.23,-0.06
2024-03-25 17:0:20.9610,0.85,1.61,0.5,0.14,-0.24,-0.1
2024-03-25 17:0:20.9710,0.64,1.86,0.59,0.09,-0.18,-0.08
2024-03-25 17:0:20.9810,0.4,1.97,0.71,0.01,-0.11,-0.02
2024-03-25 17:0:20.9910,0.23,1.89,1.03,-0.08,-0.04,0.03
2024-03-25 17:0:21.0010,0.16,1.5,1.45,-0.17,-0.0,0.03
2024-03-25 17:0:21.0110,0.3,0.89,2.14,-0.18,0.03,-0.05
2024-03-25 17:0:21.0210,0.48,0.27,3.12,-0.08,0.03,-0.22
2024-03-25 17:0:21.0310,0.73,-0.07,4.08,0.07,-0.02,-0.48
2024-03-25 17:0:21.0410,0.89,0.0,4.46,0.22,-0.13,-0.7
2024-03-25 17:0:21.0510,0.38,0.35,4.43,0.28,-0.16,-0.8
2024-03-25 17:0:21.0610,-0.53,0.76,3.87,0.25,-0.04,-0.66
2024-03-25 17:0:21.0710,-1.75,0.88,3.52,0.24,0.1,-0.38
2024-03-25 17:0:21.0810,-2.32,0.69,3.92,0.33,0.15,-0.15
2024-03-25 17:0:21.0910,-1.97,-0.07,4.2,0.45,0.12,-0.06
2024-03-25 17:0:21.1010,-1.16,-1.13,3.87,0.54,-0.01,-0.13
2024-03-25 17:0:21.1110,-0.32,-1.84,3.07,0.57,-0.14,-0.27
2024-03-25 17:0:21.1210,0.02,-2.13,1.99,0.55,-0.22,-0.37
2024-03-25 17:0:21.1310,-0.09,-2.08,1.06,0.53,-0.22,-0.38
2024-03-25 17:0:21.1410,-0.36,-1.87,0.54,0.53,-0.21,-0.34
2024-03-25 17:0:21.1510,-0.41,-1.59,-0.03,0.47,-0.21,-0.31
2024-03-25 17:0:21.1610,-0.29,-1.37,-0.98,0.31,-0.16,-0.25
2024-03-25 17:0:21.1710,-0.2,-1.08,-1.95,0.06,-0.05,-0.16
2024-03-25 17:0:21.1810,-0.26,-0.83,-2.6,-0.24,0.03,-0.02
2024-03-25 17:0:21.1910,-0.44,-0.72,-2.67,-0.44,0.13,0.12
2024-03-25 17:0:21.2010,-0.51,-0.85,-1.97,-0.57,0.21,0.25
2024-03-25 17:0:21.2110,-0.29,-1.07,-1.37,-0.66,0.22,0.27
2024-03-25 17:0:21.2210,0.26,-1.26,-0.95,-0.67,0.18,0.19
2024-03-25 17:0:21.2310,0.77,-1.37,-0.5,-0.6,0.13,0.08
2024-03-25 17:0:21.2410,0.97,-1.36,-0.15,-0.48,0.08,-0.04
2024-03-25 17:0:21.2510,1.03,-1.16,-0.03,-0.34,0.06,-0.15
2024-03-25 17:0:21.2610,0.96,-0.93,-0.33,-0.24,0.04,-0.23
2024-03-25 17:0:21.2710,0.82,-0.62,-0.96,-0.18,0.04,-0.27
2024-03-25 17:0:21.2810,0.59,-0.33,-1.6,-0.14,0.05,-0.27
2024-03-25 17:0:21.2910,0.39,-0.12,-2.08,-0.1,0.05,-0.24
2024-03-25 17:0:21.3010,0.22,0.05,-2.47,-0.06,0.04,-0.2
2024-03-25 17:0:21.3110,0.17,0.16,-2.91,-0.06,0.02,-0.16
2024-03-25 17:0:21.3210,0.17,0.2,-3.46,-0.09,-0.01,-0.12
2024-03-25 17:0:21.3310,0.14,0.22,-3.9,-0.13,-0.04,-0.07
2024-03-25 17:0:21.3410,0.11,0.21,-4.14,-0.18,-0.04,-0.01
2024-03-25 17:0:21.3510,0.02,0.16,-4.12,-0.2,-0.04,0.05
2024-03-25 17:0:21.3610,0.07,0.12,-3.85,-0.22,-0.04,0.1
2024-03-25 17:0:21.3710,0.15,0.11,-3.74,-0.26,-0.04,0.15
2024-03-25 17:0:21.3810,0.17,0.11,-3.63,-0.31,-0.05,0.19
2024-03-25 17:0:21.3910,0.14,0.16,-3.38,-0.37,-0.06,0.24
2024-03-25 17:0:21.4010,0.15,0.25,-3.05,-0.44,-0.08,0.31
2024-03-25 17:0:21.4110,0.05,0.38,-2.59,-0.5,-0.09,0.38
2024-03-25 17:0:21.4210,0.08,0.62,-2.03,-0.57,-0.09,0.42
2024-03-25 17:0:21.4310,0.27,0.71,-1.6,-0.62,-0.05,0.43
2024-03-25 17:0:21.4410,0.6,0.76,-0.89,-0.62,0.03,0.37
2024-03-25 17:0:21.4510,1.01,0.86,-0.03,-0.61,0.18,0.28
2024-03-25 17:0:21.4610,1.23,0.92,0.74,-0.59,0.35,0.16
2024-03-25 17:0:21.4710,1.27,0.99,1.72,-0.54,0.51,0.08
2024-03-25 17:0:21.4810,0.85,1.03,3.01,-0.44,0.64,0.07
2024-03-25 17:0:21.4910,0.1,1.14,4.47,-0.31,0.7,0.1
2024-03-25 17:0:21.5010,-0.38,1.23,5.67,-0.17,0.61,0.11
2024-03-25 17:0:21.5110,-0.47,1.27,6.5,0.01,0.41,0.07
2024-03-25 17:0:21.5210,-0.4,1.22,7.08,0.23,0.2,-0.01
2024-03-25 17:0:21.5310,-0.19,1.14,7.27,0.47,0.11,-0.09
2024-03-25 17:0:21.5410,0.04,1.06,7.02,0.74,0.12,-0.17
2024-03-25 17:0:21.5510,0.27,1.17,6.4,0.89,0.16,-0.21
2024-03-25 17:0:21.5610,0.1,1.31,5.32,0.92,0.18,-0.21
2024-03-25 17:0:21.5710,-0.18,1.49,4.28,0.81,0.23,-0.11
2024-03-25 17:0:21.5810,-0.96,1.26,3.62,0.7,0.3,0.15
2024-03-25 17:0:21.5910,-2.0,0.56,4.01,0.74,0.23,0.4
2024-03-25 17:0:21.6010,-2.07,-0.58,4.85,0.88,-0.02,0.46
2024-03-25 17:0:21.6110,-1.31,-2.01,4.85,1.05,-0.39,0.39
2024-03-25 17:0:21.6210,-0.73,-3.19,4.0,1.17,-0.75,0.23
2024-03-25 17:0:21.6310,-0.18,-3.71,2.29,1.09,-0.96,0.03
2024-03-25 17:0:21.6410,0.23,-3.82,-0.02,0.88,-0.94,-0.1
2024-03-25 17:0:21.6510,0.24,-3.48,-1.67,0.64,-0.71,-0.13
2024-03-25 17:0:21.6610,-0.12,-3.1,-2.45,0.41,-0.38,-0.09
2024-03-25 17:0:21.6710,-0.52,-2.78,-2.69,0.22,-0.05,-0.04
2024-03-25 17:0:21.6810,-0.74,-2.66,-2.66,0.02,0.16,-0.02
2024-03-25 17:0:21.6910,-1.01,-2.53,-2.72,-0.2,0.22,-0.0
2024-03-25 17:0:21.7010,-1.35,-2.18,-2.67,-0.42,0.19,0.02
2024-03-25 17:0:21.7110,-1.57,-1.82,-2.45,-0.57,0.1,0.06
2024-03-25 17:0:21.7210,-1.7,-1.51,-2.04,-0.64,-0.0,0.13
2024-03-25 17:0:21.7310,-1.77,-1.24,-1.72,-0.65,-0.07,0.21
2024-03-25 17:0:21.7410,-1.59,-1.0,-1.61,-0.62,-0.1,0.26
2024-03-25 17:0:21.7510,-1.13,-0.83,-1.8,-0.58,-0.11,0.28
2024-03-25 17:0:21.7610,-0.7,-0.68,-2.09,-0.51,-0.1,0.27
2024-03-25 17:0:21.7710,-0.44,-0.51,-2.33,-0.43,-0.07,0.25
2024-03-25 17:0:21.7810,-0.28,-0.32,-2.56,-0.32,-0.04,0.22
2024-03-25 17:0:21.7910,-0.21,-0.15,-2.76,-0.22,-0.02,0.21
2024-03-25 17:0:21.8010,-0.19,0.08,-3.05,-0.15,-0.01,0.21
2024-03-25 17:0:21.8110,-0.24,0.3,-3.51,-0.09,0.0,0.23
2024-03-25 17:0:21.8210,-0.27,0.53,-3.8,-0.05,0.0,0.25
2024-03-25 17:0:21.8310,-0.17,0.71,-4.04,-0.04,0.03,0.29
2024-03-25 17:0:21.8400,-0.06,0.86,-4.38,-0.07,0.07,0.33
2024-03-25 17:0:21.8510,0.09,0.94,-4.57,-0.11,0.1,0.36
2024-03-25 17:0:21.8610,0.26,0.96,-4.6,-0.18,0.14,0.37
2024-03-25 17:0:21.8710,0.44,0.92,-4.4,-0.24,0.18,0.38
2024-03-25 17:0:21.8810,0.57,0.78,-3.88,-0.28,0.26,0.37
2024-03-25 17:0:21.8900,0.77,0.54,-3.11,-0.3,0.33,0.34
2024-03-25 17:0:21.9000,0.93,0.34,-2.25,-0.3,0.38,0.3
2024-03-25 17:0:21.9100,1.03,0.25,-1.34,-0.28,0.36,0.22
2024-03-25 17:0:21.9200,1.05,0.31,-0.57,-0.3,0.31,0.15
2024-03-25 17:0:21.9300,1.03,0.37,-0.05,-0.31,0.28,0.08
2024-03-25 17:0:21.9400,0.91,0.38,0.74,-0.26,0.27,0.02
2024-03-25 17:0:21.9500,0.71,0.42,1.78,-0.19,0.26,-0.01
2024-03-25 17:0:21.9610,0.4,0.41,2.68,-0.12,0.25,-0.03
2024-03-25 17:0:21.9700,0.03,0.41,3.36,-0.06,0.21,-0.03
2024-03-25 17:0:21.9800,-0.18,0.47,3.92,0.03,0.07,-0.09
2024-03-25 17:0:21.9900,-0.13,0.46,4.38,0.15,-0.09,-0.18
2024-03-25 17:0:22.0000,-0.06,0.5,4.58,0.28,-0.25,-0.28
2024-03-25 17:0:22.0100,-0.05,0.52,4.48,0.41,-0.37,-0.38
2024-03-25 17:0:22.0200,-0.03,0.67,4.1,0.51,-0.46,-0.48
2024-03-25 17:0:22.0300,-0.06,0.89,3.39,0.57,-0.51,-0.56
2024-03-25 17:0:22.0410,0.12,1.29,2.63,0.57,-0.48,-0.64
2024-03-25 17:0:22.0500,0.35,1.78,1.89,0.46,-0.35,-0.68
2024-03-25 17:0:22.0610,0.23,2.02,1.35,0.35,-0.14,-0.57
2024-03-25 17:0:22.0700,-0.55,1.85,1.7,0.34,0.11,-0.3
2024-03-25 17:0:22.0800,-1.27,1.09,2.67,0.43,0.18,-0.12
2024-03-25 17:0:22.0900,-0.89,0.17,3.38,0.49,0.04,-0.09
2024-03-25 17:0:22.1010,-0.18,-0.92,3.1,0.5,-0.21,-0.14
2024-03-25 17:0:22.1100,0.44,-1.63,2.42,0.46,-0.42,-0.27
2024-03-25 17:0:22.1200,1.09,-2.09,1.73,0.43,-0.48,-0.42
2024-03-25 17:0:22.1300,1.45,-2.31,1.31,0.44,-0.39,-0.5
2024-03-25 17:0:22.1400,1.43,-2.21,1.0,0.44,-0.21,-0.54
2024-03-25 17:0:22.1500,1.19,-2.04,0.61,0.37,-0.02,-0.5
2024-03-25 17:0:22.1600,0.79,-1.88,0.07,0.24,0.14,-0.44
2024-03-25 17:0:22.1700,0.43,-1.73,-0.29,0.07,0.24,-0.35
2024-03-25 17:0:22.1800,0.05,-1.63,-0.4,-0.12,0.26,-0.24
2024-03-25 17:0:22.1900,-0.22,-1.67,-0.46,-0.33,0.21,-0.14
2024-03-25 17:0:22.2000,-0.34,-1.88,-0.4,-0.5,0.12,-0.07
2024-03-25 17:0:22.2100,-0.23,-2.13,-0.13,-0.57,0.04,-0.07
2024-03-25 17:0:22.2200,0.22,-2.31,0.23,-0.55,-0.04,-0.16
2024-03-25 17:0:22.2300,0.8,-2.26,0.42,-0.47,-0.09,-0.29
2024-03-25 17:0:22.2400,1.19,-2.0,0.29,-0.38,-0.13,-0.42
2024-03-25 17:0:22.2500,1.22,-1.61,-0.29,-0.31,-0.14,-0.51
2024-03-25 17:0:22.2600,1.05,-1.17,-1.05,-0.26,-0.12,-0.58
2024-03-25 17:0:22.2700,0.92,-0.7,-1.71,-0.23,-0.07,-0.61
2024-03-25 17:0:22.2800,0.73,-0.33,-2.35,-0.2,0.0,-0.59
2024-03-25 17:0:22.2910,0.36,0.02,-2.81,-0.17,0.09,-0.52
2024-03-25 17:0:22.3000,0.12,0.36,-3.11,-0.13,0.14,-0.45
2024-03-25 17:0:22.3100,-0.02,0.56,-3.26,-0.09,0.1,-0.4
2024-03-25 17:0:22.3200,-0.03,0.66,-3.41,-0.11,0.02,-0.35
2024-03-25 17:0:22.3300,-0.01,0.66,-3.75,-0.13,-0.05,-0.31
2024-03-25 17:0:22.3400,0.03,0.6,-3.71,-0.13,-0.09,-0.27
2024-03-25 17:0:22.3500,0.15,0.5,-3.44,-0.12,-0.06,-0.22
2024-03-25 17:0:22.3600,0.26,0.29,-3.2,-0.09,-0.02,-0.18
2024-03-25 17:0:22.3700,0.42,0.15,-2.87,-0.07,-0.01,-0.15
2024-03-25 17:0:22.3800,0.53,0.06,-2.65,-0.09,-0.04,-0.13
2024-03-25 17:0:22.3900,0.53,-0.07,-2.65,-0.13,-0.09,-0.11
2024-03-25 17:0:22.4000,0.5,-0.15,-2.54,-0.17,-0.13,-0.08
2024-03-25 17:0:22.4100,0.52,-0.17,-2.14,-0.18,-0.15,-0.07
2024-03-25 17:0:22.4200,0.71,-0.14,-1.58,-0.2,-0.12,-0.06
2024-03-25 17:0:22.4300,0.86,-0.07,-1.19,-0.25,-0.08,-0.08
2024-03-25 17:0:22.4400,1.04,0.04,-0.76,-0.33,0.0,-0.11
2024-03-25 17:0:22.4500,1.07,0.12,-0.22,-0.43,0.18,-0.11
2024-03-25 17:0:22.4600,0.78,0.11,0.67,-0.47,0.44,-0.07
2024-03-25 17:0:22.4700,0.45,-0.01,2.14,-0.38,0.68,-0.04
2024-03-25 17:0:22.4800,0.25,-0.13,3.88,-0.21,0.8,-0.06
2024-03-25 17:0:22.4900,0.11,-0.2,5.24,0.0,0.75,-0.14
2024-03-25 17:0:22.5000,0.1,-0.16,5.94,0.2,0.51,-0.3
2024-03-25 17:0:22.5100,0.18,0.12,6.06,0.35,0.24,-0.46
2024-03-25 17:0:22.5200,0.01,0.65,5.68,0.4,0.1,-0.56
2024-03-25 17:0:22.5300,-0.45,1.27,4.78,0.37,0.13,-0.53
2024-03-25 17:0:22.5400,-0.99,1.75,3.97,0.31,0.27,-0.36
2024-03-25 17:0:22.5510,-1.73,1.92,3.85,0.28,0.41,-0.07
2024-03-25 17:0:22.5600,-2.26,1.72,4.11,0.3,0.43,0.22
2024-03-25 17:0:22.5700,-2.17,0.85,4.47,0.35,0.31,0.36
2024-03-25 17:0:22.5800,-1.52,-0.59,4.43,0.4,0.05,0.39
2024-03-25 17:0:22.5900,-0.96,-1.86,3.81,0.42,-0.25,0.3
2024-03-25 17:0:22.6000,-0.34,-2.76,2.86,0.41,-0.47,0.17
2024-03-25 17:0:22.6100,0.15,-3.35,1.81,0.4,-0.55,0.03
2024-03-25 17:0:22.6200,0.34,-3.54,0.99,0.41,-0.5,-0.06
2024-03-25 17:0:22.6300,0.22,-3.58,0.24,0.43,-0.38,-0.11
2024-03-25 17:0:22.6400,-0.03,-3.52,-0.47,0.41,-0.24,-0.15
2024-03-25 17:0:22.6500,-0.29,-3.37,-1.38,0.27,-0.1,-0.16
2024-03-25 17:0:22.6600,-0.69,-3.22,-2.36,0.07,0.01,-0.15
2024-03-25 17:0:22.6700,-1.06,-2.99,-2.86,-0.11,0.06,-0.11
2024-03-25 17:0:22.6800,-1.36,-2.74,-2.79,-0.22,0.07,-0.06
2024-03-25 17:0:22.6900,-1.49,-2.46,-2.48,-0.28,0.04,-0.03
2024-03-25 17:0:22.7000,-1.38,-2.09,-2.34,-0.34,-0.06,-0.03
2024-03-25 17:0:22.7100,-1.15,-1.61,-2.6,-0.42,-0.18,-0.03
2024-03-25 17:0:22.7200,-0.91,-1.09,-2.99,-0.49,-0.3,-0.0
2024-03-25 17:0:22.7310,-0.76,-0.63,-3.17,-0.53,-0.35,0.03
2024-03-25 17:0:22.7400,-0.6,-0.22,-3.28,-0.57,-0.28,0.1
2024-03-25 17:0:22.7500,-0.5,0.06,-3.35,-0.57,-0.13,0.2
2024-03-25 17:0:22.7600,-0.38,0.27,-3.12,-0.52,0.02,0.28
2024-03-25 17:0:22.7700,-0.08,0.2,-2.66,-0.44,0.09,0.27
2024-03-25 17:0:22.7800,0.38,0.06,-2.2,-0.37,0.07,0.21
2024-03-25 17:0:22.7900,0.71,-0.05,-2.04,-0.33,0.0,0.11
2024-03-25 17:0:22.8000,0.85,-0.09,-1.94,-0.28,-0.04,0.04
2024-03-25 17:0:22.8100,0.82,-0.13,-1.73,-0.21,-0.04,-0.02
2024-03-25 17:0:22.8200,0.72,-0.05,-1.52,-0.16,-0.02,-0.04
2024-03-25 17:0:22.8300,0.58,0.1,-1.44,-0.12,-0.02,-0.04
2024-03-25 17:0:22.8400,0.49,0.25,-1.39,-0.09,-0.05,-0.05
2024-03-25 17:0:22.8500,0.61,0.37,-1.28,-0.11,-0.09,-0.08
2024-03-25 17:0:22.8600,0.75,0.47,-1.55,-0.15,-0.1,-0.11
2024-03-25 17:0:22.8700,0.85,0.57,-1.54,-0.19,-0.04,-0.14
2024-03-25 17:0:22.8800,0.95,0.61,-1.21,-0.19,0.07,-0.17
2024-03-25 17:0:22.8900,0.89,0.57,-0.57,-0.14,0.18,-0.21
2024-03-25 17:0:22.9000,0.81,0.49,0.39,-0.06,0.23,-0.26
2024-03-25 17:0:22.9100,0.69,0.32,1.48,0.05,0.22,-0.33
2024-03-25 17:0:22.9200,0.65,0.26,2.34,0.13,0.15,-0.41
2024-03-25 17:0:22.9300,0.55,0.2,2.84,0.17,0.05,-0.47
2024-03-25 17:0:22.9400,0.43,0.35,3.12,0.16,-0.09,-0.5
2024-03-25 17:0:22.9500,0.29,0.55,3.21,0.14,-0.22,-0.52
2024-03-25 17:0:22.9600,0.34,0.74,3.27,0.12,-0.3,-0.54
2024-03-25 17:0:22.9700,0.61,0.86,3.24,0.12,-0.27,-0.58
2024-03-25 17:0:22.9800,0.95,0.87,3.22,0.14,-0.11,-0.6
2024-03-25 17:0:22.9900,1.07,0.71,3.3,0.17,0.1,-0.59
2024-03-25 17:0:23.0000,0.97,0.42,3.52,0.22,0.27,-0.55
2024-03-25 17:0:23.0100,0.64,-0.13,3.89,0.28,0.33,-0.51
2024-03-25 17:0:23.0200,0.33,-0.9,4.13,0.35,0.26,-0.5
2024-03-25 17:0:23.0300,0.37,-1.6,3.98,0.41,0.12,-0.57
2024-03-25 17:0:23.0400,0.63,-2.12,3.45,0.46,-0.01,-0.66
2024-03-25 17:0:23.0500,0.79,-2.41,2.72,0.5,-0.12,-0.73
2024-03-25 17:0:23.0600,0.71,-2.42,1.84,0.5,-0.14,-0.77
2024-03-25 17:0:23.0700,0.55,-2.32,0.8,0.47,-0.12,-0.77
2024-03-25 17:0:23.0800,0.42,-2.09,-0.1,0.43,-0.09,-0.74
2024-03-25 17:0:23.0900,0.39,-1.81,-0.8,0.39,-0.09,-0.68
2024-03-25 17:0:23.1000,0.4,-1.39,-1.37,0.31,-0.08,-0.62
2024-03-25 17:0:23.1100,0.44,-1.12,-2.05,0.19,-0.06,-0.53
2024-03-25 17:0:23.1200,0.49,-0.92,-2.54,0.06,0.01,-0.44
2024-03-25 17:0:23.1300,0.57,-0.83,-2.68,-0.06,0.1,-0.35
2024-03-25 17:0:23.1400,0.7,-0.88,-2.55,-0.18,0.18,-0.28
2024-03-25 17:0:23.1500,0.82,-1.02,-2.19,-0.26,0.2,-0.23
2024-03-25 17:0:23.1600,0.96,-1.2,-1.61,-0.27,0.17,-0.23
2024-03-25 17:0:23.1700,1.19,-1.43,-0.94,-0.23,0.08,-0.27
2024-03-25 17:0:23.1800,1.52,-1.59,-0.65,-0.2,-0.02,-0.36
2024-03-25 17:0:23.1900,1.85,-1.57,-0.7,-0.19,-0.09,-0.46
2024-03-25 17:0:23.2000,2.11,-1.42,-0.94,-0.19,-0.1,-0.56
2024-03-25 17:0:23.2100,2.17,-1.16,-1.2,-0.2,-0.04,-0.61
2024-03-25 17:0:23.2200,1.94,-0.85,-1.35,-0.21,0.05,-0.6
2024-03-25 17:0:23.2300,1.48,-0.55,-1.23,-0.23,0.13,-0.54
2024-03-25 17:0:23.2400,1.16,-0.36,-1.08,-0.26,0.15,-0.49
2024-03-25 17:0:23.2500,1.12,-0.29,-0.9,-0.28,0.11,-0.49
2024-03-25 17:0:23.2600,1.08,-0.29,-0.5,-0.26,0.03,-0.51
2024-03-25 17:0:23.2700,1.05,-0.26,-0.06,-0.22,-0.04,-0.55
2024-03-25 17:0:23.2800,1.06,-0.24,0.07,-0.18,-0.08,-0.59
2024-03-25 17:0:23.2900,1.0,-0.15,0.11,-0.12,-0.09,-0.63
2024-03-25 17:0:23.3000,0.86,-0.01,0.12,-0.05,-0.08,-0.64
2024-03-25 17:0:23.3100,0.62,0.19,-0.01,-0.02,-0.1,-0.63
2024-03-25 17:0:23.3200,0.32,0.45,-0.35,-0.01,-0.14,-0.59
2024-03-25 17:0:23.3300,0.09,0.66,-0.75,-0.02,-0.18,-0.53
2024-03-25 17:0:23.3400,-0.04,0.8,-1.02,-0.04,-0.21,-0.47
2024-03-25 17:0:23.3500,-0.05,0.87,-1.22,-0.05,-0.23,-0.42
2024-03-25 17:0:23.3600,-0.03,0.84,-1.33,-0.06,-0.25,-0.38
2024-03-25 17:0:23.3700,0.02,0.79,-1.4,-0.08,-0.24,-0.35
2024-03-25 17:0:23.3800,-0.05,0.68,-1.48,-0.1,-0.22,-0.29
2024-03-25 17:0:23.3900,-0.22,0.58,-1.35,-0.06,-0.2,-0.24
2024-03-25 17:0:23.4000,-0.24,0.48,-0.97,0.0,-0.21,-0.21
2024-03-25 17:0:23.4100,-0.25,0.36,-0.88,0.02,-0.26,-0.17
2024-03-25 17:0:23.4200,-0.28,0.39,-1.09,-0.01,-0.33,-0.13
2024-03-25 17:0:23.4300,-0.36,0.43,-1.45,-0.08,-0.37,-0.08
2024-03-25 17:0:23.4400,-0.37,0.54,-1.63,-0.17,-0.36,-0.02
2024-03-25 17:0:23.4500,-0.43,0.55,-1.62,-0.22,-0.29,0.04
2024-03-25 17:0:23.4600,-0.37,0.55,-1.32,-0.21,-0.17,0.08
2024-03-25 17:0:23.4690,-0.24,0.51,-0.82,-0.14,-0.02,0.12
2024-03-25 17:0:23.4800,-0.13,0.5,-0.14,-0.04,0.06,0.12
2024-03-25 17:0:23.4900,0.1,0.5,0.33,-0.01,0.05,0.09
2024-03-25 17:0:23.4990,0.26,0.63,0.38,-0.02,-0.01,0.06
2024-03-25 17:0:23.5090,0.37,0.9,0.39,-0.05,-0.1,0.02
2024-03-25 17:0:23.5200,0.47,1.26,0.45,-0.09,-0.11,0.0
2024-03-25 17:0:23.5300,0.55,1.59,0.48,-0.12,-0.03,0.02
2024-03-25 17:0:23.5400,0.49,1.86,0.59,-0.14,0.18,0.09
2024-03-25 17:0:23.5500,0.39,1.99,0.95,-0.09,0.44,0.17
2024-03-25 17:0:23.5600,0.47,1.98,1.71,0.01,0.62,0.19
2024-03-25 17:0:23.5700,0.72,1.81,2.44,0.12,0.63,0.12
2024-03-25 17:0:23.5790,1.01,1.72,2.82,0.2,0.54,-0.01
2024-03-25 17:0:23.5890,1.04,1.65,2.94,0.28,0.37,-0.18
2024-03-25 17:0:23.5990,1.14,1.85,2.91,0.34,0.23,-0.35
2024-03-25 17:0:23.6090,1.0,2.16,2.58,0.36,0.14,-0.45
2024-03-25 17:0:23.6200,0.64,2.47,1.91,0.29,0.1,-0.47
2024-03-25 17:0:23.6290,0.15,2.77,1.27,0.25,0.09,-0.36
2024-03-25 17:0:23.6390,-0.02,3.23,1.31,0.27,0.1,-0.24
2024-03-25 17:0:23.6500,0.45,3.32,1.73,0.38,0.15,-0.19
2024-03-25 17:0:23.6600,1.13,2.93,2.25,0.46,0.14,-0.13
2024-03-25 17:0:23.6700,1.28,1.97,2.67,0.43,0.05,-0.09
2024-03-25 17:0:23.6800,1.18,0.91,2.69,0.22,0.04,-0.06
2024-03-25 17:0:23.6890,1.03,-0.4,2.56,0.08,0.02,-0.02
2024-03-25 17:0:23.6990,0.81,-1.52,3.5,0.15,-0.06,-0.03
2024-03-25 17:0:23.7090,0.65,-2.44,4.76,0.35,-0.22,-0.09
2024-03-25 17:0:23.7190,0.58,-3.12,4.94,0.54,-0.42,-0.17
2024-03-25 17:0:23.7300,0.51,-3.39,3.99,0.65,-0.58,-0.22
2024-03-25 17:0:23.7390,0.22,-3.26,2.58,0.72,-0.63,-0.13
2024-03-25 17:0:23.7490,-0.82,-2.81,1.38,0.79,-0.52,0.2
2024-03-25 17:0:23.7600,-2.3,-2.08,0.51,0.81,-0.36,0.64
2024-03-25 17:0:23.7690,-2.86,-1.56,-0.63,0.64,-0.3,0.96
2024-03-25 17:0:23.7790,-2.26,-1.62,-2.34,0.27,-0.43,1.06
2024-03-25 17:0:23.7890,-1.37,-1.96,-3.81,-0.16,-0.61,1.0
2024-03-25 17:0:23.7990,-0.64,-2.27,-4.2,-0.45,-0.69,0.88
2024-03-25 17:0:23.8090,-0.01,-2.41,-3.31,-0.51,-0.63,0.71
2024-03-25 17:0:23.8200,0.43,-2.47,-2.19,-0.41,-0.44,0.54
2024-03-25 17:0:23.8290,0.63,-2.26,-1.45,-0.26,-0.23,0.38
2024-03-25 17:0:23.8390,0.7,-1.78,-1.47,-0.2,-0.06,0.23
2024-03-25 17:0:23.8490,0.67,-1.15,-2.22,-0.27,0.02,0.13
2024-03-25 17:0:23.8590,0.45,-0.55,-3.02,-0.41,0.03,0.06
2024-03-25 17:0:23.8690,0.14,-0.11,-3.42,-0.53,0.01,0.04
2024-03-25 17:0:23.8790,-0.19,0.06,-3.27,-0.61,-0.01,0.02
2024-03-25 17:0:23.8890,-0.29,0.13,-3.09,-0.68,0.01,-0.02
2024-03-25 17:0:23.8990,-0.15,0.19,-3.22,-0.74,0.08,-0.06
2024-03-25 17:0:23.9090,-0.16,0.2,-3.22,-0.74,0.19,-0.09
2024-03-25 17:0:23.9190,-0.2,0.15,-2.67,-0.67,0.31,-0.13
2024-03-25 17:0:23.9290,-0.17,0.11,-2.02,-0.53,0.43,-0.13
2024-03-25 17:0:23.9390,-0.47,0.12,-1.32,-0.35,0.5,-0.1
2024-03-25 17:0:23.9490,-0.71,0.34,-0.73,-0.21,0.47,-0.07
2024-03-25 17:0:23.9590,-0.73,0.64,-0.78,-0.19,0.35,-0.04
2024-03-25 17:0:23.9690,-0.72,1.01,-1.27,-0.27,0.2,-0.01
2024-03-25 17:0:23.9790,-0.6,1.32,-1.66,-0.36,0.09,0.01
2024-03-25 17:0:23.9890,-0.35,1.55,-1.52,-0.39,0.07,0.02
2024-03-25 17:0:23.9990,-0.15,1.66,-1.01,-0.32,0.11,0.03
2024-03-25 17:0:24.0090,0.03,1.6,-0.24,-0.17,0.18,0.01
2024-03-25 17:0:24.0190,0.33,1.52,0.38,-0.03,0.24,-0.04
2024-03-25 17:0:24.0290,0.6,1.46,0.6,0.09,0.26,-0.12
2024-03-25 17:0:24.0390,0.76,1.48,0.68,0.16,0.26,-0.22
2024-03-25 17:0:24.0490,0.86,1.48,0.77,0.24,0.24,-0.31
2024-03-25 17:0:24.0590,0.78,1.49,1.04,0.33,0.22,-0.38
2024-03-25 17:0:24.0690,0.66,1.52,1.26,0.43,0.19,-0.42
2024-03-25 17:0:24.0790,0.47,1.55,1.45,0.54,0.15,-0.43
2024-03-25 17:0:24.0890,0.43,1.5,1.57,0.66,0.06,-0.49
2024-03-25 17:0:24.0990,0.61,1.44,1.54,0.75,-0.04,-0.56
2024-03-25 17:0:24.1090,0.79,1.4,1.2,0.81,-0.15,-0.64
2024-03-25 17:0:24.1190,1.08,1.38,0.82,0.82,-0.23,-0.74
2024-03-25 17:0:24.1290,1.49,1.38,0.36,0.79,-0.2,-0.82
2024-03-25 17:0:24.1390,1.9,1.23,0.14,0.77,-0.06,-0.91
2024-03-25 17:0:24.1490,2.22,1.02,0.38,0.78,0.1,-0.99
2024-03-25 17:0:24.1590,2.27,0.72,0.87,0.84,0.2,-1.09
2024-03-25 17:0:24.1690,2.08,0.38,1.49,0.91,0.18,-1.17
2024-03-25 17:0:24.1790,1.75,0.23,1.9,1.0,0.06,-1.24
2024-03-25 17:0:24.1890,1.56,0.3,2.35,1.08,-0.17,-1.34
2024-03-25 17:0:24.1990,1.57,0.64,2.51,0.99,-0.37,-1.4
2024-03-25 17:0:24.2090,1.27,0.88,1.88,0.72,-0.41,-1.31
2024-03-25 17:0:24.2190,0.29,0.93,1.69,0.52,-0.41,-0.99
2024-03-25 17:0:24.2290,-0.87,0.97,3.21,0.51,-0.46,-0.62
2024-03-25 17:0:24.2390,-1.12,0.4,5.0,0.61,-0.62,-0.34
2024-03-25 17:0:24.2490,-0.66,-0.7,5.68,0.7,-1.03,-0.25
2024-03-25 17:0:24.2590,0.35,-1.63,4.98,0.69,-1.53,-0.39
2024-03-25 17:0:24.2690,1.66,-2.24,3.42,0.52,-1.87,-0.58
2024-03-25 17:0:24.2790,2.49,-2.27,1.59,0.31,-1.91,-0.7
2024-03-25 17:0:24.2890,2.68,-1.98,0.5,0.17,-1.64,-0.69
2024-03-25 17:0:24.2990,2.46,-1.68,0.06,0.1,-1.11,-0.56
2024-03-25 17:0:24.3090,2.27,-1.57,-0.03,0.1,-0.5,-0.45
2024-03-25 17:0:24.3190,2.28,-1.77,-0.13,0.09,0.01,-0.38
2024-03-25 17:0:24.3290,2.15,-2.1,-0.38,-0.03,0.25,-0.4
2024-03-25 17:0:24.3390,1.91,-2.53,-1.02,-0.22,0.28,-0.51
2024-03-25 17:0:24.3490,1.61,-2.88,-1.49,-0.39,0.21,-0.66
2024-03-25 17:0:24.3590,1.47,-3.16,-1.65,-0.45,0.12,-0.83
2024-03-25 17:0:24.3690,1.22,-3.26,-1.69,-0.43,0.04,-0.96
2024-03-25 17:0:24.3790,0.75,-3.05,-2.05,-0.39,0.0,-1.0
2024-03-25 17:0:24.3890,0.23,-2.43,-2.81,-0.37,-0.02,-0.97
2024-03-25 17:0:24.3990,-0.23,-1.68,-3.68,-0.41,-0.07,-0.88
2024-03-25 17:0:24.4090,-0.52,-0.91,-4.52,-0.54,-0.15,-0.75
2024-03-25 17:0:24.4190,-0.53,-0.29,-5.21,-0.7,-0.2,-0.63
2024-03-25 17:0:24.4290,-0.29,0.14,-5.53,-0.85,-0.18,-0.54
2024-03-25 17:0:24.4390,0.11,0.35,-5.38,-0.9,-0.03,-0.47
2024-03-25 17:0:24.4490,0.66,0.32,-4.56,-0.82,0.2,-0.47
2024-03-25 17:0:24.4590,1.23,0.04,-3.23,-0.65,0.44,-0.53
2024-03-25 17:0:24.4690,1.7,-0.13,-2.28,-0.53,0.63,-0.6
2024-03-25 17:0:24.4790,1.67,-0.17,-1.93,-0.51,0.7,-0.63
2024-03-25 17:0:24.4890,1.36,-0.04,-1.65,-0.55,0.67,-0.63
2024-03-25 17:0:24.4990,1.04,0.1,-1.17,-0.62,0.56,-0.59
2024-03-25 17:0:24.5090,0.72,0.19,-0.57,-0.65,0.43,-0.51
2024-03-25 17:0:24.5190,0.4,0.13,0.45,-0.56,0.23,-0.44
2024-03-25 17:0:24.5290,0.41,-0.16,1.75,-0.33,0.01,-0.49
2024-03-25 17:0:24.5390,0.94,-0.47,2.53,-0.09,-0.2,-0.64
2024-03-25 17:0:24.5490,1.58,-0.66,2.3,0.05,-0.33,-0.83
2024-03-25 17:0:24.5590,1.89,-0.62,1.32,0.12,-0.37,-0.96
2024-03-25 17:0:24.5690,1.7,-0.27,0.39,0.15,-0.34,-1.0
2024-03-25 17:0:24.5790,1.31,0.21,-0.15,0.17,-0.26,-0.99
2024-03-25 17:0:24.5890,1.16,0.58,-0.55,0.16,-0.15,-0.94
2024-03-25 17:0:24.5990,1.03,0.88,-0.83,0.08,-0.03,-0.86
2024-03-25 17:0:24.6090,0.88,1.22,-0.99,-0.02,0.06,-0.77
2024-03-25 17:0:24.6190,0.87,1.51,-0.82,-0.13,0.11,-0.68
2024-03-25 17:0:24.6290,0.86,1.71,-0.25,-0.23,0.16,-0.6
2024-03-25 17:0:24.6390,0.98,1.73,0.58,-0.27,0.24,-0.57
2024-03-25 17:0:24.6490,1.34,1.53,1.84,-0.25,0.31,-0.59
2024-03-25 17:0:24.6590,1.64,1.26,2.9,-0.23,0.39,-0.63
2024-03-25 17:0:24.6690,1.76,1.09,3.64,-0.19,0.47,-0.69
2024-03-25 17:0:24.6790,1.71,0.98,4.37,-0.1,0.55,-0.77
2024-03-25 17:0:24.6890,1.65,0.99,4.98,0.01,0.63,-0.85
2024-03-25 17:0:24.6990,1.47,1.11,5.27,0.13,0.67,-0.91
2024-03-25 17:0:24.7090,1.24,1.36,5.35,0.23,0.64,-0.96
2024-03-25 17:0:24.7190,0.93,1.74,5.23,0.27,0.59,-0.95
2024-03-25 17:0:24.7290,0.32,1.96,4.79,0.27,0.53,-0.83
2024-03-25 17:0:24.7390,-0.41,2.11,4.67,0.25,0.45,-0.62
2024-03-25 17:0:24.7490,-0.95,1.96,4.72,0.25,0.31,-0.41
2024-03-25 17:0:24.7590,-1.1,1.34,4.8,0.35,0.11,-0.25
2024-03-25 17:0:24.7690,-0.86,0.31,4.93,0.47,-0.11,-0.19
2024-03-25 17:0:24.7790,-0.22,-0.85,4.23,0.53,-0.29,-0.2
2024-03-25 17:0:24.7890,0.31,-1.73,2.86,0.51,-0.4,-0.2
2024-03-25 17:0:24.7990,0.5,-2.21,1.46,0.44,-0.41,-0.19
2024-03-25 17:0:24.8090,0.51,-2.59,0.34,0.38,-0.35,-0.18
2024-03-25 17:0:24.8190,0.53,-2.96,-0.35,0.36,-0.24,-0.19
2024-03-25 17:0:24.8290,0.55,-3.33,-0.75,0.38,-0.13,-0.25
2024-03-25 17:0:24.8390,0.55,-3.62,-1.21,0.39,-0.08,-0.36
2024-03-25 17:0:24.8490,0.48,-3.71,-2.0,0.35,-0.06,-0.47
2024-03-25 17:0:24.8590,0.31,-3.58,-2.87,0.28,-0.07,-0.58
2024-03-25 17:0:24.8690,0.05,-3.14,-3.59,0.16,-0.07,-0.62
2024-03-25 17:0:24.8790,-0.42,-2.52,-4.33,0.02,-0.06,-0.57
2024-03-25 17:0:24.8890,-0.99,-1.74,-4.78,-0.16,-0.04,-0.43
2024-03-25 17:0:24.8990,-1.45,-0.92,-5.03,-0.37,0.0,-0.24
2024-03-25 17:0:24.9090,-1.56,-0.37,-5.15,-0.55,0.06,-0.05
2024-03-25 17:0:24.9190,-1.31,-0.06,-4.81,-0.64,0.11,0.07
2024-03-25 17:0:24.9290,-0.82,-0.1,-4.05,-0.64,0.17,0.13
2024-03-25 17:0:24.9390,-0.28,-0.25,-3.28,-0.58,0.23,0.13
2024-03-25 17:0:24.9490,0.13,-0.37,-2.64,-0.5,0.27,0.08
2024-03-25 17:0:24.9590,0.46,-0.42,-2.26,-0.45,0.31,0.02
2024-03-25 17:0:24.9690,0.53,-0.41,-2.02,-0.4,0.29,-0.0
2024-03-25 17:0:24.9790,0.38,-0.24,-1.65,-0.35,0.22,0.01
2024-03-25 17:0:24.9890,0.23,-0.04,-1.33,-0.3,0.13,0.02
2024-03-25 17:0:24.9990,0.31,0.11,-1.03,-0.22,0.02,0.02
2024-03-25 17:0:25.0090,0.6,0.19,-0.85,-0.17,-0.06,-0.03
2024-03-25 17:0:25.0190,0.96,0.21,-0.82,-0.13,-0.09,-0.09
2024-03-25 17:0:25.0290,1.21,0.27,-0.76,-0.07,-0.08,-0.14
2024-03-25 17:0:25.0390,1.35,0.4,-0.52,-0.02,-0.05,-0.18
2024-03-25 17:0:25.0490,1.39,0.58,-0.4,0.02,-0.0,-0.19
2024-03-25 17:0:25.0590,1.32,0.68,-0.35,0.05,0.04,-0.19
2024-03-25 17:0:25.0690,1.27,0.66,-0.19,0.08,0.07,-0.2
2024-03-25 17:0:25.0790,1.22,0.49,0.14,0.15,0.06,-0.24
2024-03-25 17:0:25.0890,1.21,0.35,0.58,0.21,0.01,-0.28
2024-03-25 17:0:25.0990,1.12,0.27,0.77,0.25,-0.08,-0.32
2024-03-25 17:0:25.1090,0.97,0.23,0.8,0.26,-0.14,-0.37
2024-03-25 17:0:25.1190,0.85,0.24,0.78,0.25,-0.14,-0.39
2024-03-25 17:0:25.1290,0.63,0.28,0.81,0.24,-0.15,-0.4
2024-03-25 17:0:25.1390,0.43,0.4,0.97,0.25,-0.12,-0.42
2024-03-25 17:0:25.1490,0.33,0.57,1.09,0.24,-0.05,-0.44
2024-03-25 17:0:25.1590,0.27,0.83,1.19,0.25,0.01,-0.47
2024-03-25 17:0:25.1690,0.12,1.14,1.34,0.25,0.04,-0.5
2024-03-25 17:0:25.1790,-0.03,1.44,1.52,0.25,0.06,-0.51
2024-03-25 17:0:25.1890,-0.37,1.74,1.73,0.24,-0.0,-0.47
2024-03-25 17:0:25.1990,-0.78,2.05,1.91,0.19,-0.09,-0.4
2024-03-25 17:0:25.2090,-1.05,2.2,1.93,0.13,-0.16,-0.31
2024-03-25 17:0:25.2190,-1.02,2.24,2.03,0.1,-0.25,-0.27
2024-03-25 17:0:25.2290,-0.69,2.19,2.26,0.1,-0.32,-0.29
2024-03-25 17:0:25.2390,-0.21,2.09,2.47,0.17,-0.36,-0.37
2024-03-25 17:0:25.2490,0.36,2.06,2.73,0.3,-0.35,-0.48
2024-03-25 17:0:25.2590,0.94,2.2,2.8,0.43,-0.26,-0.6
2024-03-25 17:0:25.2690,1.35,2.29,2.59,0.49,-0.08,-0.64
2024-03-25 17:0:25.2790,1.09,2.2,2.24,0.43,0.05,-0.52
2024-03-25 17:0:25.2890,0.44,1.8,2.06,0.38,0.07,-0.35
2024-03-25 17:0:25.2990,0.12,0.78,2.6,0.44,-0.1,-0.26
2024-03-25 17:0:25.3090,0.41,-0.62,3.39,0.52,-0.45,-0.32
2024-03-25 17:0:25.3190,1.18,-1.95,3.24,0.56,-0.89,-0.5
2024-03-25 17:0:25.3290,1.99,-2.75,2.55,0.58,-1.19,-0.7
2024-03-25 17:0:25.3390,2.38,-3.15,1.79,0.64,-1.33,-0.88
2024-03-25 17:0:25.3490,2.66,-3.06,0.97,0.66,-1.26,-0.99
2024-03-25 17:0:25.3590,2.6,-2.89,-0.18,0.65,-1.03,-1.02
2024-03-25 17:0:25.3680,2.38,-2.53,-1.33,0.61,-0.68,-0.96
2024-03-25 17:0:25.3790,2.06,-2.15,-2.28,0.52,-0.3,-0.86
2024-03-25 17:0:25.3880,1.77,-1.82,-3.03,0.38,0.0,-0.76
2024-03-25 17:0:25.3980,1.5,-1.65,-3.61,0.16,0.16,-0.66
2024-03-25 17:0:25.4080,1.13,-1.67,-3.93,-0.1,0.16,-0.56
2024-03-25 17:0:25.4180,0.73,-1.74,-3.91,-0.35,0.07,-0.47
2024-03-25 17:0:25.4280,0.43,-1.85,-3.55,-0.54,-0.08,-0.4
2024-03-25 17:0:25.4380,0.4,-2.0,-2.99,-0.66,-0.18,-0.38
2024-03-25 17:0:25.4480,0.8,-2.1,-2.69,-0.73,-0.2,-0.44
2024-03-25 17:0:25.4580,1.36,-2.02,-2.66,-0.76,-0.14,-0.53
2024-03-25 17:0:25.4680,1.54,-1.71,-2.6,-0.74,-0.05,-0.59
2024-03-25 17:0:25.4780,1.34,-1.27,-2.57,-0.73,0.02,-0.63
2024-03-25 17:0:25.4880,1.06,-0.83,-2.74,-0.73,0.08,-0.62
2024-03-25 17:0:25.4980,0.75,-0.44,-2.89,-0.72,0.12,-0.59
2024-03-25 17:0:25.5080,0.5,-0.12,-2.8,-0.68,0.12,-0.56
2024-03-25 17:0:25.5180,0.36,0.09,-2.67,-0.61,0.09,-0.53
2024-03-25 17:0:25.5290,0.25,0.18,-2.34,-0.49,0.01,-0.52
2024-03-25 17:0:25.5380,0.29,0.22,-1.95,-0.42,-0.09,-0.55
2024-03-25 17:0:25.5480,0.52,0.41,-2.14,-0.44,-0.21,-0.57
2024-03-25 17:0:25.5580,0.65,0.62,-2.53,-0.5,-0.27,-0.54
2024-03-25 17:0:25.5680,0.75,0.97,-2.46,-0.54,-0.25,-0.46
2024-03-25 17:0:25.5780,0.67,1.33,-1.81,-0.52,-0.21,-0.32
2024-03-25 17:0:25.5880,0.6,1.47,-0.99,-0.48,-0.18,-0.21
2024-03-25 17:0:25.5980,0.74,1.4,-0.46,-0.43,-0.12,-0.1
2024-03-25 17:0:25.6080,0.93,0.89,0.19,-0.25,-0.05,-0.07
2024-03-25 17:0:25.6180,1.32,0.26,1.55,0.03,-0.02,-0.1
2024-03-25 17:0:25.6280,1.48,-0.29,2.62,0.25,-0.08,-0.21
2024-03-25 17:0:25.6380,1.6,-0.62,2.61,0.29,-0.25,-0.35
2024-03-25 17:0:25.6480,1.49,-0.67,1.87,0.23,-0.42,-0.45
2024-03-25 17:0:25.6580,1.23,-0.5,1.35,0.17,-0.51,-0.51
2024-03-25 17:0:25.6680,0.99,-0.21,1.28,0.14,-0.47,-0.55
2024-03-25 17:0:25.6780,0.82,0.07,1.2,0.11,-0.36,-0.57
2024-03-25 17:0:25.6880,0.65,0.46,1.02,0.05,-0.18,-0.58
2024-03-25 17:0:25.6980,0.39,0.86,0.88,-0.06,0.02,-0.55
2024-03-25 17:0:25.7080,0.01,1.25,0.94,-0.17,0.18,-0.51
2024-03-25 17:0:25.7180,-0.36,1.54,1.37,-0.2,0.29,-0.45
2024-03-25 17:0:25.7280,-0.73,1.69,2.3,-0.19,0.34,-0.4
2024-03-25 17:0:25.7380,-0.99,1.69,3.03,-0.17,0.31,-0.36
2024-03-25 17:0:25.7480,-1.11,1.79,3.48,-0.14,0.24,-0.31
2024-03-25 17:0:25.7580,-1.03,1.96,3.75,-0.11,0.15,-0.27
2024-03-25 17:0:25.7680,-0.81,2.33,3.86,-0.11,0.08,-0.2
2024-03-25 17:0:25.7780,-0.74,2.62,3.71,-0.15,0.11,-0.09
2024-03-25 17:0:25.7880,-0.9,2.59,3.42,-0.21,0.26,0.11
2024-03-25 17:0:25.7980,-1.16,2.26,3.72,-0.18,0.41,0.34
2024-03-25 17:0:25.8080,-1.11,1.59,4.59,-0.06,0.44,0.52
2024-03-25 17:0:25.8180,-0.6,0.5,5.3,0.13,0.27,0.57
2024-03-25 17:0:25.8280,-0.07,-0.84,5.48,0.3,-0.02,0.53
2024-03-25 17:0:25.8380,0.36,-2.11,4.78,0.35,-0.25,0.44
2024-03-25 17:0:25.8480,0.79,-3.0,3.46,0.32,-0.38,0.34
2024-03-25 17:0:25.8580,0.93,-3.56,2.49,0.29,-0.36,0.25
2024-03-25 17:0:25.8680,0.78,-3.97,1.93,0.32,-0.21,0.19
2024-03-25 17:0:25.8780,0.45,-4.17,1.48,0.43,-0.01,0.12
2024-03-25 17:0:25.8880,0.2,-4.2,1.08,0.54,0.19,0.02
2024-03-25 17:0:25.8980,0.08,-4.04,0.16,0.56,0.33,-0.09
2024-03-25 17:0:25.9080,-0.14,-3.69,-1.04,0.52,0.39,-0.18
2024-03-25 17:0:25.9180,-0.44,-3.15,-2.05,0.45,0.38,-0.26
2024-03-25 17:0:25.9280,-0.81,-2.54,-2.71,0.36,0.33,-0.33
2024-03-25 17:0:25.9380,-0.9,-1.89,-3.51,0.22,0.26,-0.34
2024-03-25 17:0:25.9480,-1.25,-1.39,-4.17,0.1,0.16,-0.28
2024-03-25 17:0:25.9580,-1.6,-0.89,-4.34,0.03,0.04,-0.18
2024-03-25 17:0:25.9680,-1.73,-0.53,-4.33,-0.02,-0.07,-0.07
2024-03-25 17:0:25.9780,-1.66,-0.31,-4.41,-0.07,-0.09,0.04
2024-03-25 17:0:25.9880,-1.33,-0.16,-4.67,-0.1,-0.09,0.07
2024-03-25 17:0:25.9980,-0.98,-0.15,-4.88,-0.17,-0.04,0.12
2024-03-25 17:0:26.0080,-0.84,-0.12,-5.01,-0.23,0.06,0.18
2024-03-25 17:0:26.0180,-0.91,-0.19,-4.74,-0.25,0.14,0.24
2024-03-25 17:0:26.0290,-0.92,-0.29,-4.14,-0.23,0.18,0.28
2024-03-25 17:0:26.0380,-0.88,-0.36,-3.69,-0.24,0.15,0.32
2024-03-25 17:0:26.0480,-0.92,-0.39,-3.52,-0.26,0.1,0.36
2024-03-25 17:0:26.0580,-0.87,-0.37,-3.25,-0.26,0.05,0.36
2024-03-25 17:0:26.0680,-0.61,-0.24,-2.96,-0.28,0.06,0.37
2024-03-25 17:0:26.0780,-0.41,-0.2,-2.68,-0.27,0.08,0.36
2024-03-25 17:0:26.0880,-0.17,-0.12,-2.18,-0.22,0.12,0.32
2024-03-25 17:0:26.0980,0.06,-0.06,-1.71,-0.18,0.14,0.27
2024-03-25 17:0:26.1080,0.14,0.09,-1.47,-0.17,0.14,0.24
2024-03-25 17:0:26.1180,0.03,0.25,-1.25,-0.17,0.12,0.2
2024-03-25 17:0:26.1280,-0.02,0.48,-0.94,-0.17,0.09,0.17
2024-03-25 17:0:26.1380,-0.04,0.69,-0.54,-0.16,0.08,0.16
2024-03-25 17:0:26.1480,-0.02,0.9,0.06,-0.11,0.11,0.14
2024-03-25 17:0:26.1590,0.13,1.02,0.74,-0.04,0.15,0.09
2024-03-25 17:0:26.1680,0.2,1.12,1.25,-0.01,0.19,0.07
2024-03-25 17:0:26.1780,-0.05,1.28,1.58,-0.01,0.21,0.08
2024-03-25 17:0:26.1880,-0.33,1.44,2.05,-0.02,0.17,0.08
2024-03-25 17:0:26.1980,-0.4,1.6,2.57,-0.04,0.07,0.08
2024-03-25 17:0:26.2080,-0.54,1.72,3.05,-0.04,-0.08,0.09
2024-03-25 17:0:26.2180,-0.61,1.82,3.54,-0.03,-0.21,0.1
2024-03-25 17:0:26.2280,-0.5,1.83,3.91,0.02,-0.3,0.08
2024-03-25 17:0:26.2380,-0.25,1.82,4.21,0.08,-0.34,0.03
2024-03-25 17:0:26.2480,0.02,1.82,4.27,0.16,-0.36,-0.03
2024-03-25 17:0:26.2580,0.26,1.83,4.17,0.25,-0.36,-0.11
2024-03-25 17:0:26.2680,0.44,1.87,4.02,0.34,-0.36,-0.24
2024-03-25 17:0:26.2780,0.71,1.96,3.76,0.44,-0.36,-0.38
2024-03-25 17:0:26.2880,0.81,2.14,3.5,0.52,-0.34,-0.5
2024-03-25 17:0:26.2980,0.73,2.42,3.2,0.6,-0.26,-0.54
2024-03-25 17:0:26.3080,0.43,2.66,3.03,0.68,-0.16,-0.45
2024-03-25 17:0:26.3180,0.02,2.55,2.96,0.72,-0.09,-0.26
2024-03-25 17:0:26.3280,-0.29,1.79,2.8,0.8,-0.12,-0.11
2024-03-25 17:0:26.3380,-0.03,0.56,2.72,0.84,-0.16,-0.04
2024-03-25 17:0:26.3480,0.49,-0.82,2.02,0.77,-0.21,-0.03
2024-03-25 17:0:26.3580,0.93,-1.89,0.98,0.69,-0.29,-0.09
2024-03-25 17:0:26.3680,1.32,-2.58,0.49,0.62,-0.32,-0.17
2024-03-25 17:0:26.3780,1.4,-3.02,0.26,0.6,-0.28,-0.21
2024-03-25 17:0:26.3880,1.08,-3.13,0.18,0.59,-0.21,-0.19
2024-03-25 17:0:26.3980,0.64,-3.09,-0.24,0.53,-0.12,-0.14
2024-03-25 17:0:26.4080,0.33,-2.98,-1.02,0.38,-0.04,-0.08
2024-03-25 17:0:26.4180,0.07,-2.84,-1.88,0.19,0.04,-0.01
2024-03-25 17:0:26.4280,-0.2,-2.73,-2.51,-0.04,0.1,0.08
2024-03-25 17:0:26.4380,-0.51,-2.74,-2.82,-0.27,0.12,0.18
2024-03-25 17:0:26.4480,-0.75,-2.82,-2.92,-0.47,0.1,0.26
2024-03-25 17:0:26.4580,-0.68,-2.88,-2.89,-0.63,0.03,0.25
2024-03-25 17:0:26.4680,-0.25,-2.85,-2.92,-0.73,-0.04,0.16
2024-03-25 17:0:26.4780,0.27,-2.51,-2.79,-0.73,-0.07,0.06
2024-03-25 17:0:26.4880,0.44,-2.03,-2.47,-0.66,-0.01,-0.03
2024-03-25 17:0:26.4980,0.46,-1.62,-2.34,-0.59,0.09,-0.1
2024-03-25 17:0:26.5080,0.34,-1.18,-2.59,-0.53,0.17,-0.13
2024-03-25 17:0:26.5180,0.12,-0.73,-2.78,-0.48,0.24,-0.12
2024-03-25 17:0:26.5280,-0.03,-0.29,-2.85,-0.43,0.26,-0.11
2024-03-25 17:0:26.5380,-0.07,0.09,-2.83,-0.35,0.24,-0.11
2024-03-25 17:0:26.5480,0.04,0.33,-2.78,-0.29,0.2,-0.11
2024-03-25 17:0:26.5580,0.13,0.56,-2.95,-0.26,0.17,-0.1
2024-03-25 17:0:26.5680,0.12,0.75,-3.15,-0.23,0.14,-0.05
2024-03-25 17:0:26.5780,0.04,0.85,-2.99,-0.18,0.14,0.03
2024-03-25 17:0:26.5880,0.1,0.93,-2.71,-0.16,0.15,0.12
2024-03-25 17:0:26.5980,0.25,0.91,-2.52,-0.14,0.12,0.18
2024-03-25 17:0:26.6080,0.59,0.82,-2.35,-0.17,0.06,0.21
2024-03-25 17:0:26.6180,0.89,0.68,-2.29,-0.23,0.01,0.24
2024-03-25 17:0:26.6280,1.08,0.51,-2.16,-0.28,-0.02,0.27
2024-03-25 17:0:26.6380,1.23,0.32,-1.77,-0.31,-0.0,0.28
2024-03-25 17:0:26.6480,1.37,0.15,-1.15,-0.29,0.03,0.29
2024-03-25 17:0:26.6580,1.54,0.05,-0.45,-0.25,0.04,0.25
2024-03-25 17:0:26.6680,1.78,0.01,0.06,-0.24,0.01,0.17
2024-03-25 17:0:26.6780,2.06,0.11,0.24,-0.27,-0.05,0.06
2024-03-25 17:0:26.6880,2.15,0.39,0.45,-0.3,-0.04,-0.03
2024-03-25 17:0:26.6980,2.11,0.75,0.92,-0.32,0.06,-0.07
2024-03-25 17:0:26.7080,1.91,1.1,1.45,-0.36,0.23,-0.07
2024-03-25 17:0:26.7190,1.52,1.37,2.06,-0.38,0.41,-0.03
2024-03-25 17:0:26.7280,1.15,1.48,2.95,-0.36,0.52,0.01
2024-03-25 17:0:26.7380,0.74,1.44,4.05,-0.32,0.55,0.04
2024-03-25 17:0:26.7480,0.51,1.38,5.0,-0.25,0.5,0.0
2024-03-25 17:0:26.7580,0.58,1.09,5.79,-0.14,0.4,-0.1
2024-03-25 17:0:26.7680,0.73,0.82,6.55,0.06,0.3,-0.24
2024-03-25 17:0:26.7780,0.66,0.65,7.23,0.34,0.24,-0.36
2024-03-25 17:0:26.7880,0.43,0.71,7.48,0.61,0.2,-0.45
2024-03-25 17:0:26.7980,0.29,1.21,6.92,0.76,0.15,-0.49
2024-03-25 17:0:26.8080,-0.06,1.75,5.61,0.74,0.15,-0.44
2024-03-25 17:0:26.8180,-0.66,2.13,4.4,0.68,0.2,-0.26
2024-03-25 17:0:26.8280,-1.57,2.02,3.96,0.69,0.27,0.04
2024-03-25 17:0:26.8380,-2.25,1.31,4.3,0.84,0.19,0.28
2024-03-25 17:0:26.8480,-1.98,-0.02,4.56,0.97,-0.04,0.33
2024-03-25 17:0:26.8580,-1.04,-1.58,3.39,0.96,-0.3,0.28
2024-03-25 17:0:26.8680,-0.55,-2.63,1.47,0.82,-0.49,0.21
2024-03-25 17:0:26.8780,-0.28,-3.28,-0.09,0.65,-0.52,0.14
2024-03-25 17:0:26.8880,-0.04,-3.69,-0.9,0.54,-0.42,0.08
2024-03-25 17:0:26.8980,-0.06,-3.98,-1.31,0.47,-0.22,0.03
2024-03-25 17:0:26.9080,-0.14,-4.22,-1.6,0.4,0.02,-0.05
2024-03-25 17:0:26.9180,-0.22,-4.32,-2.08,0.28,0.22,-0.11
2024-03-25 17:0:26.9280,-0.48,-4.3,-2.63,0.14,0.31,-0.16
2024-03-25 17:0:26.9380,-0.96,-4.13,-2.82,0.06,0.33,-0.19
2024-03-25 17:0:26.9480,-1.42,-3.77,-2.75,0.0,0.3,-0.21
2024-03-25 17:0:26.9580,-1.83,-3.23,-2.88,-0.05,0.2,-0.2
2024-03-25 17:0:26.9680,-2.04,-2.5,-3.34,-0.14,0.11,-0.15
2024-03-25 17:0:26.9780,-2.2,-1.82,-4.02,-0.25,0.02,-0.08
2024-03-25 17:0:26.9880,-2.23,-1.11,-4.52,-0.39,-0.04,0.01
2024-03-25 17:0:26.9980,-2.18,-0.49,-5.0,-0.51,-0.05,0.12
2024-03-25 17:0:27.0080,-2.1,-0.05,-5.19,-0.59,-0.01,0.24
2024-03-25 17:0:27.0180,-1.99,0.24,-5.0,-0.6,0.09,0.39
2024-03-25 17:0:27.0280,-1.91,0.4,-4.61,-0.55,0.19,0.54
2024-03-25 17:0:27.0380,-1.67,0.46,-4.01,-0.45,0.25,0.63
2024-03-25 17:0:27.0470,-1.22,0.42,-3.54,-0.37,0.27,0.66
2024-03-25 17:0:27.0580,-0.69,0.3,-3.27,-0.33,0.25,0.64
2024-03-25 17:0:27.0680,-0.37,0.32,-3.17,-0.32,0.2,0.64
2024-03-25 17:0:27.0780,-0.19,0.43,-2.91,-0.32,0.13,0.64
2024-03-25 17:0:27.0880,-0.01,0.57,-2.58,-0.33,0.11,0.65
2024-03-25 17:0:27.0970,0.12,0.62,-2.22,-0.33,0.1,0.67
2024-03-25 17:0:27.1080,0.35,0.59,-1.81,-0.31,0.09,0.65
2024-03-25 17:0:27.1180,0.64,0.59,-1.32,-0.3,0.08,0.6
2024-03-25 17:0:27.1270,0.87,0.49,-0.95,-0.3,0.05,0.52
2024-03-25 17:0:27.1370,1.09,0.4,-0.41,-0.25,0.02,0.42
2024-03-25 17:0:27.1480,1.19,0.39,0.29,-0.17,0.01,0.3
2024-03-25 17:0:27.1570,1.19,0.41,0.95,-0.06,0.01,0.18
2024-03-25 17:0:27.1670,1.2,0.48,1.44,0.03,-0.01,0.05
2024-03-25 17:0:27.1770,1.06,0.68,1.74,0.09,-0.03,-0.05
2024-03-25 17:0:27.1870,0.78,0.95,1.82,0.12,-0.04,-0.12
2024-03-25 17:0:27.1970,0.41,1.28,1.87,0.11,-0.04,-0.17
2024-03-25 17:0:27.2070,0.12,1.56,1.9,0.08,-0.02,-0.17
2024-03-25 17:0:27.2170,-0.27,1.83,2.14,0.04,0.01,-0.12
2024-03-25 17:0:27.2270,-0.77,2.07,2.57,-0.0,0.02,-0.05
2024-03-25 17:0:27.2370,-1.01,2.15,3.1,-0.01,-0.01,-0.01
2024-03-25 17:0:27.2470,-0.95,2.05,3.82,0.05,-0.09,-0.03
2024-03-25 17:0:27.2580,-0.84,1.85,4.57,0.16,-0.16,-0.07
2024-03-25 17:0:27.2680,-0.9,1.7,4.96,0.25,-0.28,-0.11
2024-03-25 17:0:27.2780,-1.0,1.74,4.91,0.32,-0.38,-0.15
2024-03-25 17:0:27.2870,-0.88,2.02,4.53,0.31,-0.4,-0.16
2024-03-25 17:0:27.2970,-0.85,2.29,3.8,0.23,-0.31,-0.05
2024-03-25 17:0:27.3070,-1.2,2.01,3.36,0.22,-0.16,0.18
2024-03-25 17:0:27.3170,-1.59,0.98,3.95,0.38,-0.05,0.34
2024-03-25 17:0:27.3270,-1.02,-0.51,4.69,0.55,-0.02,0.34
2024-03-25 17:0:27.3370,0.0,-1.88,4.09,0.63,-0.14,0.26
2024-03-25 17:0:27.3470,0.65,-2.64,2.73,0.59,-0.3,0.1
2024-03-25 17:0:27.3570,1.14,-3.1,1.32,0.48,-0.39,-0.05
2024-03-25 17:0:27.3670,1.29,-3.22,0.36,0.42,-0.33,-0.12
2024-03-25 17:0:27.3770,1.12,-3.09,-0.05,0.41,-0.18,-0.13
2024-03-25 17:0:27.3870,0.84,-2.94,-0.49,0.36,-0.01,-0.11
2024-03-25 17:0:27.3970,0.68,-2.74,-1.3,0.23,0.13,-0.09
2024-03-25 17:0:27.4070,0.52,-2.54,-2.13,0.05,0.27,-0.07
2024-03-25 17:0:27.4170,0.29,-2.39,-2.51,-0.1,0.39,-0.02
2024-03-25 17:0:27.4270,0.02,-2.27,-2.56,-0.26,0.45,0.04
2024-03-25 17:0:27.4370,-0.2,-2.18,-2.67,-0.44,0.42,0.09
2024-03-25 17:0:27.4470,-0.22,-2.03,-2.72,-0.61,0.31,0.1
2024-03-25 17:0:27.4570,-0.02,-1.76,-2.53,-0.71,0.19,0.04
2024-03-25 17:0:27.4670,0.32,-1.43,-2.16,-0.72,0.12,-0.04
2024-03-25 17:0:27.4770,0.56,-1.11,-1.86,-0.65,0.14,-0.1
2024-03-25 17:0:27.4870,0.62,-0.89,-1.63,-0.52,0.22,-0.16
2024-03-25 17:0:27.4970,0.64,-0.66,-1.53,-0.39,0.29,-0.2
2024-03-25 17:0:27.5070,0.54,-0.45,-1.76,-0.3,0.33,-0.2
2024-03-25 17:0:27.5170,0.28,-0.24,-2.09,-0.24,0.31,-0.16
2024-03-25 17:0:27.5270,0.09,-0.02,-2.3,-0.18,0.22,-0.13
2024-03-25 17:0:27.5370,0.11,0.11,-2.47,-0.12,0.12,-0.1
2024-03-25 17:0:27.5470,0.29,0.15,-2.71,-0.08,0.04,-0.1
2024-03-25 17:0:27.5570,0.47,0.14,-3.08,-0.04,-0.02,-0.09
2024-03-25 17:0:27.5670,0.62,0.12,-3.39,-0.02,-0.06,-0.09
2024-03-25 17:0:27.5770,0.76,0.11,-3.68,-0.05,-0.07,-0.06
2024-03-25 17:0:27.5870,0.8,0.14,-3.96,-0.1,-0.05,-0.02
2024-03-25 17:0:27.5970,0.82,0.23,-3.99,-0.16,-0.02,0.04
2024-03-25 17:0:27.6070,0.86,0.34,-3.87,-0.23,0.03,0.12
2024-03-25 17:0:27.6170,0.84,0.37,-3.58,-0.28,0.09,0.21
2024-03-25 17:0:27.6270,0.88,0.25,-2.92,-0.27,0.14,0.26
2024-03-25 17:0:27.6370,1.15,0.19,-2.07,-0.26,0.13,0.27
2024-03-25 17:0:27.6470,1.3,0.1,-1.47,-0.27,0.04,0.23
2024-03-25 17:0:27.6570,1.49,0.17,-0.96,-0.33,-0.13,0.15
2024-03-25 17:0:27.6670,1.6,0.33,-0.68,-0.43,-0.29,0.07
2024-03-25 17:0:27.6770,1.68,0.62,-0.31,-0.49,-0.35,-0.0
2024-03-25 17:0:27.6870,1.8,0.99,0.28,-0.5,-0.26,-0.05
2024-03-25 17:0:27.6970,1.77,1.29,0.87,-0.49,-0.05,-0.05
2024-03-25 17:0:27.7070,1.56,1.57,1.52,-0.46,0.2,-0.03
2024-03-25 17:0:27.7170,1.31,1.74,2.27,-0.43,0.41,-0.01
2024-03-25 17:0:27.7270,1.04,1.71,3.17,-0.39,0.55,-0.02
2024-03-25 17:0:27.7370,0.85,1.61,4.19,-0.33,0.6,-0.07
2024-03-25 17:0:27.7470,0.74,1.42,5.21,-0.26,0.57,-0.15
2024-03-25 17:0:27.7570,0.65,1.28,6.13,-0.16,0.49,-0.23
2024-03-25 17:0:27.7670,0.45,1.18,6.86,-0.04,0.4,-0.3
2024-03-25 17:0:27.7770,0.2,1.11,7.4,0.13,0.29,-0.38
2024-03-25 17:0:27.7870,0.13,1.15,7.63,0.3,0.18,-0.47
2024-03-25 17:0:27.7970,0.02,1.4,7.29,0.38,0.14,-0.47
2024-03-25 17:0:27.8070,-0.56,1.48,6.2,0.38,0.18,-0.36
2024-03-25 17:0:27.8170,-1.21,1.44,5.37,0.44,0.22,-0.18
2024-03-25 17:0:27.8270,-1.58,1.22,5.46,0.63,0.16,-0.01
2024-03-25 17:0:27.8370,-1.41,0.63,5.57,0.84,-0.02,0.06
2024-03-25 17:0:27.8470,-0.88,-0.38,4.53,0.9,-0.23,0.06
2024-03-25 17:0:27.8570,-0.49,-1.4,2.56,0.85,-0.4,0.07
2024-03-25 17:0:27.8670,-0.46,-2.08,1.01,0.77,-0.49,0.07
2024-03-25 17:0:27.8770,-0.3,-2.6,0.05,0.67,-0.47,0.05
2024-03-25 17:0:27.8870,-0.13,-3.05,-0.79,0.57,-0.36,0.03
2024-03-25 17:0:27.8970,-0.15,-3.4,-1.33,0.51,-0.23,-0.01
2024-03-25 17:0:27.9070,-0.25,-3.63,-1.68,0.45,-0.1,-0.07
2024-03-25 17:0:27.9170,-0.39,-3.72,-2.05,0.37,-0.02,-0.14
2024-03-25 17:0:27.9270,-0.62,-3.64,-2.55,0.24,0.01,-0.2
2024-03-25 17:0:27.9370,-0.91,-3.44,-3.1,0.11,-0.0,-0.23
2024-03-25 17:0:27.9470,-1.23,-3.02,-3.48,-0.01,-0.01,-0.2
2024-03-25 17:0:27.9570,-1.63,-2.59,-3.69,-0.12,-0.04,-0.15
2024-03-25 17:0:27.9670,-1.81,-2.05,-3.9,-0.23,-0.08,-0.09
2024-03-25 17:0:27.9770,-1.81,-1.51,-4.22,-0.34,-0.13,-0.02
2024-03-25 17:0:27.9870,-1.75,-0.97,-4.39,-0.43,-0.15,0.05
2024-03-25 17:0:27.9970,-1.61,-0.52,-4.5,-0.49,-0.11,0.13
2024-03-25 17:0:28.0070,-1.44,-0.25,-4.38,-0.5,-0.03,0.2
2024-03-25 17:0:28.0170,-1.27,-0.07,-4.0,-0.47,0.06,0.27
2024-03-25 17:0:28.0270,-1.18,0.03,-3.61,-0.42,0.11,0.34
2024-03-25 17:0:28.0370,-1.07,0.1,-3.3,-0.36,0.11,0.37
2024-03-25 17:0:28.0470,-0.8,0.17,-3.15,-0.33,0.08,0.38
2024-03-25 17:0:28.0570,-0.65,0.2,-3.15,-0.31,0.05,0.4
2024-03-25 17:0:28.0670,-0.56,0.27,-3.03,-0.29,0.01,0.41
2024-03-25 17:0:28.0770,-0.38,0.3,-2.97,-0.3,0.0,0.41
2024-03-25 17:0:28.0870,-0.22,0.28,-2.9,-0.32,0.01,0.38
2024-03-25 17:0:28.0970,-0.06,0.32,-2.67,-0.34,0.02,0.35
2024-03-25 17:0:28.1070,0.02,0.49,-2.24,-0.34,0.04,0.33
2024-03-25 17:0:28.1170,0.04,0.68,-1.75,-0.33,0.07,0.32
2024-03-25 17:0:28.1270,0.06,0.83,-1.24,-0.29,0.1,0.31
2024-03-25 17:0:28.1370,0.08,0.94,-0.7,-0.24,0.14,0.29
2024-03-25 17:0:28.1470,0.17,0.95,-0.21,-0.19,0.19,0.26
2024-03-25 17:0:28.1570,0.2,0.98,0.21,-0.16,0.23,0.25
2024-03-25 17:0:28.1670,0.17,1.05,0.65,-0.11,0.23,0.22
2024-03-25 17:0:28.1770,0.25,1.1,1.16,-0.07,0.21,0.17
2024-03-25 17:0:28.1870,0.31,1.15,1.62,-0.03,0.17,0.11
2024-03-25 17:0:28.1970,0.25,1.19,2.11,0.03,0.12,0.06
2024-03-25 17:0:28.2080,0.09,1.23,2.83,0.11,0.06,0.02
2024-03-25 17:0:28.2170,-0.05,1.25,3.41,0.17,-0.0,-0.01
2024-03-25 17:0:28.2270,-0.21,1.23,3.76,0.21,-0.07,-0.03
2024-03-25 17:0:28.2370,-0.36,1.24,4.0,0.24,-0.13,-0.03
2024-03-25 17:0:28.2470,-0.43,1.16,4.19,0.28,-0.19,-0.03
2024-03-25 17:0:28.2570,-0.43,1.01,4.54,0.39,-0.29,-0.08
2024-03-25 17:0:28.2670,-0.09,0.86,4.95,0.53,-0.42,-0.2
2024-03-25 17:0:28.2770,0.51,0.89,4.89,0.63,-0.53,-0.37
2024-03-25 17:0:28.2870,1.02,1.26,4.19,0.63,-0.53,-0.49
2024-03-25 17:0:28.2970,1.06,1.64,3.32,0.55,-0.4,-0.46
2024-03-25 17:0:28.3070,0.47,1.52,2.89,0.48,-0.17,-0.25
2024-03-25 17:0:28.3170,-0.39,0.7,3.18,0.5,0.0,-0.03
2024-03-25 17:0:28.3270,-0.5,-0.45,3.9,0.55,-0.05,0.02
2024-03-25 17:0:28.3370,0.09,-1.61,3.89,0.55,-0.24,-0.06
2024-03-25 17:0:28.3470,0.61,-2.44,3.16,0.52,-0.42,-0.18
2024-03-25 17:0:28.3570,0.92,-2.79,2.45,0.5,-0.44,-0.31
2024-03-25 17:0:28.3670,1.02,-2.97,1.93,0.53,-0.32,-0.36
2024-03-25 17:0:28.3770,0.78,-2.95,1.53,0.59,-0.15,-0.35
2024-03-25 17:0:28.3870,0.45,-2.83,0.87,0.57,-0.01,-0.33
2024-03-25 17:0:28.3970,0.22,-2.64,-0.12,0.47,0.08,-0.29
2024-03-25 17:0:28.4070,0.0,-2.4,-1.05,0.31,0.11,-0.24
2024-03-25 17:0:28.4170,-0.28,-2.16,-1.72,0.12,0.12,-0.17
2024-03-25 17:0:28.4270,-0.59,-1.99,-2.13,-0.07,0.15,-0.08
2024-03-25 17:0:28.4370,-0.87,-1.91,-2.27,-0.22,0.17,0.01
2024-03-25 17:0:28.4470,-0.98,-1.89,-2.15,-0.3,0.21,0.06
2024-03-25 17:0:28.4570,-0.7,-1.75,-1.94,-0.32,0.19,0.05
2024-03-25 17:0:28.4670,-0.35,-1.42,-1.77,-0.31,0.12,0.03
2024-03-25 17:0:28.4770,-0.21,-1.09,-1.85,-0.27,0.03,-0.01
2024-03-25 17:0:28.4870,-0.03,-0.83,-1.97,-0.19,-0.01,-0.05
2024-03-25 17:0:28.4970,0.16,-0.53,-2.12,-0.11,0.02,-0.08
2024-03-25 17:0:28.5070,0.34,-0.23,-2.61,-0.07,0.09,-0.09
2024-03-25 17:0:28.5170,0.45,0.04,-3.19,-0.05,0.17,-0.07
2024-03-25 17:0:28.5270,0.46,0.28,-3.55,-0.05,0.23,-0.03
2024-03-25 17:0:28.5370,0.44,0.42,-3.69,-0.05,0.26,0.03
2024-03-25 17:0:28.5470,0.41,0.5,-3.72,-0.05,0.26,0.09
2024-03-25 17:0:28.5570,0.44,0.47,-3.75,-0.05,0.23,0.16
2024-03-25 17:0:28.5670,0.47,0.33,-3.68,-0.06,0.2,0.21
2024-03-25 17:0:28.5770,0.63,0.12,-3.6,-0.08,0.17,0.24
2024-03-25 17:0:28.5870,0.91,-0.12,-3.5,-0.11,0.13,0.24
2024-03-25 17:0:28.5970,1.17,-0.33,-3.3,-0.13,0.1,0.24
2024-03-25 17:0:28.6070,1.35,-0.47,-2.91,-0.12,0.11,0.23
2024-03-25 17:0:28.6170,1.54,-0.63,-2.33,-0.08,0.14,0.19
2024-03-25 17:0:28.6270,1.72,-0.68,-1.76,-0.05,0.16,0.18
2024-03-25 17:0:28.6370,1.69,-0.59,-1.41,-0.06,0.13,0.17
2024-03-25 17:0:28.6460,1.68,-0.47,-1.3,-0.11,0.02,0.13
2024-03-25 17:0:28.6570,1.75,-0.27,-1.24,-0.19,-0.1,0.09
2024-03-25 17:0:28.6670,1.83,-0.03,-1.24,-0.31,-0.19,0.04
2024-03-25 17:0:28.6770,1.83,0.25,-1.14,-0.4,-0.19,0.02
2024-03-25 17:0:28.6870,1.81,0.57,-0.74,-0.45,-0.12,0.01
2024-03-25 17:0:28.6960,1.81,0.89,-0.04,-0.44,-0.0,-0.02
2024-03-25 17:0:28.7070,1.95,1.16,0.74,-0.41,0.12,-0.07
2024-03-25 17:0:28.7170,2.08,1.34,1.57,-0.36,0.19,-0.16
2024-03-25 17:0:28.7270,2.15,1.51,2.36,-0.36,0.17,-0.27
2024-03-25 17:0:28.7370,1.96,1.63,2.93,-0.39,0.11,-0.37
2024-03-25 17:0:28.7470,1.61,1.72,3.52,-0.42,0.05,-0.43
2024-03-25 17:0:28.7570,1.18,1.78,4.19,-0.4,0.07,-0.45
2024-03-25 17:0:28.7670,0.9,1.77,4.88,-0.33,0.15,-0.47
2024-03-25 17:0:28.7770,0.9,1.73,5.53,-0.19,0.23,-0.5
2024-03-25 17:0:28.7870,1.08,1.83,6.15,-0.01,0.28,-0.56
2024-03-25 17:0:28.7970,1.25,2.13,6.54,0.12,0.32,-0.62
2024-03-25 17:0:28.8070,0.98,2.25,6.39,0.13,0.37,-0.59
2024-03-25 17:0:28.8160,0.1,1.91,6.02,0.13,0.38,-0.45
2024-03-25 17:0:28.8260,-0.56,1.29,6.47,0.34,0.27,-0.31
2024-03-25 17:0:28.8360,-0.74,0.29,7.43,0.73,0.03,-0.22
2024-03-25 17:0:28.8460,-0.44,-0.98,7.46,0.97,-0.28,-0.29
2024-03-25 17:0:28.8560,0.36,-1.98,5.06,0.88,-0.49,-0.37
2024-03-25 17:0:28.8660,0.58,-2.63,2.09,0.7,-0.56,-0.41
2024-03-25 17:0:28.8760,0.47,-2.95,0.75,0.61,-0.5,-0.44
2024-03-25 17:0:28.8860,0.33,-3.38,0.51,0.66,-0.38,-0.47
2024-03-25 17:0:28.8960,0.08,-3.82,0.4,0.75,-0.3,-0.52
2024-03-25 17:0:28.9070,-0.1,-4.12,-0.19,0.8,-0.29,-0.6
2024-03-25 17:0:28.9170,-0.24,-4.21,-1.33,0.74,-0.33,-0.68
2024-03-25 17:0:28.9260,-0.49,-4.06,-2.66,0.62,-0.37,-0.71
2024-03-25 17:0:28.9360,-0.95,-3.73,-3.6,0.5,-0.36,-0.67
2024-03-25 17:0:28.9460,-1.49,-3.22,-4.07,0.36,-0.3,-0.55
2024-03-25 17:0:28.9570,-2.04,-2.71,-4.59,0.17,-0.24,-0.36
2024-03-25 17:0:28.9660,-2.4,-2.26,-5.1,-0.07,-0.21,-0.18
2024-03-25 17:0:28.9770,-2.39,-1.91,-5.49,-0.31,-0.21,-0.05
2024-03-25 17:0:28.9860,-2.06,-1.58,-5.52,-0.5,-0.23,0.04
2024-03-25 17:0:28.9960,-1.71,-1.27,-5.14,-0.59,-0.23,0.08
2024-03-25 17:0:29.0060,-1.39,-1.04,-4.5,-0.59,-0.2,0.09
2024-03-25 17:0:29.0160,-1.13,-0.89,-3.91,-0.55,-0.13,0.08
2024-03-25 17:0:29.0260,-0.9,-0.8,-3.44,-0.5,-0.07,0.07
2024-03-25 17:0:29.0370,-0.87,-0.66,-3.11,-0.45,-0.02,0.08
2024-03-25 17:0:29.0460,-0.87,-0.43,-2.83,-0.41,-0.01,0.1
2024-03-25 17:0:29.0560,-0.9,-0.14,-2.66,-0.38,-0.03,0.14
2024-03-25 17:0:29.0660,-0.87,0.15,-2.67,-0.39,-0.08,0.18
2024-03-25 17:0:29.0770,-0.71,0.41,-2.86,-0.43,-0.13,0.2
2024-03-25 17:0:29.0860,-0.51,0.58,-3.01,-0.47,-0.14,0.21
2024-03-25 17:0:29.0970,-0.31,0.62,-2.81,-0.47,-0.1,0.21
2024-03-25 17:0:29.1060,-0.02,0.61,-2.26,-0.42,-0.01,0.17
2024-03-25 17:0:29.1170,0.23,0.55,-1.68,-0.34,0.09,0.13
2024-03-25 17:0:29.1260,0.27,0.52,-1.16,-0.25,0.16,0.09
2024-03-25 17:0:29.1370,0.26,0.54,-0.71,-0.17,0.17,0.03
2024-03-25 17:0:29.1460,0.25,0.57,-0.42,-0.12,0.14,-0.02
2024-03-25 17:0:29.1560,0.11,0.66,-0.22,-0.09,0.08,-0.06
2024-03-25 17:0:29.1660,0.07,0.82,-0.04,-0.07,0.04,-0.07
2024-03-25 17:0:29.1760,-0.04,0.93,0.14,-0.04,0.04,-0.05
2024-03-25 17:0:29.1860,-0.21,1.05,0.54,0.0,0.05,-0.04
2024-03-25 17:0:29.1960,-0.21,1.12,0.9,0.01,0.08,-0.04
2024-03-25 17:0:29.2060,-0.22,1.17,1.1,0.01,0.11,-0.03
2024-03-25 17:0:29.2160,-0.25,1.19,1.59,0.05,0.12,-0.07
2024-03-25 17:0:29.2260,-0.18,1.18,2.36,0.08,0.09,-0.11
2024-03-25 17:0:29.2360,-0.32,1.27,3.0,0.1,0.02,-0.12
2024-03-25 17:0:29.2460,-0.51,1.4,3.48,0.09,-0.07,-0.11
2024-03-25 17:0:29.2560,-0.59,1.46,3.86,0.08,-0.2,-0.08
2024-03-25 17:0:29.2660,-0.7,1.42,4.24,0.07,-0.32,-0.05
2024-03-25 17:0:29.2760,-0.66,1.27,4.52,0.09,-0.41,-0.06
2024-03-25 17:0:29.2860,-0.42,1.03,4.79,0.17,-0.46,-0.14
2024-03-25 17:0:29.2960,-0.1,0.93,5.07,0.31,-0.48,-0.26
2024-03-25 17:0:29.3060,0.21,1.07,5.17,0.44,-0.47,-0.41
2024-03-25 17:0:29.3160,0.44,1.5,4.69,0.5,-0.37,-0.48
2024-03-25 17:0:29.3260,0.28,1.85,3.86,0.51,-0.2,-0.38
2024-03-25 17:0:29.3360,-0.37,1.8,3.57,0.59,-0.08,-0.16
2024-03-25 17:0:29.3460,-0.78,0.94,3.78,0.66,-0.02,-0.04
2024-03-25 17:0:29.3560,-0.16,-0.3,3.25,0.63,-0.11,-0.02
2024-03-25 17:0:29.3660,0.46,-1.36,2.18,0.58,-0.22,-0.04
2024-03-25 17:0:29.3760,0.79,-2.08,1.56,0.53,-0.3,-0.12
2024-03-25 17:0:29.3860,1.1,-2.73,1.01,0.51,-0.28,-0.21
2024-03-25 17:0:29.3960,1.15,-3.09,0.61,0.52,-0.18,-0.28
2024-03-25 17:0:29.4060,0.94,-3.28,0.21,0.54,-0.06,-0.31
2024-03-25 17:0:29.4160,0.49,-3.31,-0.36,0.51,0.06,-0.31
2024-03-25 17:0:29.4260,0.13,-3.19,-1.14,0.43,0.14,-0.28
2024-03-25 17:0:29.4360,-0.19,-2.88,-2.04,0.27,0.2,-0.23
2024-03-25 17:0:29.4460,-0.49,-2.62,-2.86,0.07,0.2,-0.17
2024-03-25 17:0:29.4560,-0.75,-2.35,-3.5,-0.19,0.17,-0.09
2024-03-25 17:0:29.4660,-0.98,-2.04,-3.94,-0.44,0.13,-0.02
2024-03-25 17:0:29.4760,-0.88,-1.67,-3.88,-0.62,0.13,0.02
2024-03-25 17:0:29.4860,-0.63,-1.31,-3.35,-0.69,0.2,0.06
2024-03-25 17:0:29.4960,-0.34,-1.02,-2.61,-0.64,0.32,0.06
2024-03-25 17:0:29.5060,0.07,-0.93,-1.86,-0.53,0.41,0.01
2024-03-25 17:0:29.5160,0.43,-0.89,-1.4,-0.42,0.45,-0.06
2024-03-25 17:0:29.5260,0.63,-0.75,-1.32,-0.36,0.44,-0.11
2024-03-25 17:0:29.5360,0.62,-0.52,-1.5,-0.33,0.39,-0.12
2024-03-25 17:0:29.5460,0.41,-0.28,-1.55,-0.29,0.33,-0.08
2024-03-25 17:0:29.5560,0.29,-0.05,-1.47,-0.23,0.28,-0.04
2024-03-25 17:0:29.5660,0.41,0.06,-1.58,-0.19,0.22,-0.01
2024-03-25 17:0:29.5760,0.67,0.14,-1.92,-0.16,0.17,-0.0
2024-03-25 17:0:29.5860,0.91,0.21,-2.27,-0.13,0.14,0.01
2024-03-25 17:0:29.5960,1.1,0.3,-2.48,-0.11,0.12,0.04
2024-03-25 17:0:29.6060,1.22,0.36,-2.69,-0.1,0.1,0.07
2024-03-25 17:0:29.6160,1.35,0.32,-2.84,-0.12,0.08,0.11
2024-03-25 17:0:29.6260,1.45,0.27,-2.87,-0.14,0.07,0.15
2024-03-25 17:0:29.6360,1.57,0.17,-2.73,-0.15,0.05,0.18
2024-03-25 17:0:29.6460,1.76,0.03,-2.37,-0.14,0.02,0.17
2024-03-25 17:0:29.6560,1.94,-0.15,-2.1,-0.15,-0.03,0.12
2024-03-25 17:0:29.6660,2.18,-0.3,-1.92,-0.16,-0.08,0.03
2024-03-25 17:0:29.6760,2.34,-0.28,-1.82,-0.21,-0.12,-0.04
2024-03-25 17:0:29.6860,2.23,-0.21,-1.76,-0.25,-0.14,-0.08
2024-03-25 17:0:29.6960,2.03,-0.04,-1.37,-0.27,-0.13,-0.1
2024-03-25 17:0:29.7060,1.87,0.13,-0.87,-0.26,-0.09,-0.12
2024-03-25 17:0:29.7160,1.91,0.33,-0.33,-0.25,-0.07,-0.18
2024-03-25 17:0:29.7260,2.05,0.56,-0.02,-0.27,-0.06,-0.25
2024-03-25 17:0:29.7360,2.05,0.8,0.18,-0.31,-0.03,-0.33
2024-03-25 17:0:29.7460,2.02,1.02,0.59,-0.3,0.05,-0.4
2024-03-25 17:0:29.7560,1.93,1.19,1.34,-0.28,0.15,-0.43
2024-03-25 17:0:29.7660,1.76,1.28,2.05,-0.3,0.19,-0.44
2024-03-25 17:0:29.7760,1.55,1.3,2.53,-0.38,0.18,-0.4
2024-03-25 17:0:29.7860,1.5,1.09,3.02,-0.44,0.16,-0.39
2024-03-25 17:0:29.7960,1.77,0.78,3.8,-0.46,0.13,-0.45
2024-03-25 17:0:29.8060,1.96,0.3,4.66,-0.37,0.08,-0.6
2024-03-25 17:0:29.8160,1.99,-0.06,5.74,-0.16,0.02,-0.8
2024-03-25 17:0:29.8260,1.88,-0.08,6.66,0.08,-0.09,-1.01
2024-03-25 17:0:29.8360,1.28,0.57,6.82,0.23,-0.2,-1.12
2024-03-25 17:0:29.8460,0.22,1.39,6.14,0.23,-0.31,-1.11
2024-03-25 17:0:29.8560,-1.39,2.23,5.26,0.29,-0.16,-0.89
2024-03-25 17:0:29.8660,-2.74,2.24,5.43,0.5,0.04,-0.53
2024-03-25 17:0:29.8760,-3.74,1.91,5.87,0.68,0.07,-0.16
2024-03-25 17:0:29.8860,-3.95,0.78,5.19,0.75,-0.11,0.0
2024-03-25 17:0:29.8960,-2.97,-0.55,3.45,0.65,-0.37,0.08
2024-03-25 17:0:29.9060,-2.43,-1.71,1.58,0.49,-0.52,0.1
2024-03-25 17:0:29.9160,-1.95,-2.47,0.5,0.37,-0.55,0.06
2024-03-25 17:0:29.9260,-1.45,-3.2,0.06,0.4,-0.38,-0.03
2024-03-25 17:0:29.9360,-1.23,-3.68,0.02,0.47,-0.19,-0.1
2024-03-25 17:0:29.9460,-1.52,-3.78,-0.46,0.52,-0.07,-0.19
2024-03-25 17:0:29.9560,-1.89,-3.59,-1.16,0.52,-0.02,-0.22
2024-03-25 17:0:29.9660,-2.46,-3.33,-1.99,0.49,0.08,-0.18
2024-03-25 17:0:29.9760,-2.92,-2.88,-2.77,0.39,0.13,-0.07
2024-03-25 17:0:29.9860,-3.25,-2.37,-3.64,0.17,0.11,0.09
2024-03-25 17:0:29.9960,-3.38,-1.89,-4.45,-0.1,0.05,0.26
2024-03-25 17:0:30.0060,-3.13,-1.51,-4.75,-0.35,-0.03,0.4
2024-03-25 17:0:30.0160,-2.68,-1.23,-4.59,-0.53,-0.09,0.52
2024-03-25 17:0:30.0260,-2.15,-1.1,-4.06,-0.6,-0.07,0.6
2024-03-25 17:0:30.0360,-1.48,-1.07,-3.18,-0.53,0.02,0.62
2024-03-25 17:0:30.0460,-0.72,-1.25,-2.24,-0.36,0.15,0.56
2024-03-25 17:0:30.0560,0.01,-1.42,-1.35,-0.15,0.23,0.45
2024-03-25 17:0:30.0660,0.35,-1.26,-1.01,-0.01,0.31,0.38
2024-03-25 17:0:30.0760,0.35,-0.99,-1.24,0.03,0.35,0.35
2024-03-25 17:0:30.0860,0.29,-0.68,-1.57,0.01,0.32,0.36
2024-03-25 17:0:30.0960,0.12,-0.33,-1.67,-0.04,0.17,0.4
2024-03-25 17:0:30.1060,0.01,0.01,-1.71,-0.14,-0.05,0.44
2024-03-25 17:0:30.1160,0.09,0.27,-1.85,-0.23,-0.24,0.46
2024-03-25 17:0:30.1260,0.42,0.42,-1.94,-0.26,-0.31,0.45
2024-03-25 17:0:30.1360,0.82,0.41,-1.87,-0.23,-0.25,0.42
2024-03-25 17:0:30.1460,1.13,0.42,-1.7,-0.15,-0.1,0.37
2024-03-25 17:0:30.1560,1.28,0.45,-1.51,-0.05,0.05,0.29
2024-03-25 17:0:30.1660,1.41,0.5,-1.31,0.02,0.14,0.2
2024-03-25 17:0:30.1760,1.3,0.55,-1.29,0.06,0.18,0.11
2024-03-25 17:0:30.1860,0.97,0.69,-1.2,0.09,0.18,0.04
2024-03-25 17:0:30.1960,0.63,0.82,-1.05,0.11,0.18,0.03
2024-03-25 17:0:30.2060,0.09,0.89,-0.7,0.15,0.15,0.07
2024-03-25 17:0:30.2160,-0.29,1.11,-0.32,0.19,0.08,0.12
2024-03-25 17:0:30.2260,-0.46,1.17,-0.19,0.19,0.0,0.14
2024-03-25 17:0:30.2360,-0.28,1.09,-0.14,0.18,-0.09,0.09
2024-03-25 17:0:30.2460,-0.08,1.02,-0.16,0.1,-0.16,0.04
2024-03-25 17:0:30.2560,-0.06,1.02,-0.23,0.05,-0.15,0.02
2024-03-25 17:0:30.2660,-0.16,1.0,0.21,0.03,-0.05,0.03
2024-03-25 17:0:30.2760,-0.19,0.93,0.83,0.02,0.08,0.04
2024-03-25 17:0:30.2860,-0.24,0.92,1.45,0.01,0.16,0.05
2024-03-25 17:0:30.2960,-0.34,0.89,2.1,0.01,0.2,0.03
2024-03-25 17:0:30.3060,-0.39,0.78,2.65,0.02,0.19,-0.02
2024-03-25 17:0:30.3160,-0.52,0.72,3.26,0.07,0.1,-0.1
2024-03-25 17:0:30.3260,-0.6,0.63,3.81,0.18,-0.06,-0.22
2024-03-25 17:0:30.3360,-0.56,0.67,4.21,0.32,-0.27,-0.35
2024-03-25 17:0:30.3460,-0.45,0.97,4.21,0.42,-0.41,-0.47
2024-03-25 17:0:30.3560,-0.29,1.49,3.57,0.44,-0.46,-0.53
2024-03-25 17:0:30.3660,-0.24,2.05,2.62,0.36,-0.38,-0.48
2024-03-25 17:0:30.3760,-0.34,2.34,2.04,0.25,-0.2,-0.3
2024-03-25 17:0:30.3860,-0.7,2.24,2.11,0.18,-0.05,0.02
2024-03-25 17:0:30.3960,-1.04,1.42,2.79,0.21,-0.0,0.26
2024-03-25 17:0:30.4060,-0.53,-0.03,3.34,0.24,-0.0,0.34
2024-03-25 17:0:30.4160,0.37,-1.53,3.12,0.27,-0.1,0.3
2024-03-25 17:0:30.4260,0.91,-2.61,2.85,0.33,-0.28,0.14
2024-03-25 17:0:30.4360,1.44,-3.39,2.39,0.39,-0.46,-0.06
2024-03-25 17:0:30.4460,1.57,-3.8,1.56,0.43,-0.55,-0.24
2024-03-25 17:0:30.4560,1.48,-3.71,0.47,0.43,-0.52,-0.35
2024-03-25 17:0:30.4660,1.21,-3.28,-0.89,0.41,-0.39,-0.4
2024-03-25 17:0:30.4760,0.91,-2.67,-2.05,0.29,-0.2,-0.39
2024-03-25 17:0:30.4850,0.55,-2.17,-3.19,0.08,-0.03,-0.34
2024-03-25 17:0:30.4960,0.14,-1.76,-4.09,-0.24,0.05,-0.28
2024-03-25 17:0:30.5050,-0.23,-1.5,-4.52,-0.46,0.12,-0.23
2024-03-25 17:0:30.5160,-0.5,-1.27,-3.66,-0.52,0.23,-0.18
2024-03-25 17:0:30.5260,-0.56,-1.06,-2.36,-0.46,0.36,-0.17
2024-03-25 17:0:30.5350,-0.47,-0.76,-1.52,-0.36,0.45,-0.18
2024-03-25 17:0:30.5460,-0.41,-0.58,-1.07,-0.24,0.47,-0.21
2024-03-25 17:0:30.5560,-0.35,-0.36,-0.8,-0.15,0.39,-0.23
2024-03-25 17:0:30.5660,-0.41,-0.17,-0.92,-0.11,0.31,-0.24
2024-03-25 17:0:30.5750,-0.46,-0.03,-1.24,-0.07,0.22,-0.22
2024-03-25 17:0:30.5870,-0.51,0.14,-1.47,-0.03,0.14,-0.18
2024-03-25 17:0:30.5960,-0.55,0.28,-1.74,0.0,0.1,-0.13
2024-03-25 17:0:30.6060,-0.46,0.36,-2.13,0.02,0.07,-0.08
2024-03-25 17:0:30.6150,-0.34,0.33,-2.66,0.0,0.05,-0.03
2024-03-25 17:0:30.6250,-0.21,0.35,-3.16,-0.03,0.04,0.02
2024-03-25 17:0:30.6350,-0.03,0.37,-3.56,-0.08,0.07,0.06
2024-03-25 17:0:30.6450,0.08,0.36,-3.77,-0.12,0.15,0.12
2024-03-25 17:0:30.6550,0.19,0.3,-3.69,-0.15,0.24,0.18
2024-03-25 17:0:30.6650,0.19,0.23,-3.39,-0.17,0.31,0.24
2024-03-25 17:0:30.6760,0.22,0.15,-2.95,-0.19,0.32,0.29
2024-03-25 17:0:30.6850,0.28,0.03,-2.52,-0.22,0.26,0.32
2024-03-25 17:0:30.6950,0.36,-0.02,-1.98,-0.23,0.16,0.33
2024-03-25 17:0:30.7050,0.48,-0.12,-1.51,-0.25,0.06,0.31
2024-03-25 17:0:30.7160,0.77,-0.12,-1.18,-0.28,0.0,0.26
2024-03-25 17:0:30.7250,1.08,-0.13,-0.85,-0.26,0.0,0.19
2024-03-25 17:0:30.7360,1.31,0.0,-0.18,-0.22,0.03,0.12
2024-03-25 17:0:30.7460,1.4,0.29,0.3,-0.19,0.05,0.06
2024-03-25 17:0:30.7550,1.36,0.7,0.63,-0.17,0.07,0.03
2024-03-25 17:0:30.7660,1.21,1.15,0.95,-0.14,0.1,0.02
2024-03-25 17:0:30.7750,1.05,1.58,1.32,-0.15,0.13,0.02
2024-03-25 17:0:30.7850,0.88,1.93,1.62,-0.17,0.17,0.05
2024-03-25 17:0:30.7960,0.67,2.19,2.09,-0.18,0.2,0.08
2024-03-25 17:0:30.8050,0.58,2.24,2.7,-0.19,0.23,0.1
2024-03-25 17:0:30.8150,0.61,2.05,3.46,-0.14,0.24,0.06
2024-03-25 17:0:30.8250,0.8,1.72,4.4,-0.02,0.24,-0.03
2024-03-25 17:0:30.8350,1.05,1.44,5.28,0.13,0.2,-0.15
2024-03-25 17:0:30.8450,1.11,1.28,5.76,0.27,0.15,-0.27
2024-03-25 17:0:30.8550,1.09,1.32,5.85,0.37,0.11,-0.35
2024-03-25 17:0:30.8650,0.8,1.5,5.6,0.39,0.11,-0.33
2024-03-25 17:0:30.8750,0.18,1.55,5.09,0.36,0.19,-0.2
2024-03-25 17:0:30.8850,-0.68,1.26,4.87,0.32,0.3,0.03
2024-03-25 17:0:30.8950,-1.34,0.53,5.04,0.4,0.29,0.2
2024-03-25 17:0:30.9050,-1.17,-0.62,5.56,0.59,0.1,0.2
2024-03-25 17:0:30.9150,-0.63,-1.94,5.46,0.75,-0.2,0.1
2024-03-25 17:0:30.9250,-0.33,-2.76,4.12,0.75,-0.47,-0.03
2024-03-25 17:0:30.9350,-0.13,-3.22,2.09,0.64,-0.61,-0.13
2024-03-25 17:0:30.9450,-0.21,-3.43,0.68,0.56,-0.58,-0.16
2024-03-25 17:0:30.9550,-0.45,-3.47,0.2,0.52,-0.45,-0.13
2024-03-25 17:0:30.9650,-0.73,-3.52,-0.19,0.47,-0.29,-0.1
2024-03-25 17:0:30.9750,-0.93,-3.56,-0.86,0.39,-0.19,-0.08
2024-03-25 17:0:30.9850,-1.17,-3.57,-1.59,0.25,-0.14,-0.06
2024-03-25 17:0:30.9950,-1.42,-3.47,-2.34,0.07,-0.16,-0.05
2024-03-25 17:0:31.0050,-1.61,-3.29,-2.93,-0.1,-0.23,-0.04
2024-03-25 17:0:31.0150,-1.78,-3.09,-3.27,-0.25,-0.3,-0.05
2024-03-25 17:0:31.0250,-1.75,-2.87,-3.47,-0.39,-0.32,-0.05
2024-03-25 17:0:31.0370,-1.71,-2.53,-3.62,-0.47,-0.29,-0.03
2024-03-25 17:0:31.0450,-1.78,-2.01,-3.54,-0.5,-0.2,0.02
2024-03-25 17:0:31.0550,-1.85,-1.46,-3.51,-0.52,-0.09,0.09
2024-03-25 17:0:31.0650,-1.95,-0.95,-3.63,-0.54,0.03,0.2
2024-03-25 17:0:31.0750,-2.03,-0.58,-3.64,-0.53,0.13,0.32
2024-03-25 17:0:31.0850,-1.99,-0.35,-3.38,-0.49,0.19,0.42
2024-03-25 17:0:31.0950,-1.77,-0.25,-3.1,-0.43,0.18,0.47
2024-03-25 17:0:31.1050,-1.43,-0.18,-2.95,-0.37,0.12,0.49
2024-03-25 17:0:31.1150,-1.07,-0.03,-2.9,-0.33,0.06,0.49
2024-03-25 17:0:31.1250,-0.78,0.14,-3.02,-0.33,0.03,0.5
2024-03-25 17:0:31.1350,-0.64,0.35,-3.12,-0.33,0.05,0.54
2024-03-25 17:0:31.1450,-0.58,0.57,-3.08,-0.33,0.09,0.6
2024-03-25 17:0:31.1550,-0.48,0.7,-2.91,-0.34,0.13,0.65
2024-03-25 17:0:31.1650,-0.34,0.8,-2.71,-0.35,0.15,0.7
2024-03-25 17:0:31.1750,-0.16,0.8,-2.52,-0.38,0.15,0.72
2024-03-25 17:0:31.1850,0.13,0.72,-2.24,-0.4,0.14,0.71
2024-03-25 17:0:31.1950,0.34,0.51,-1.76,-0.36,0.14,0.65
2024-03-25 17:0:31.2050,0.7,0.29,-0.91,-0.28,0.16,0.53
2024-03-25 17:0:31.2150,1.12,0.18,-0.16,-0.2,0.19,0.39
2024-03-25 17:0:31.2250,1.19,0.15,0.36,-0.11,0.18,0.26
2024-03-25 17:0:31.2350,0.98,0.34,0.87,-0.04,0.14,0.17
2024-03-25 17:0:31.2450,0.67,0.59,1.15,0.0,0.09,0.13
2024-03-25 17:0:31.2550,0.35,0.86,1.28,0.01,0.04,0.11
2024-03-25 17:0:31.2650,0.11,1.19,1.35,-0.01,-0.02,0.1
2024-03-25 17:0:31.2750,-0.03,1.45,1.4,-0.06,-0.09,0.09
2024-03-25 17:0:31.2850,-0.11,1.7,1.59,-0.13,-0.12,0.1
2024-03-25 17:0:31.2950,-0.16,1.83,1.89,-0.16,-0.11,0.11
2024-03-25 17:0:31.3050,-0.09,1.75,2.57,-0.14,-0.07,0.08
2024-03-25 17:0:31.3150,0.11,1.55,3.46,-0.07,-0.05,0.02
2024-03-25 17:0:31.3250,0.2,1.35,4.25,0.01,-0.07,-0.07
2024-03-25 17:0:31.3350,0.29,1.17,4.63,0.09,-0.12,-0.16
2024-03-25 17:0:31.3450,0.31,1.11,4.85,0.19,-0.22,-0.29
2024-03-25 17:0:31.3550,0.48,1.28,5.0,0.28,-0.3,-0.44
2024-03-25 17:0:31.3650,0.57,1.65,4.71,0.31,-0.28,-0.52
2024-03-25 17:0:31.3750,0.29,1.96,4.17,0.31,-0.13,-0.44
2024-03-25 17:0:31.3850,-0.52,1.83,4.05,0.42,0.04,-0.23
2024-03-25 17:0:31.3950,-1.22,1.17,4.6,0.59,0.11,-0.06
2024-03-25 17:0:31.4050,-1.09,0.23,4.69,0.71,0.03,-0.02
2024-03-25 17:0:31.4150,-0.46,-0.8,3.72,0.75,-0.13,-0.05
2024-03-25 17:0:31.4250,-0.02,-1.51,2.52,0.75,-0.29,-0.15
2024-03-25 17:0:31.4350,0.45,-1.92,1.46,0.73,-0.37,-0.24
2024-03-25 17:0:31.4450,0.65,-2.14,0.5,0.73,-0.35,-0.28
2024-03-25 17:0:31.4550,0.59,-2.08,-0.21,0.72,-0.27,-0.27
2024-03-25 17:0:31.4650,0.41,-1.98,-0.97,0.67,-0.17,-0.21
2024-03-25 17:0:31.4750,0.28,-1.87,-1.78,0.57,-0.07,-0.14
2024-03-25 17:0:31.4850,0.18,-1.69,-2.49,0.4,0.03,-0.05
2024-03-25 17:0:31.4950,0.16,-1.49,-3.1,0.17,0.14,0.04
2024-03-25 17:0:31.5050,0.04,-1.44,-3.57,-0.08,0.24,0.14
2024-03-25 17:0:31.5150,-0.17,-1.55,-3.53,-0.28,0.3,0.26
2024-03-25 17:0:31.5250,-0.34,-1.77,-3.04,-0.43,0.28,0.34
2024-03-25 17:0:31.5350,-0.24,-2.05,-2.38,-0.52,0.21,0.37
2024-03-25 17:0:31.5450,0.16,-2.28,-1.9,-0.55,0.1,0.32
2024-03-25 17:0:31.5550,0.71,-2.28,-1.51,-0.49,0.02,0.21
2024-03-25 17:0:31.5650,1.21,-2.04,-1.2,-0.4,-0.01,0.09
2024-03-25 17:0:31.5750,1.53,-1.7,-1.3,-0.32,0.02,-0.01
2024-03-25 17:0:31.5850,1.57,-1.26,-1.72,-0.27,0.07,-0.07
2024-03-25 17:0:31.5950,1.41,-0.76,-2.13,-0.24,0.14,-0.07
2024-03-25 17:0:31.6050,1.09,-0.23,-2.45,-0.24,0.19,-0.02
2024-03-25 17:0:31.6150,0.82,0.18,-2.61,-0.25,0.19,0.04
2024-03-25 17:0:31.6250,0.77,0.39,-2.77,-0.27,0.16,0.09
2024-03-25 17:0:31.6350,0.82,0.5,-2.79,-0.3,0.11,0.14
2024-03-25 17:0:31.6450,0.84,0.47,-2.76,-0.32,0.09,0.18
2024-03-25 17:0:31.6550,0.98,0.33,-2.49,-0.28,0.07,0.18
2024-03-25 17:0:31.6650,1.25,0.13,-2.1,-0.25,0.08,0.15
2024-03-25 17:0:31.6750,1.43,-0.03,-1.9,-0.21,0.08,0.12
2024-03-25 17:0:31.6850,1.45,-0.08,-1.81,-0.18,0.08,0.11
2024-03-25 17:0:31.6950,1.4,-0.1,-1.58,-0.15,0.07,0.1
2024-03-25 17:0:31.7050,1.33,-0.09,-1.39,-0.15,0.06,0.1
2024-03-25 17:0:31.7150,1.23,-0.08,-1.3,-0.18,0.05,0.1
2024-03-25 17:0:31.7250,1.08,-0.09,-1.09,-0.22,0.01,0.1
2024-03-25 17:0:31.7350,1.04,-0.09,-0.61,-0.22,-0.06,0.04
2024-03-25 17:0:31.7450,1.22,-0.11,0.07,-0.16,-0.12,-0.06
2024-03-25 17:0:31.7550,1.53,-0.12,0.89,-0.04,-0.12,-0.22
2024-03-25 17:0:31.7650,2.02,-0.02,1.53,0.06,-0.06,-0.39
2024-03-25 17:0:31.7750,2.16,0.26,1.66,0.1,0.07,-0.51
2024-03-25 17:0:31.7850,1.84,0.65,1.65,0.1,0.23,-0.54
2024-03-25 17:0:31.7950,1.2,1.08,1.84,0.06,0.38,-0.49
2024-03-25 17:0:31.8050,0.45,1.43,2.21,-0.0,0.47,-0.39
2024-03-25 17:0:31.8150,-0.23,1.59,2.8,-0.04,0.45,-0.27
2024-03-25 17:0:31.8250,-0.67,1.56,3.66,-0.01,0.31,-0.22
2024-03-25 17:0:31.8350,-0.64,1.34,4.62,0.1,0.14,-0.27
2024-03-25 17:0:31.8450,-0.13,1.03,5.29,0.23,0.01,-0.4
2024-03-25 17:0:31.8550,0.27,0.88,5.49,0.39,-0.04,-0.53
2024-03-25 17:0:31.8650,0.26,1.01,5.44,0.54,-0.04,-0.59
2024-03-25 17:0:31.8750,-0.08,1.41,5.25,0.66,0.01,-0.6
2024-03-25 17:0:31.8850,-0.54,1.75,4.88,0.67,0.12,-0.49
2024-03-25 17:0:31.8950,-1.42,1.95,4.29,0.69,0.28,-0.21
2024-03-25 17:0:31.9050,-2.61,1.87,4.44,0.79,0.35,0.17
2024-03-25 17:0:31.9150,-3.42,1.24,4.95,0.97,0.2,0.45
2024-03-25 17:0:31.9250,-3.06,0.17,4.86,1.05,-0.1,0.56
2024-03-25 17:0:31.9350,-2.25,-1.15,3.53,1.04,-0.48,0.58
2024-03-25 17:0:31.9450,-1.82,-1.97,2.26,0.96,-0.84,0.55
2024-03-25 17:0:31.9550,-1.31,-2.58,0.84,0.82,-1.0,0.5
2024-03-25 17:0:31.9650,-0.89,-3.06,-0.32,0.71,-0.95,0.46
2024-03-25 17:0:31.9750,-0.47,-3.4,-1.02,0.64,-0.76,0.39
2024-03-25 17:0:31.9850,-0.07,-3.61,-1.68,0.55,-0.47,0.29
2024-03-25 17:0:31.9950,0.2,-3.7,-2.41,0.44,-0.19,0.17
2024-03-25 17:0:32.0050,0.3,-3.68,-3.19,0.29,0.06,0.02
2024-03-25 17:0:32.0150,0.29,-3.53,-3.82,0.13,0.29,-0.12
2024-03-25 17:0:32.0250,0.13,-3.1,-4.08,0.01,0.4,-0.2
2024-03-25 17:0:32.0350,-0.32,-2.5,-4.01,-0.1,0.36,-0.23
2024-03-25 17:0:32.0450,-0.6,-1.95,-4.07,-0.24,0.25,-0.23
2024-03-25 17:0:32.0550,-0.7,-1.5,-4.29,-0.37,0.12,-0.2
2024-03-25 17:0:32.0650,-0.67,-1.13,-4.51,-0.49,0.03,-0.15
2024-03-25 17:0:32.0750,-0.64,-0.87,-4.58,-0.55,0.03,-0.07
2024-03-25 17:0:32.0850,-0.6,-0.58,-4.39,-0.56,0.09,0.06
2024-03-25 17:0:32.0950,-0.69,-0.32,-4.19,-0.57,0.15,0.19
2024-03-25 17:0:32.1050,-0.65,-0.08,-4.18,-0.61,0.17,0.32
2024-03-25 17:0:32.1150,-0.54,0.0,-4.29,-0.67,0.17,0.43
2024-03-25 17:0:32.1250,-0.26,-0.04,-4.18,-0.66,0.14,0.47
2024-03-25 17:0:32.1350,0.11,-0.19,-3.55,-0.57,0.08,0.45
2024-03-25 17:0:32.1450,0.48,-0.27,-2.78,-0.46,0.01,0.4
2024-03-25 17:0:32.1550,0.76,-0.27,-2.35,-0.37,-0.07,0.31
2024-03-25 17:0:32.1650,0.97,-0.19,-2.21,-0.34,-0.13,0.23
2024-03-25 17:0:32.1750,1.04,0.04,-2.38,-0.39,-0.15,0.21
2024-03-25 17:0:32.1850,0.8,0.22,-2.47,-0.46,-0.12,0.23
2024-03-25 17:0:32.1940,0.65,0.49,-2.12,-0.49,-0.05,0.27
2024-03-25 17:0:32.2050,0.65,0.59,-1.46,-0.48,0.02,0.26
2024-03-25 17:0:32.2150,0.85,0.54,-0.82,-0.46,0.09,0.21
2024-03-25 17:0:32.2250,1.02,0.45,-0.41,-0.42,0.14,0.13
2024-03-25 17:0:32.2350,1.05,0.32,0.24,-0.32,0.14,-0.02
2024-03-25 17:0:32.2450,1.2,0.21,1.09,-0.2,0.12,-0.2
2024-03-25 17:0:32.2550,1.1,0.14,1.8,-0.08,0.07,-0.35
2024-03-25 17:0:32.2650,0.74,0.21,2.46,0.02,0.01,-0.48
2024-03-25 17:0:32.2750,0.34,0.48,2.82,0.06,-0.03,-0.54
2024-03-25 17:0:32.2840,-0.22,0.82,2.9,0.06,-0.04,-0.54
2024-03-25 17:0:32.2950,-0.69,1.25,3.06,0.04,-0.05,-0.51
2024-03-25 17:0:32.3050,-1.06,1.6,3.27,0.03,-0.06,-0.46
2024-03-25 17:0:32.3150,-1.26,1.86,3.44,0.01,-0.08,-0.41
2024-03-25 17:0:32.3250,-1.37,1.96,3.73,0.04,-0.13,-0.38
2024-03-25 17:0:32.3350,-1.5,1.83,4.08,0.13,-0.21,-0.39
2024-03-25 17:0:32.3450,-1.38,1.71,4.51,0.25,-0.33,-0.45
2024-03-25 17:0:32.3550,-1.03,1.76,4.51,0.33,-0.43,-0.58
2024-03-25 17:0:32.3640,-0.48,2.06,3.96,0.33,-0.46,-0.71
2024-03-25 17:0:32.3740,-0.16,2.62,3.29,0.26,-0.32,-0.73
2024-03-25 17:0:32.3840,-0.44,2.88,2.99,0.18,-0.03,-0.54
2024-03-25 17:0:32.3940,-1.4,2.66,3.53,0.23,0.23,-0.22
2024-03-25 17:0:32.4040,-1.97,1.72,4.86,0.39,0.3,0.0
2024-03-25 17:0:32.4150,-1.64,0.29,5.63,0.53,0.17,0.09
2024-03-25 17:0:32.4240,-1.01,-1.15,5.18,0.59,-0.11,0.04
2024-03-25 17:0:32.4340,-0.18,-2.05,4.21,0.59,-0.36,-0.11
2024-03-25 17:0:32.4440,0.55,-2.69,3.18,0.58,-0.46,-0.25
2024-03-25 17:0:32.4550,0.84,-2.95,2.39,0.63,-0.35,-0.32
2024-03-25 17:0:32.4640,0.63,-3.03,1.8,0.72,-0.16,-0.3
2024-03-25 17:0:32.4740,0.28,-2.99,1.16,0.77,-0.01,-0.26
2024-03-25 17:0:32.4840,0.01,-2.93,0.16,0.72,0.07,-0.21
2024-03-25 17:0:32.4940,-0.13,-2.84,-1.12,0.59,0.12,-0.16
2024-03-25 17:0:32.5040,-0.22,-2.72,-2.14,0.44,0.13,-0.11
2024-03-25 17:0:32.5140,-0.38,-2.58,-2.93,0.26,0.13,-0.03
2024-03-25 17:0:32.5240,-0.55,-2.48,-3.55,0.08,0.17,0.05
2024-03-25 17:0:32.5340,-0.56,-2.45,-3.96,-0.08,0.17,0.11
2024-03-25 17:0:32.5440,-0.45,-2.35,-4.22,-0.21,0.14,0.12
2024-03-25 17:0:32.5550,-0.18,-2.12,-4.35,-0.31,0.07,0.1
2024-03-25 17:0:32.5640,0.06,-1.81,-4.39,-0.37,0.0,0.06
2024-03-25 17:0:32.5740,0.24,-1.51,-4.42,-0.42,-0.01,0.03
2024-03-25 17:0:32.5840,0.38,-1.21,-4.52,-0.44,0.04,-0.01
2024-03-25 17:0:32.5940,0.5,-0.88,-4.54,-0.45,0.12,-0.03
2024-03-25 17:0:32.6040,0.53,-0.47,-4.53,-0.47,0.22,-0.01
2024-03-25 17:0:32.6140,0.44,-0.04,-4.39,-0.47,0.28,0.03
2024-03-25 17:0:32.6240,0.37,0.29,-4.09,-0.48,0.31,0.08
2024-03-25 17:0:32.6340,0.32,0.53,-3.76,-0.48,0.3,0.15
2024-03-25 17:0:32.6440,0.28,0.58,-3.34,-0.43,0.25,0.19
2024-03-25 17:0:32.6540,0.4,0.6,-2.75,-0.39,0.16,0.24
2024-03-25 17:0:32.6640,0.51,0.56,-2.44,-0.39,0.06,0.27
2024-03-25 17:0:32.6740,0.74,0.63,-2.22,-0.42,-0.03,0.3
2024-03-25 17:0:32.6840,0.97,0.77,-1.95,-0.46,-0.06,0.37
2024-03-25 17:0:32.6940,1.0,0.89,-1.57,-0.51,-0.05,0.47
2024-03-25 17:0:32.7040,0.98,0.74,-1.02,-0.47,-0.03,0.55
2024-03-25 17:0:32.7140,1.1,0.45,-0.1,-0.36,-0.04,0.56
2024-03-25 17:0:32.7240,1.38,0.13,0.67,-0.22,-0.12,0.49
2024-03-25 17:0:32.7340,1.75,-0.17,0.95,-0.11,-0.25,0.33
2024-03-25 17:0:32.7440,2.16,-0.28,0.86,-0.07,-0.39,0.13
2024-03-25 17:0:32.7540,2.44,-0.13,0.42,-0.1,-0.41,-0.04
2024-03-25 17:0:32.7640,2.34,0.29,0.13,-0.15,-0.34,-0.11
2024-03-25 17:0:32.7740,1.89,0.79,0.25,-0.18,-0.13,-0.08
2024-03-25 17:0:32.7840,1.33,1.17,0.78,-0.16,0.14,-0.0
2024-03-25 17:0:32.7940,1.02,1.4,1.64,-0.12,0.32,0.02
2024-03-25 17:0:32.8040,1.05,1.37,2.4,-0.09,0.35,-0.06
2024-03-25 17:0:32.8140,1.03,1.17,2.89,-0.08,0.33,-0.17
2024-03-25 17:0:32.8240,0.79,1.03,3.3,-0.02,0.29,-0.29
2024-03-25 17:0:32.8340,0.51,0.88,3.91,0.11,0.26,-0.4
2024-03-25 17:0:32.8440,0.15,0.98,4.36,0.2,0.27,-0.47
2024-03-25 17:0:32.8540,-0.27,1.28,4.19,0.22,0.31,-0.48
2024-03-25 17:0:32.8640,-0.64,1.69,3.78,0.2,0.36,-0.42
2024-03-25 17:0:32.8740,-1.02,2.04,3.68,0.14,0.39,-0.3
2024-03-25 17:0:32.8840,-1.47,2.29,3.58,0.06,0.42,-0.11
2024-03-25 17:0:32.8940,-1.95,2.28,3.55,-0.03,0.46,0.13
2024-03-25 17:0:32.9040,-2.3,1.74,3.78,-0.04,0.45,0.38
2024-03-25 17:0:32.9140,-2.29,0.74,4.52,0.12,0.32,0.52
2024-03-25 17:0:32.9240,-1.62,-0.69,5.22,0.36,0.1,0.5
2024-03-25 17:0:32.9340,-0.73,-2.1,4.95,0.53,-0.12,0.37
2024-03-25 17:0:32.9440,0.03,-3.01,3.68,0.54,-0.27,0.21
2024-03-25 17:0:32.9540,0.33,-3.61,1.99,0.47,-0.31,0.08
2024-03-25 17:0:32.9640,0.29,-3.77,0.93,0.42,-0.25,0.02
2024-03-25 17:0:32.9740,0.0,-3.79,0.42,0.41,-0.16,0.0
2024-03-25 17:0:32.9840,-0.34,-3.81,-0.04,0.38,-0.12,-0.01
2024-03-25 17:0:32.9940,-0.55,-3.74,-0.81,0.26,-0.13,-0.04
2024-03-25 17:0:33.0040,-0.68,-3.56,-1.81,0.1,-0.17,-0.07
2024-03-25 17:0:33.0140,-0.75,-3.19,-2.61,-0.07,-0.19,-0.09
2024-03-25 17:0:33.0240,-0.82,-2.72,-3.0,-0.2,-0.18,-0.09
2024-03-25 17:0:33.0350,-0.84,-2.27,-3.22,-0.3,-0.13,-0.06
2024-03-25 17:0:33.0440,-0.85,-1.81,-3.46,-0.4,-0.06,-0.02
2024-03-25 17:0:33.0540,-0.82,-1.41,-3.64,-0.46,0.02,0.05
2024-03-25 17:0:33.0640,-0.8,-1.08,-3.64,-0.49,0.09,0.13
2024-03-25 17:0:33.0740,-0.78,-0.83,-3.52,-0.49,0.14,0.2
2024-03-25 17:0:33.0840,-0.75,-0.68,-3.41,-0.48,0.18,0.27
2024-03-25 17:0:33.0940,-0.7,-0.54,-3.24,-0.46,0.15,0.31
2024-03-25 17:0:33.1040,-0.56,-0.47,-3.15,-0.43,0.09,0.31
2024-03-25 17:0:33.1140,-0.34,-0.45,-3.12,-0.4,0.02,0.3
2024-03-25 17:0:33.1240,-0.14,-0.4,-3.09,-0.35,-0.03,0.27
2024-03-25 17:0:33.1340,0.07,-0.28,-3.12,-0.32,-0.03,0.25
2024-03-25 17:0:33.1440,0.12,-0.09,-3.29,-0.29,-0.02,0.25
2024-03-25 17:0:33.1540,0.17,0.13,-3.36,-0.29,0.01,0.26
2024-03-25 17:0:33.1640,0.16,0.38,-3.45,-0.32,0.05,0.28
2024-03-25 17:0:33.1740,0.14,0.6,-3.48,-0.34,0.08,0.31
2024-03-25 17:0:33.1840,0.14,0.79,-3.1,-0.35,0.11,0.34
2024-03-25 17:0:33.1940,0.09,0.9,-2.55,-0.35,0.14,0.38
2024-03-25 17:0:33.2040,0.09,0.96,-1.98,-0.36,0.15,0.39
2024-03-25 17:0:33.2140,0.16,0.89,-1.55,-0.38,0.15,0.38
2024-03-25 17:0:33.2240,0.3,0.83,-1.04,-0.4,0.15,0.34
2024-03-25 17:0:33.2340,0.48,0.75,-0.31,-0.37,0.17,0.27
2024-03-25 17:0:33.2440,0.65,0.7,0.68,-0.27,0.19,0.18
2024-03-25 17:0:33.2540,0.74,0.71,1.67,-0.18,0.19,0.08
2024-03-25 17:0:33.2640,0.7,0.78,2.32,-0.1,0.18,0.0
2024-03-25 17:0:33.2740,0.44,0.94,2.86,-0.04,0.16,-0.04
2024-03-25 17:0:33.2840,0.1,1.13,3.3,-0.0,0.13,-0.05
2024-03-25 17:0:33.2940,-0.21,1.29,3.74,0.02,0.08,-0.04
2024-03-25 17:0:33.3040,-0.4,1.34,4.01,0.01,0.02,-0.02
2024-03-25 17:0:33.3140,-0.57,1.34,4.19,0.03,-0.06,-0.01
2024-03-25 17:0:33.3240,-0.54,1.21,4.5,0.06,-0.16,-0.04
2024-03-25 17:0:33.3340,-0.37,1.01,4.61,0.11,-0.25,-0.1
2024-03-25 17:0:33.3450,-0.2,0.82,4.69,0.22,-0.31,-0.2
2024-03-25 17:0:33.3540,-0.14,0.74,4.78,0.36,-0.35,-0.31
2024-03-25 17:0:33.3640,-0.14,0.81,4.63,0.51,-0.38,-0.44
2024-03-25 17:0:33.3740,0.01,1.16,4.06,0.58,-0.38,-0.56
2024-03-25 17:0:33.3840,0.1,1.65,3.05,0.55,-0.29,-0.61
2024-03-25 17:0:33.3940,-0.16,2.01,2.2,0.54,-0.14,-0.51
2024-03-25 17:0:33.4040,-0.85,2.12,2.13,0.57,0.09,-0.24
2024-03-25 17:0:33.4140,-1.63,1.49,2.41,0.64,0.2,-0.0
2024-03-25 17:0:33.4240,-1.55,0.46,2.49,0.68,0.19,0.08
2024-03-25 17:0:33.4340,-0.92,-0.69,2.06,0.7,0.13,0.08
2024-03-25 17:0:33.4440,-0.51,-1.58,1.65,0.72,0.0,0.02
2024-03-25 17:0:33.4540,-0.31,-2.03,1.3,0.71,-0.12,-0.04
2024-03-25 17:0:33.4640,-0.28,-2.25,0.85,0.71,-0.2,-0.05
2024-03-25 17:0:33.4740,-0.42,-2.13,0.48,0.72,-0.21,0.0
2024-03-25 17:0:33.4840,-0.6,-1.93,-0.09,0.69,-0.18,0.09
2024-03-25 17:0:33.4940,-0.6,-1.8,-0.89,0.59,-0.14,0.17
2024-03-25 17:0:33.5040,-0.5,-1.67,-1.7,0.42,-0.07,0.28
2024-03-25 17:0:33.5140,-0.46,-1.59,-2.51,0.21,-0.0,0.4
2024-03-25 17:0:33.5240,-0.43,-1.54,-3.04,-0.04,0.06,0.53
2024-03-25 17:0:33.5340,-0.41,-1.6,-3.41,-0.31,0.1,0.66
2024-03-25 17:0:33.5440,-0.14,-1.82,-3.45,-0.5,0.1,0.71
2024-03-25 17:0:33.5540,0.48,-2.15,-3.04,-0.61,0.11,0.65
2024-03-25 17:0:33.5640,1.28,-2.42,-2.47,-0.62,0.15,0.51
2024-03-25 17:0:33.5740,1.96,-2.46,-2.0,-0.55,0.21,0.3
2024-03-25 17:0:33.5840,2.51,-2.3,-1.69,-0.46,0.29,0.09
2024-03-25 17:0:33.5940,2.58,-2.05,-1.56,-0.34,0.35,-0.07
2024-03-25 17:0:33.6040,2.26,-1.62,-1.49,-0.25,0.38,-0.17
2024-03-25 17:0:33.6140,1.8,-1.14,-1.75,-0.21,0.34,-0.21
2024-03-25 17:0:33.6240,1.43,-0.68,-2.11,-0.19,0.27,-0.23
2024-03-25 17:0:33.6340,1.24,-0.26,-2.41,-0.18,0.2,-0.22
2024-03-25 17:0:33.6440,1.14,0.07,-2.66,-0.17,0.14,-0.2
2024-03-25 17:0:33.6540,1.17,0.37,-2.85,-0.15,0.12,-0.16
2024-03-25 17:0:33.6640,1.22,0.55,-3.1,-0.17,0.14,-0.11
2024-03-25 17:0:33.6740,1.27,0.67,-3.32,-0.19,0.21,-0.06
2024-03-25 17:0:33.6840,1.32,0.69,-3.26,-0.22,0.29,0.0
2024-03-25 17:0:33.6940,1.32,0.64,-2.9,-0.23,0.31,0.06
2024-03-25 17:0:33.7040,1.3,0.55,-2.27,-0.21,0.26,0.1
2024-03-25 17:0:33.7140,1.39,0.42,-1.55,-0.18,0.15,0.1
2024-03-25 17:0:33.7240,1.54,0.23,-1.02,-0.15,0.01,0.07
2024-03-25 17:0:33.7340,1.7,0.15,-0.66,-0.15,-0.12,0.03
2024-03-25 17:0:33.7440,1.87,0.13,-0.65,-0.2,-0.21,-0.01
2024-03-25 17:0:33.7540,1.95,0.15,-0.75,-0.26,-0.25,-0.04
2024-03-25 17:0:33.7640,1.98,0.26,-0.54,-0.3,-0.21,-0.05
2024-03-25 17:0:33.7740,1.99,0.42,-0.1,-0.32,-0.11,-0.04
2024-03-25 17:0:33.7840,2.08,0.61,0.47,-0.31,0.02,-0.06
2024-03-25 17:0:33.7940,2.31,0.69,1.14,-0.21,0.16,-0.14
2024-03-25 17:0:33.8040,2.6,0.68,2.17,-0.07,0.21,-0.29
2024-03-25 17:0:33.8140,2.7,0.74,2.85,0.03,0.21,-0.45
2024-03-25 17:0:33.8240,2.43,0.87,2.98,0.08,0.21,-0.57
2024-03-25 17:0:33.8340,1.74,0.97,2.95,0.08,0.23,-0.62
2024-03-25 17:0:33.8440,0.9,1.13,3.12,0.11,0.25,-0.6
2024-03-25 17:0:33.8540,0.16,1.39,3.56,0.16,0.23,-0.55
2024-03-25 17:0:33.8640,-0.15,1.55,3.93,0.23,0.15,-0.53
2024-03-25 17:0:33.8740,-0.25,1.59,4.19,0.35,0.06,-0.52
2024-03-25 17:0:33.8840,-0.23,1.59,4.45,0.51,-0.01,-0.55
2024-03-25 17:0:33.8940,-0.07,1.68,4.49,0.64,-0.01,-0.58
2024-03-25 17:0:33.9030,0.04,1.74,4.06,0.67,0.01,-0.61
2024-03-25 17:0:33.9140,-0.14,1.67,3.37,0.63,0.12,-0.55
2024-03-25 17:0:33.9230,-0.8,1.32,3.09,0.58,0.28,-0.34
2024-03-25 17:0:33.9340,-1.77,0.66,3.48,0.67,0.31,-0.08
2024-03-25 17:0:33.9430,-2.19,-0.38,4.25,0.78,0.12,0.03
2024-03-25 17:0:33.9540,-1.63,-1.68,3.91,0.77,-0.18,0.01
2024-03-25 17:0:33.9630,-1.05,-2.84,2.37,0.65,-0.48,-0.06
2024-03-25 17:0:33.9740,-0.8,-3.38,1.03,0.49,-0.64,-0.11
2024-03-25 17:0:33.9830,-0.71,-3.7,0.13,0.39,-0.64,-0.13
2024-03-25 17:0:33.9930,-0.53,-3.86,-0.29,0.34,-0.5,-0.15
2024-03-25 17:0:34.0030,-0.34,-3.98,-0.66,0.27,-0.29,-0.2
2024-03-25 17:0:34.0140,-0.18,-3.95,-1.41,0.14,-0.04,-0.27
2024-03-25 17:0:34.0240,-0.18,-3.86,-2.15,-0.01,0.17,-0.35
2024-03-25 17:0:34.0340,-0.34,-3.53,-2.52,-0.13,0.31,-0.38
2024-03-25 17:0:34.0430,-0.96,-2.98,-2.45,-0.23,0.32,-0.36
2024-03-25 17:0:34.0540,-1.55,-2.19,-2.37,-0.35,0.23,-0.3
2024-03-25 17:0:34.0630,-1.97,-1.58,-2.59,-0.46,0.07,-0.2
2024-03-25 17:0:34.0730,-2.13,-0.98,-2.79,-0.58,-0.1,-0.09
2024-03-25 17:0:34.0830,-2.04,-0.55,-3.05,-0.66,-0.22,0.02
2024-03-25 17:0:34.0940,-1.69,-0.21,-3.22,-0.69,-0.25,0.09
2024-03-25 17:0:34.1030,-1.18,-0.03,-3.38,-0.69,-0.19,0.12
2024-03-25 17:0:34.1130,-0.78,0.13,-3.48,-0.65,-0.09,0.15
2024-03-25 17:0:34.1230,-0.53,0.28,-3.48,-0.58,0.03,0.18
2024-03-25 17:0:34.1330,-0.34,0.33,-3.24,-0.46,0.1,0.19
2024-03-25 17:0:34.1430,-0.1,0.32,-2.81,-0.33,0.1,0.15
2024-03-25 17:0:34.1530,0.13,0.35,-2.56,-0.25,0.05,0.14
2024-03-25 17:0:34.1630,0.1,0.47,-2.66,-0.23,-0.02,0.16
2024-03-25 17:0:34.1730,0.0,0.65,-2.81,-0.25,-0.08,0.22
2024-03-25 17:0:34.1830,-0.17,0.74,-2.87,-0.28,-0.1,0.3
2024-03-25 17:0:34.1930,-0.09,0.72,-2.81,-0.32,-0.11,0.34
2024-03-25 17:0:34.2030,0.15,0.64,-2.7,-0.35,-0.1,0.36
2024-03-25 17:0:34.2130,0.4,0.5,-2.48,-0.37,-0.06,0.35
2024-03-25 17:0:34.2230,0.54,0.29,-2.04,-0.34,-0.02,0.32
2024-03-25 17:0:34.2330,0.74,0.1,-1.4,-0.31,0.03,0.22
2024-03-25 17:0:34.2430,1.0,-0.2,-0.89,-0.29,0.08,0.09
2024-03-25 17:0:34.2530,1.02,-0.37,-0.29,-0.23,0.1,-0.04
2024-03-25 17:0:34.2630,0.84,-0.4,0.51,-0.14,0.08,-0.16
2024-03-25 17:0:34.2730,0.54,-0.17,1.24,-0.04,0.05,-0.23
2024-03-25 17:0:34.2830,0.05,0.23,1.58,0.03,-0.01,-0.25
2024-03-25 17:0:34.2930,-0.39,0.71,1.62,0.04,-0.07,-0.23
2024-03-25 17:0:34.3030,-0.77,1.14,1.44,-0.0,-0.12,-0.17
2024-03-25 17:0:34.3130,-1.16,1.58,1.47,-0.05,-0.12,-0.06
2024-03-25 17:0:34.3230,-1.46,1.89,1.76,-0.09,-0.07,0.05
2024-03-25 17:0:34.3330,-1.38,1.99,2.3,-0.08,-0.04,0.09
2024-03-25 17:0:34.3440,-1.13,1.88,2.92,-0.06,-0.04,0.07
2024-03-25 17:0:34.3540,-1.02,1.76,3.34,0.0,-0.08,0.03
2024-03-25 17:0:34.3630,-1.01,1.54,3.95,0.17,-0.19,-0.08
2024-03-25 17:0:34.3730,-0.93,1.36,4.81,0.42,-0.32,-0.19
2024-03-25 17:0:34.3830,-0.88,1.34,5.19,0.64,-0.43,-0.33
2024-03-25 17:0:34.3930,-0.62,1.65,4.55,0.73,-0.52,-0.45
2024-03-25 17:0:34.4030,-0.4,2.16,3.28,0.74,-0.53,-0.5
2024-03-25 17:0:34.4130,-0.32,2.62,2.44,0.73,-0.43,-0.45
2024-03-25 17:0:34.4230,-0.41,2.97,2.07,0.66,-0.29,-0.28
2024-03-25 17:0:34.4330,-0.7,2.85,1.61,0.56,-0.12,-0.03
2024-03-25 17:0:34.4430,-0.77,2.05,1.49,0.49,-0.01,0.16
2024-03-25 17:0:34.4530,-0.39,0.84,1.67,0.43,0.05,0.32
2024-03-25 17:0:34.4630,-0.21,-0.47,1.91,0.41,0.01,0.43
2024-03-25 17:0:34.4730,-0.01,-1.59,2.14,0.42,-0.09,0.4
2024-03-25 17:0:34.4830,0.72,-2.55,2.23,0.46,-0.22,0.27
2024-03-25 17:0:34.4930,1.38,-3.0,2.15,0.49,-0.28,0.13
2024-03-25 17:0:34.5030,1.61,-3.11,1.76,0.47,-0.28,0.02
2024-03-25 17:0:34.5130,1.41,-2.96,1.08,0.41,-0.18,0.02
2024-03-25 17:0:34.5230,0.91,-2.71,0.36,0.33,0.04,0.12
2024-03-25 17:0:34.5330,0.31,-2.45,-0.07,0.21,0.25,0.29
2024-03-25 17:0:34.5430,-0.26,-2.27,-0.53,0.05,0.34,0.46
2024-03-25 17:0:34.5530,-0.42,-2.34,-0.98,-0.16,0.3,0.59
2024-03-25 17:0:34.5630,-0.44,-2.44,-1.46,-0.39,0.17,0.66
2024-03-25 17:0:34.5730,-0.05,-2.72,-1.82,-0.53,-0.05,0.57
2024-03-25 17:0:34.5830,0.81,-3.07,-1.76,-0.59,-0.23,0.35
2024-03-25 17:0:34.5930,1.73,-3.3,-1.83,-0.59,-0.26,0.07
2024-03-25 17:0:34.6030,2.31,-3.24,-2.17,-0.54,-0.13,-0.19
2024-03-25 17:0:34.6130,2.35,-2.85,-2.35,-0.44,0.06,-0.38
2024-03-25 17:0:34.6230,1.95,-2.34,-2.48,-0.37,0.22,-0.52
2024-03-25 17:0:34.6330,1.7,-1.82,-2.89,-0.31,0.32,-0.65
2024-03-25 17:0:34.6430,1.51,-1.27,-3.22,-0.28,0.33,-0.74
2024-03-25 17:0:34.6530,1.13,-0.72,-3.49,-0.27,0.27,-0.79
2024-03-25 17:0:34.6630,0.67,-0.25,-3.65,-0.26,0.22,-0.76
2024-03-25 17:0:34.6730,0.17,0.12,-3.61,-0.22,0.2,-0.66
2024-03-25 17:0:34.6830,-0.36,0.41,-3.28,-0.16,0.19,-0.5
2024-03-25 17:0:34.6930,-0.76,0.62,-3.01,-0.15,0.16,-0.33
2024-03-25 17:0:34.7030,-0.8,0.83,-2.96,-0.16,0.08,-0.17
2024-03-25 17:0:34.7130,-0.76,0.95,-2.8,-0.22,-0.06,-0.07
2024-03-25 17:0:34.7230,-0.45,1.02,-2.79,-0.31,-0.18,-0.01
2024-03-25 17:0:34.7330,-0.15,1.03,-2.81,-0.4,-0.28,0.05
2024-03-25 17:0:34.7430,-0.1,1.03,-2.57,-0.46,-0.35,0.1
2024-03-25 17:0:34.7530,-0.15,0.97,-2.11,-0.47,-0.36,0.16
2024-03-25 17:0:34.7630,-0.12,0.81,-1.59,-0.44,-0.35,0.18
2024-03-25 17:0:34.7730,0.09,0.76,-1.15,-0.43,-0.32,0.2
2024-03-25 17:0:34.7830,0.24,0.79,-1.03,-0.47,-0.25,0.19
2024-03-25 17:0:34.7930,0.39,0.93,-1.24,-0.6,-0.13,0.19
2024-03-25 17:0:34.8030,0.45,1.13,-1.36,-0.74,0.06,0.19
2024-03-25 17:0:34.8130,0.41,1.22,-0.77,-0.81,0.31,0.17
2024-03-25 17:0:34.8230,0.4,1.16,0.53,-0.73,0.62,0.15
2024-03-25 17:0:34.8330,0.15,1.01,2.32,-0.5,0.87,0.14
2024-03-25 17:0:34.8430,-0.19,0.87,4.12,-0.2,0.97,0.1
2024-03-25 17:0:34.8530,-0.46,0.87,5.27,0.05,0.91,0.03
2024-03-25 17:0:34.8630,-0.86,0.93,5.5,0.15,0.8,0.02
2024-03-25 17:0:34.8730,-1.41,1.2,5.24,0.15,0.69,0.08
2024-03-25 17:0:34.8830,-1.73,1.44,5.11,0.19,0.61,0.15
2024-03-25 17:0:34.8930,-1.8,1.54,5.53,0.33,0.55,0.23
2024-03-25 17:0:34.9030,-1.65,1.5,6.02,0.54,0.52,0.26
2024-03-25 17:0:34.9130,-1.16,1.47,6.04,0.67,0.51,0.27
2024-03-25 17:0:34.9230,-0.96,1.24,5.07,0.63,0.51,0.33
2024-03-25 17:0:34.9330,-1.25,0.97,3.97,0.54,0.5,0.47
2024-03-25 17:0:34.9430,-1.73,0.42,3.8,0.6,0.43,0.61
2024-03-25 17:0:34.9530,-1.63,-0.31,4.68,0.84,0.32,0.66
2024-03-25 17:0:34.9630,-0.97,-1.3,4.87,1.02,0.15,0.59
2024-03-25 17:0:34.9730,-0.13,-2.1,3.43,1.03,-0.03,0.48
2024-03-25 17:0:34.9830,0.19,-2.53,1.42,0.88,-0.17,0.43
2024-03-25 17:0:34.9930,0.0,-2.7,-0.31,0.64,-0.25,0.46
2024-03-25 17:0:35.0030,-0.2,-2.71,-1.36,0.38,-0.26,0.51
2024-03-25 17:0:35.0130,-0.26,-2.97,-1.71,0.18,-0.2,0.55
2024-03-25 17:0:35.0230,-0.15,-3.35,-1.71,0.04,-0.09,0.54
2024-03-25 17:0:35.0330,0.03,-3.7,-1.74,-0.09,0.05,0.47
2024-03-25 17:0:35.0440,0.22,-3.96,-1.81,-0.16,0.16,0.32
2024-03-25 17:0:35.0530,0.32,-3.98,-1.71,-0.19,0.21,0.16
2024-03-25 17:0:35.0630,0.21,-3.73,-1.65,-0.2,0.16,-0.0
2024-03-25 17:0:35.0730,-0.05,-3.1,-1.82,-0.21,0.07,-0.11
2024-03-25 17:0:35.0830,-0.33,-2.19,-2.18,-0.26,-0.02,-0.16
2024-03-25 17:0:35.0930,-0.43,-1.38,-2.74,-0.3,-0.06,-0.18
2024-03-25 17:0:35.1030,-0.37,-0.72,-3.23,-0.34,-0.05,-0.19
2024-03-25 17:0:35.1130,-0.3,-0.23,-3.64,-0.38,0.01,-0.16
2024-03-25 17:0:35.1230,-0.4,0.15,-3.9,-0.41,0.06,-0.08
2024-03-25 17:0:35.1330,-0.63,0.45,-3.91,-0.43,0.08,0.03
2024-03-25 17:0:35.1430,-0.77,0.59,-3.81,-0.41,0.05,0.13
2024-03-25 17:0:35.1530,-0.65,0.63,-3.66,-0.38,-0.02,0.21
2024-03-25 17:0:35.1630,-0.54,0.58,-3.47,-0.33,-0.11,0.25
2024-03-25 17:0:35.1730,-0.24,0.62,-3.38,-0.34,-0.19,0.26
2024-03-25 17:0:35.1830,0.03,0.56,-3.66,-0.37,-0.24,0.27
2024-03-25 17:0:35.1930,0.2,0.56,-3.78,-0.43,-0.23,0.29
2024-03-25 17:0:35.2030,0.19,0.52,-3.64,-0.48,-0.19,0.32
2024-03-25 17:0:35.2130,0.06,0.51,-3.22,-0.49,-0.15,0.37
2024-03-25 17:0:35.2230,-0.07,0.5,-2.46,-0.45,-0.1,0.41
2024-03-25 17:0:35.2330,-0.02,0.46,-1.65,-0.37,-0.08,0.4
2024-03-25 17:0:35.2430,0.18,0.34,-1.1,-0.28,-0.08,0.34
2024-03-25 17:0:35.2530,0.25,0.23,-0.63,-0.16,-0.12,0.24
2024-03-25 17:0:35.2630,0.37,0.27,-0.17,-0.07,-0.17,0.13
2024-03-25 17:0:35.2730,0.41,0.34,-0.06,-0.02,-0.23,0.03
2024-03-25 17:0:35.2830,0.25,0.53,-0.01,0.03,-0.28,-0.04
2024-03-25 17:0:35.2930,0.05,0.75,0.23,0.06,-0.3,-0.06
2024-03-25 17:0:35.3030,-0.22,0.98,0.39,0.06,-0.33,-0.04
2024-03-25 17:0:35.3130,-0.47,1.17,0.48,-0.0,-0.34,0.01
2024-03-25 17:0:35.3230,-0.62,1.29,0.59,-0.07,-0.36,0.07
2024-03-25 17:0:35.3330,-0.43,1.27,1.02,-0.11,-0.35,0.1
2024-03-25 17:0:35.3430,-0.05,1.05,1.78,-0.07,-0.31,0.08
2024-03-25 17:0:35.3530,0.4,0.62,2.9,0.05,-0.28,-0.04
2024-03-25 17:0:35.3630,0.92,0.2,3.83,0.17,-0.28,-0.22
2024-03-25 17:0:35.3730,1.19,-0.09,4.26,0.27,-0.32,-0.43
2024-03-25 17:0:35.3830,1.16,-0.2,4.41,0.38,-0.41,-0.63
2024-03-25 17:0:35.3930,0.98,0.01,4.62,0.53,-0.52,-0.82
2024-03-25 17:0:35.4030,0.86,0.52,4.7,0.65,-0.54,-0.94
2024-03-25 17:0:35.4130,0.67,0.99,4.25,0.68,-0.45,-0.95
2024-03-25 17:0:35.4230,0.28,1.35,3.5,0.63,-0.29,-0.84
2024-03-25 17:0:35.4330,-0.11,1.54,3.06,0.58,-0.1,-0.63
2024-03-25 17:0:35.4430,-0.55,1.21,3.15,0.57,0.03,-0.41
2024-03-25 17:0:35.4530,-0.68,0.36,3.28,0.57,0.02,-0.27
2024-03-25 17:0:35.4630,-0.34,-0.68,3.0,0.54,-0.08,-0.25
2024-03-25 17:0:35.4720,0.31,-1.55,2.57,0.51,-0.21,-0.32
2024-03-25 17:0:35.4830,0.68,-1.93,2.3,0.44,-0.29,-0.38
2024-03-25 17:0:35.4930,0.67,-2.11,1.76,0.34,-0.26,-0.38
2024-03-25 17:0:35.5030,0.34,-2.21,1.28,0.28,-0.16,-0.31
2024-03-25 17:0:35.5130,-0.02,-2.27,1.11,0.22,-0.03,-0.24
2024-03-25 17:0:35.5230,-0.27,-2.32,0.75,0.11,0.06,-0.19
2024-03-25 17:0:35.5330,-0.58,-2.36,-0.07,-0.07,0.09,-0.12
2024-03-25 17:0:35.5430,-0.96,-2.4,-0.78,-0.24,0.05,-0.06
2024-03-25 17:0:35.5530,-1.12,-2.41,-1.08,-0.36,-0.0,-0.05
2024-03-25 17:0:35.5630,-0.84,-2.31,-1.28,-0.44,-0.08,-0.09
2024-03-25 17:0:35.5730,-0.37,-1.89,-1.55,-0.49,-0.13,-0.13
2024-03-25 17:0:35.5830,-0.1,-1.41,-1.92,-0.52,-0.14,-0.17
2024-03-25 17:0:35.5930,0.0,-1.01,-2.27,-0.5,-0.06,-0.19
2024-03-25 17:0:35.6030,0.05,-0.6,-2.54,-0.47,0.07,-0.18
2024-03-25 17:0:35.6130,-0.16,-0.18,-2.88,-0.41,0.19,-0.08
2024-03-25 17:0:35.6230,-0.67,0.37,-3.14,-0.37,0.29,0.07
2024-03-25 17:0:35.6330,-0.81,0.8,-3.62,-0.38,0.34,0.23
2024-03-25 17:0:35.6420,-0.94,0.97,-4.08,-0.37,0.36,0.38
2024-03-25 17:0:35.6530,-0.72,1.14,-4.04,-0.31,0.33,0.43
2024-03-25 17:0:35.6620,-0.06,0.82,-3.6,-0.18,0.23,0.35
2024-03-25 17:0:35.6730,0.76,0.63,-3.13,-0.07,0.13,0.22
2024-03-25 17:0:35.6820,1.22,0.53,-3.1,-0.0,0.06,0.11
2024-03-25 17:0:35.6930,1.32,0.56,-3.22,0.0,0.05,0.05
2024-03-25 17:0:35.7030,1.23,0.56,-3.34,-0.03,0.11,0.05
2024-03-25 17:0:35.7130,1.03,0.47,-3.09,-0.0,0.18,0.09
2024-03-25 17:0:35.7230,0.87,0.38,-2.25,0.09,0.17,0.12
2024-03-25 17:0:35.7320,0.99,0.31,-1.52,0.14,0.08,0.1
2024-03-25 17:0:35.7420,1.18,0.14,-1.59,0.09,-0.06,0.06
2024-03-25 17:0:35.7530,1.19,-0.06,-1.91,-0.01,-0.25,-0.0
2024-03-25 17:0:35.7630,1.21,-0.22,-1.96,-0.14,-0.43,-0.08
2024-03-25 17:0:35.7730,1.21,-0.31,-1.94,-0.27,-0.5,-0.14
2024-03-25 17:0:35.7820,1.35,-0.25,-1.66,-0.37,-0.42,-0.2
2024-03-25 17:0:35.7920,1.6,-0.01,-0.9,-0.41,-0.22,-0.23
2024-03-25 17:0:35.8020,1.66,0.32,0.14,-0.42,0.05,-0.23
2024-03-25 17:0:35.8120,1.52,0.59,1.15,-0.42,0.35,-0.18
2024-03-25 17:0:35.8220,1.19,0.74,2.04,-0.45,0.57,-0.14
2024-03-25 17:0:35.8320,0.92,0.66,2.77,-0.51,0.66,-0.12
2024-03-25 17:0:35.8420,0.67,0.43,3.66,-0.52,0.64,-0.13
2024-03-25 17:0:35.8520,0.43,0.26,4.86,-0.46,0.54,-0.16
2024-03-25 17:0:35.8620,0.32,-0.01,5.9,-0.28,0.4,-0.24
2024-03-25 17:0:35.8730,0.42,-0.27,6.73,-0.0,0.28,-0.35
2024-03-25 17:0:35.8820,0.56,-0.38,7.08,0.29,0.25,-0.44
2024-03-25 17:0:35.8920,0.51,-0.32,6.8,0.55,0.25,-0.53
2024-03-25 17:0:35.9020,0.35,0.1,5.85,0.66,0.26,-0.54
2024-03-25 17:0:35.9120,-0.35,0.57,4.43,0.62,0.3,-0.42
2024-03-25 17:0:35.9220,-1.33,0.72,3.17,0.5,0.37,-0.19
2024-03-25 17:0:35.9320,-2.18,0.64,2.74,0.54,0.43,0.13
2024-03-25 17:0:35.9420,-2.51,0.1,3.48,0.76,0.39,0.32
2024-03-25 17:0:35.9520,-1.83,-1.04,3.94,0.94,0.21,0.31
2024-03-25 17:0:35.9620,-0.95,-2.05,2.76,0.95,-0.07,0.27
2024-03-25 17:0:35.9720,-0.87,-2.41,1.12,0.78,-0.34,0.21
2024-03-25 17:0:35.9820,-0.81,-2.41,-0.41,0.49,-0.45,0.2
2024-03-25 17:0:35.9920,-0.82,-2.46,-1.48,0.23,-0.37,0.23
2024-03-25 17:0:36.0020,-0.76,-2.46,-1.53,0.07,-0.18,0.25
2024-03-25 17:0:36.0120,-0.65,-2.51,-1.16,-0.03,0.01,0.23
2024-03-25 17:0:36.0230,-0.51,-2.5,-0.95,-0.09,0.14,0.18
2024-03-25 17:0:36.0320,-0.42,-2.31,-0.91,-0.12,0.14,0.13
2024-03-25 17:0:36.0430,-0.6,-1.89,-0.89,-0.15,0.07,0.12
2024-03-25 17:0:36.0520,-0.9,-1.46,-1.06,-0.21,-0.05,0.15
2024-03-25 17:0:36.0620,-0.98,-1.11,-1.55,-0.28,-0.18,0.21
2024-03-25 17:0:36.0720,-0.86,-0.86,-1.98,-0.34,-0.26,0.27
2024-03-25 17:0:36.0820,-0.64,-0.64,-2.24,-0.34,-0.3,0.31
2024-03-25 17:0:36.0920,-0.32,-0.51,-2.45,-0.31,-0.29,0.33
2024-03-25 17:0:36.1020,0.0,-0.41,-2.77,-0.27,-0.26,0.33
2024-03-25 17:0:36.1120,0.21,-0.29,-3.2,-0.22,-0.22,0.32
2024-03-25 17:0:36.1220,0.34,-0.15,-3.64,-0.17,-0.17,0.31
2024-03-25 17:0:36.1320,0.52,0.0,-4.04,-0.12,-0.11,0.3
2024-03-25 17:0:36.1420,0.61,0.13,-4.32,-0.06,-0.08,0.28
2024-03-25 17:0:36.1520,0.66,0.22,-4.51,-0.05,-0.08,0.28
2024-03-25 17:0:36.1620,0.57,0.33,-4.73,-0.07,-0.08,0.31
2024-03-25 17:0:36.1720,0.38,0.5,-4.85,-0.13,-0.07,0.36
2024-03-25 17:0:36.1820,0.28,0.71,-4.75,-0.22,-0.09,0.41
2024-03-25 17:0:36.1920,0.25,0.77,-4.49,-0.3,-0.08,0.44
2024-03-25 17:0:36.2020,0.43,0.72,-3.81,-0.29,-0.03,0.45
2024-03-25 17:0:36.2120,0.64,0.52,-2.67,-0.22,0.08,0.38
2024-03-25 17:0:36.2220,1.0,0.25,-1.63,-0.16,0.22,0.29
2024-03-25 17:0:36.2320,1.1,-0.06,-0.92,-0.11,0.34,0.18
2024-03-25 17:0:36.2420,1.04,-0.18,-0.11,-0.07,0.37,0.04
2024-03-25 17:0:36.2520,1.01,-0.12,0.67,-0.02,0.3,-0.09
2024-03-25 17:0:36.2620,0.71,0.05,1.45,0.07,0.15,-0.18
2024-03-25 17:0:36.2740,0.21,0.31,2.17,0.17,-0.0,-0.25
2024-03-25 17:0:36.2820,-0.07,0.65,2.3,0.18,-0.08,-0.29
2024-03-25 17:0:36.2920,-0.31,0.91,1.96,0.15,-0.04,-0.28
2024-03-25 17:0:36.3020,-0.72,1.17,1.95,0.13,0.08,-0.2
2024-03-25 17:0:36.3120,-1.17,1.35,2.43,0.15,0.21,-0.11
2024-03-25 17:0:36.3220,-1.41,1.33,3.07,0.18,0.26,-0.04
2024-03-25 17:0:36.3320,-1.43,1.04,3.56,0.23,0.23,-0.04
2024-03-25 17:0:36.3420,-1.22,0.68,4.08,0.33,0.05,-0.14
2024-03-25 17:0:36.3520,-0.9,0.44,4.54,0.47,-0.23,-0.33
2024-03-25 17:0:36.3620,-0.65,0.5,4.59,0.6,-0.53,-0.52
2024-03-25 17:0:36.3720,-0.67,0.85,4.14,0.75,-0.76,-0.66
2024-03-25 17:0:36.3820,-0.53,1.49,3.43,0.86,-0.84,-0.74
2024-03-25 17:0:36.3920,-0.29,2.11,2.27,0.91,-0.77,-0.76
2024-03-25 17:0:36.4020,0.05,2.84,1.13,0.86,-0.54,-0.67
2024-03-25 17:0:36.4120,0.35,3.27,0.14,0.76,-0.23,-0.48
2024-03-25 17:0:36.4220,0.46,3.09,-0.27,0.62,0.05,-0.28
2024-03-25 17:0:36.4320,0.51,2.21,-0.16,0.5,0.27,-0.09
2024-03-25 17:0:36.4420,0.57,0.99,0.53,0.42,0.41,0.06
2024-03-25 17:0:36.4520,0.59,-0.42,1.43,0.35,0.4,0.13
2024-03-25 17:0:36.4620,0.7,-1.65,2.03,0.29,0.29,0.11
2024-03-25 17:0:36.4720,0.92,-2.52,2.38,0.25,0.14,0.04
2024-03-25 17:0:36.4820,1.1,-2.99,2.7,0.26,0.04,-0.03
2024-03-25 17:0:36.4920,0.92,-3.19,2.93,0.31,-0.02,-0.03
2024-03-25 17:0:36.5020,0.45,-3.09,2.88,0.34,-0.04,0.03
2024-03-25 17:0:36.5120,0.02,-2.84,2.24,0.27,-0.06,0.11
2024-03-25 17:0:36.5220,-0.17,-2.59,1.14,0.1,-0.11,0.19
2024-03-25 17:0:36.5320,-0.27,-2.44,0.11,-0.09,-0.17,0.26
2024-03-25 17:0:36.5420,-0.41,-2.38,-0.44,-0.28,-0.26,0.32
2024-03-25 17:0:36.5520,-0.42,-2.35,-0.72,-0.44,-0.35,0.36
2024-03-25 17:0:36.5620,-0.35,-2.34,-1.05,-0.55,-0.42,0.36
2024-03-25 17:0:36.5720,-0.13,-2.24,-1.32,-0.6,-0.44,0.31
2024-03-25 17:0:36.5820,0.19,-2.08,-1.55,-0.57,-0.41,0.22
2024-03-25 17:0:36.5920,0.55,-1.87,-1.59,-0.44,-0.29,0.1
2024-03-25 17:0:36.6020,0.82,-1.74,-1.52,-0.25,-0.13,-0.04
2024-03-25 17:0:36.6120,1.04,-1.52,-1.49,-0.06,0.03,-0.19
2024-03-25 17:0:36.6220,1.08,-1.2,-1.9,0.06,0.13,-0.31
2024-03-25 17:0:36.6320,0.81,-0.77,-2.59,0.11,0.21,-0.36
2024-03-25 17:0:36.6420,0.33,-0.34,-3.14,0.14,0.25,-0.34
2024-03-25 17:0:36.6520,-0.08,0.04,-3.43,0.15,0.25,-0.29
2024-03-25 17:0:36.6620,-0.28,0.23,-3.76,0.12,0.25,-0.22
2024-03-25 17:0:36.6720,-0.34,0.28,-4.08,0.05,0.18,-0.14
2024-03-25 17:0:36.6820,-0.41,0.29,-4.36,-0.05,0.11,-0.05
2024-03-25 17:0:36.6920,-0.41,0.23,-4.32,-0.12,0.05,0.02
2024-03-25 17:0:36.7020,-0.27,0.08,-3.85,-0.1,0.02,0.06
2024-03-25 17:0:36.7120,0.02,-0.08,-3.14,-0.04,0.03,0.06
2024-03-25 17:0:36.7220,0.31,-0.2,-2.63,0.02,0.06,0.05
2024-03-25 17:0:36.7320,0.47,-0.16,-2.4,0.01,0.08,0.06
2024-03-25 17:0:36.7420,0.42,0.0,-2.49,-0.08,0.08,0.1
2024-03-25 17:0:36.7520,0.24,0.32,-2.46,-0.21,0.04,0.19
2024-03-25 17:0:36.7620,0.03,0.63,-2.09,-0.32,-0.05,0.27
2024-03-25 17:0:36.7720,0.09,0.98,-1.58,-0.44,-0.13,0.3
2024-03-25 17:0:36.7820,0.47,1.24,-1.18,-0.56,-0.15,0.3
2024-03-25 17:0:36.7920,0.8,1.41,-0.62,-0.62,-0.06,0.27
2024-03-25 17:0:36.8020,1.09,1.45,0.3,-0.6,0.14,0.2
2024-03-25 17:0:36.8120,1.4,1.34,1.51,-0.48,0.41,0.11
2024-03-25 17:0:36.8220,1.51,1.08,2.97,-0.27,0.66,-0.01
2024-03-25 17:0:36.8320,1.31,0.97,4.19,-0.09,0.73,-0.11
2024-03-25 17:0:36.8420,0.87,1.04,4.81,0.01,0.62,-0.21
2024-03-25 17:0:36.8520,0.47,1.21,4.9,0.05,0.41,-0.28
2024-03-25 17:0:36.8620,0.17,1.4,5.01,0.13,0.22,-0.32
2024-03-25 17:0:36.8720,-0.03,1.56,5.27,0.26,0.13,-0.33
2024-03-25 17:0:36.8820,-0.08,1.65,5.39,0.42,0.13,-0.33
2024-03-25 17:0:36.8920,0.01,1.74,5.06,0.51,0.15,-0.32
2024-03-25 17:0:36.9020,0.04,1.72,4.32,0.49,0.22,-0.28
2024-03-25 17:0:36.9120,-0.35,1.55,3.66,0.4,0.32,-0.15
2024-03-25 17:0:36.9220,-0.95,0.97,3.53,0.42,0.39,0.03
2024-03-25 17:0:36.9320,-1.3,0.1,4.34,0.61,0.27,0.13
2024-03-25 17:0:36.9420,-1.09,-1.22,4.91,0.8,0.02,0.09
2024-03-25 17:0:36.9520,-0.67,-2.42,3.95,0.83,-0.25,0.03
2024-03-25 17:0:36.9620,-0.52,-2.94,2.06,0.69,-0.42,-0.02
2024-03-25 17:0:36.9720,-0.49,-3.25,0.33,0.49,-0.48,-0.06
2024-03-25 17:0:36.9820,-0.53,-3.26,-0.74,0.29,-0.37,-0.02
2024-03-25 17:0:36.9920,-0.82,-3.29,-1.22,0.16,-0.18,0.02
2024-03-25 17:0:37.0020,-0.97,-3.36,-1.43,0.03,0.0,0.03
2024-03-25 17:0:37.0120,-1.04,-3.48,-1.74,-0.1,0.1,-0.0
2024-03-25 17:0:37.0220,-1.19,-3.37,-1.91,-0.21,0.1,-0.07
2024-03-25 17:0:37.0320,-1.45,-2.94,-1.99,-0.31,0.03,-0.12
2024-03-25 17:0:37.0420,-1.7,-2.24,-2.08,-0.4,-0.06,-0.13
2024-03-25 17:0:37.0520,-1.92,-1.57,-2.28,-0.46,-0.09,-0.09
2024-03-25 17:0:37.0620,-2.03,-0.94,-2.4,-0.49,-0.09,0.01
2024-03-25 17:0:37.0720,-2.18,-0.38,-2.53,-0.51,-0.09,0.15
2024-03-25 17:0:37.0820,-2.25,0.08,-2.75,-0.53,-0.09,0.29
2024-03-25 17:0:37.0920,-2.05,0.37,-3.01,-0.53,-0.11,0.39
2024-03-25 17:0:37.1020,-1.75,0.51,-3.25,-0.51,-0.11,0.48
2024-03-25 17:0:37.1120,-1.41,0.53,-3.37,-0.47,-0.1,0.54
2024-03-25 17:0:37.1220,-1.0,0.39,-3.41,-0.4,-0.06,0.55
2024-03-25 17:0:37.1320,-0.56,0.27,-3.43,-0.33,0.0,0.55
2024-03-25 17:0:37.1420,-0.29,0.18,-3.54,-0.29,0.06,0.56
2024-03-25 17:0:37.1520,-0.19,0.09,-3.59,-0.27,0.09,0.58
2024-03-25 17:0:37.1620,-0.14,0.1,-3.45,-0.25,0.09,0.61
2024-03-25 17:0:37.1720,-0.04,0.14,-3.24,-0.23,0.08,0.64
2024-03-25 17:0:37.1820,0.06,0.16,-3.0,-0.2,0.06,0.65
2024-03-25 17:0:37.1920,0.25,0.21,-2.68,-0.18,0.04,0.61
2024-03-25 17:0:37.2020,0.66,0.25,-2.6,-0.2,0.03,0.57
2024-03-25 17:0:37.2120,0.79,0.23,-2.47,-0.23,0.07,0.51
2024-03-25 17:0:37.2220,1.04,0.19,-1.99,-0.25,0.13,0.41
2024-03-25 17:0:37.2320,1.31,0.1,-1.3,-0.23,0.19,0.31
2024-03-25 17:0:37.2420,1.4,0.06,-0.39,-0.16,0.2,0.19
2024-03-25 17:0:37.2520,1.44,0.16,0.4,-0.1,0.13,0.06
2024-03-25 17:0:37.2620,1.37,0.38,0.64,-0.11,0.03,-0.05
2024-03-25 17:0:37.2720,1.09,0.73,0.59,-0.17,-0.09,-0.1
2024-03-25 17:0:37.2820,0.58,1.09,0.8,-0.19,-0.15,-0.09
2024-03-25 17:0:37.2920,0.08,1.37,1.48,-0.17,-0.14,-0.04
2024-03-25 17:0:37.3020,-0.25,1.54,2.25,-0.09,-0.11,-0.01
2024-03-25 17:0:37.3120,-0.2,1.55,2.96,0.01,-0.13,-0.06
2024-03-25 17:0:37.3210,0.13,1.54,3.32,0.07,-0.19,-0.17
2024-03-25 17:0:37.3310,0.37,1.53,3.36,0.12,-0.26,-0.28
2024-03-25 17:0:37.3420,0.41,1.59,3.51,0.19,-0.32,-0.39
2024-03-25 17:0:37.3520,0.42,1.71,3.74,0.26,-0.35,-0.52
2024-03-25 17:0:37.3620,0.46,1.72,3.74,0.36,-0.35,-0.63
2024-03-25 17:0:37.3720,0.37,1.89,3.92,0.5,-0.34,-0.73
2024-03-25 17:0:37.3810,0.33,2.24,3.97,0.59,-0.33,-0.77
2024-03-25 17:0:37.3920,0.12,2.59,3.64,0.58,-0.22,-0.68
2024-03-25 17:0:37.4020,-0.47,2.45,3.26,0.52,-0.06,-0.41
2024-03-25 17:0:37.4110,-1.22,1.63,3.37,0.54,0.07,-0.13
2024-03-25 17:0:37.4210,-1.21,0.39,4.13,0.58,-0.0,-0.01
2024-03-25 17:0:37.4310,-0.45,-0.92,3.95,0.53,-0.2,-0.02
2024-03-25 17:0:37.4420,0.21,-1.98,3.21,0.47,-0.41,-0.14
2024-03-25 17:0:37.4510,0.81,-2.61,2.69,0.44,-0.48,-0.29
2024-03-25 17:0:37.4610,1.27,-2.94,2.44,0.48,-0.4,-0.4
2024-03-25 17:0:37.4710,1.23,-2.98,2.2,0.54,-0.24,-0.43
2024-03-25 17:0:37.4810,0.87,-2.87,1.63,0.54,-0.07,-0.42
2024-03-25 17:0:37.4910,0.6,-2.63,0.67,0.43,0.08,-0.4
2024-03-25 17:0:37.5010,0.39,-2.37,-0.37,0.23,0.2,-0.36
2024-03-25 17:0:37.5110,0.02,-2.21,-1.15,-0.03,0.28,-0.27
2024-03-25 17:0:37.5210,-0.54,-2.19,-1.49,-0.28,0.3,-0.14
2024-03-25 17:0:37.5310,-1.08,-2.33,-1.48,-0.48,0.26,-0.0
2024-03-25 17:0:37.5410,-1.29,-2.62,-1.23,-0.6,0.19,0.06
2024-03-25 17:0:37.5510,-0.9,-2.78,-0.92,-0.6,0.1,0.04
2024-03-25 17:0:37.5610,-0.47,-2.62,-0.6,-0.51,0.03,0.01
2024-03-25 17:0:37.5710,-0.23,-2.22,-0.58,-0.38,-0.03,-0.03
2024-03-25 17:0:37.5810,-0.09,-1.65,-0.96,-0.24,-0.06,-0.07
2024-03-25 17:0:37.5910,-0.1,-0.91,-1.74,-0.17,-0.07,-0.08
2024-03-25 17:0:37.6010,-0.32,-0.24,-2.84,-0.14,-0.05,-0.05
2024-03-25 17:0:37.6110,-0.52,0.35,-3.69,-0.13,-0.01,0.01
2024-03-25 17:0:37.6210,-0.74,0.82,-4.27,-0.16,0.02,0.13
2024-03-25 17:0:37.6320,-1.09,1.17,-4.71,-0.2,0.02,0.27
2024-03-25 17:0:37.6410,-1.2,1.28,-4.89,-0.22,-0.02,0.38
2024-03-25 17:0:37.6510,-0.91,1.16,-4.83,-0.23,-0.07,0.44
2024-03-25 17:0:37.6610,-0.35,0.73,-4.69,-0.22,-0.08,0.44
2024-03-25 17:0:37.6720,0.26,0.17,-4.41,-0.17,-0.06,0.39
2024-03-25 17:0:37.6810,0.78,-0.14,-4.1,-0.18,-0.04,0.31
2024-03-25 17:0:37.6910,1.13,-0.35,-4.12,-0.24,0.0,0.24
2024-03-25 17:0:37.7010,1.29,-0.49,-3.97,-0.28,0.09,0.17
2024-03-25 17:0:37.7110,1.42,-0.61,-3.18,-0.22,0.23,0.09
2024-03-25 17:0:37.7210,1.62,-0.73,-2.0,-0.11,0.34,-0.0
2024-03-25 17:0:37.7310,1.65,-0.77,-1.14,-0.01,0.39,-0.08
2024-03-25 17:0:37.7410,1.43,-0.64,-0.67,0.03,0.34,-0.13
2024-03-25 17:0:37.7510,1.09,-0.28,-0.43,0.01,0.2,-0.16
2024-03-25 17:0:37.7610,0.95,0.26,-0.36,-0.05,0.05,-0.2
2024-03-25 17:0:37.7710,1.07,0.78,-0.25,-0.09,-0.05,-0.25
2024-03-25 17:0:37.7810,1.29,1.31,0.08,-0.13,-0.05,-0.29
2024-03-25 17:0:37.7910,1.39,1.71,0.52,-0.14,0.08,-0.32
2024-03-25 17:0:37.8010,1.37,1.99,1.15,-0.15,0.29,-0.32
2024-03-25 17:0:37.8110,1.11,2.02,1.85,-0.13,0.52,-0.28
2024-03-25 17:0:37.8210,0.59,1.98,2.82,-0.07,0.68,-0.22
2024-03-25 17:0:37.8310,0.14,1.94,3.79,0.02,0.63,-0.2
2024-03-25 17:0:37.8410,-0.11,1.82,4.48,0.08,0.41,-0.2
2024-03-25 17:0:37.8510,-0.36,1.73,4.7,0.16,0.14,-0.23
2024-03-25 17:0:37.8610,-0.43,1.55,4.75,0.3,-0.06,-0.28
2024-03-25 17:0:37.8710,-0.22,1.44,4.79,0.47,-0.12,-0.33
2024-03-25 17:0:37.8810,-0.03,1.25,4.53,0.66,-0.12,-0.4
2024-03-25 17:0:37.8910,-0.01,1.3,4.09,0.74,-0.05,-0.45
2024-03-25 17:0:37.9010,-0.33,1.36,2.98,0.66,0.1,-0.37
2024-03-25 17:0:37.9110,-1.26,1.22,1.94,0.51,0.28,-0.13
2024-03-25 17:0:37.9210,-2.31,0.75,1.86,0.51,0.4,0.18
2024-03-25 17:0:37.9310,-2.81,-0.14,2.76,0.65,0.29,0.41
2024-03-25 17:0:37.9410,-2.58,-1.46,3.02,0.66,-0.07,0.46
2024-03-25 17:0:37.9510,-1.82,-2.59,1.63,0.5,-0.45,0.45
2024-03-25 17:0:37.9610,-1.44,-3.17,0.04,0.25,-0.73,0.44
2024-03-25 17:0:37.9710,-1.25,-3.16,-0.9,-0.09,-0.83,0.44
2024-03-25 17:0:37.9810,-1.19,-3.06,-1.7,-0.51,-0.74,0.51
2024-03-25 17:0:37.9910,-1.31,-3.02,-2.19,-0.9,-0.43,0.62
2024-03-25 17:0:38.0010,-1.35,-3.09,-1.72,-1.14,-0.02,0.74
2024-03-25 17:0:38.0110,-1.25,-3.26,-0.36,-1.25,0.34,0.77
2024-03-25 17:0:38.0210,-1.12,-3.28,0.74,-1.32,0.52,0.74
2024-03-25 17:0:38.0310,-1.09,-3.04,1.19,-1.33,0.5,0.66
2024-03-25 17:0:38.0410,-1.18,-2.6,1.64,-1.25,0.36,0.58
2024-03-25 17:0:38.0510,-1.16,-1.98,1.96,-1.11,0.17,0.52
2024-03-25 17:0:38.0610,-1.07,-1.37,1.84,-0.94,-0.02,0.45
2024-03-25 17:0:38.0710,-0.78,-0.76,1.27,-0.77,-0.15,0.4
2024-03-25 17:0:38.0810,-0.48,-0.23,0.49,-0.6,-0.22,0.35
2024-03-25 17:0:38.0910,-0.23,0.13,-0.17,-0.37,-0.21,0.32
2024-03-25 17:0:38.1010,0.02,0.37,-0.44,-0.08,-0.15,0.3
2024-03-25 17:0:38.1110,0.14,0.55,-0.79,0.16,-0.08,0.29
2024-03-25 17:0:38.1210,0.27,0.7,-1.8,0.29,-0.04,0.29
2024-03-25 17:0:38.1310,0.37,0.79,-3.02,0.33,-0.03,0.31
2024-03-25 17:0:38.1410,0.4,0.8,-4.03,0.31,-0.04,0.37
2024-03-25 17:0:38.1510,0.28,0.62,-4.64,0.24,-0.07,0.43
2024-03-25 17:0:38.1610,0.24,0.45,-4.99,0.14,-0.06,0.5
2024-03-25 17:0:38.1710,0.32,0.23,-5.07,0.06,-0.04,0.53
2024-03-25 17:0:38.1810,0.67,-0.06,-4.63,0.02,0.05,0.5
2024-03-25 17:0:38.1910,1.05,-0.5,-3.75,0.09,0.16,0.4
2024-03-25 17:0:38.2010,1.5,-0.86,-2.44,0.19,0.22,0.24
2024-03-25 17:0:38.2110,1.73,-1.01,-1.59,0.24,0.23,0.1
2024-03-25 17:0:38.2210,1.49,-0.87,-1.12,0.27,0.15,0.0
2024-03-25 17:0:38.2310,1.0,-0.52,-0.6,0.31,0.05,-0.06
2024-03-25 17:0:38.2410,0.7,-0.11,-0.27,0.33,-0.08,-0.1
2024-03-25 17:0:38.2510,0.37,0.43,-0.21,0.32,-0.2,-0.1
2024-03-25 17:0:38.2610,0.23,0.99,-0.46,0.23,-0.26,-0.09
2024-03-25 17:0:38.2720,0.17,1.4,-0.81,0.11,-0.24,-0.05
2024-03-25 17:0:38.2810,0.03,1.67,-0.74,0.02,-0.13,-0.01
2024-03-25 17:0:38.2910,-0.03,1.84,-0.21,-0.04,0.05,0.04
2024-03-25 17:0:38.3010,-0.07,1.77,0.77,0.0,0.19,0.04
2024-03-25 17:0:38.3110,-0.05,1.58,2.13,0.1,0.22,-0.03
2024-03-25 17:0:38.3210,0.0,1.37,3.16,0.19,0.15,-0.15
2024-03-25 17:0:38.3310,0.05,1.12,3.78,0.29,0.02,-0.31
2024-03-25 17:0:38.3410,0.03,1.03,4.16,0.39,-0.15,-0.45
2024-03-25 17:0:38.3510,-0.18,1.08,4.18,0.48,-0.34,-0.59
2024-03-25 17:0:38.3610,-0.02,1.51,3.77,0.47,-0.53,-0.71
2024-03-25 17:0:38.3710,0.41,2.29,2.72,0.26,-0.58,-0.7
2024-03-25 17:0:38.3810,0.51,2.88,1.65,0.0,-0.4,-0.52
2024-03-25 17:0:38.3910,0.47,3.01,1.69,-0.13,-0.03,-0.2
2024-03-25 17:0:38.4010,0.46,1.94,2.97,-0.04,0.36,-0.01
2024-03-25 17:0:38.4110,1.12,0.11,4.45,0.17,0.59,-0.02
2024-03-25 17:0:38.4210,1.65,-1.59,5.18,0.43,0.61,-0.25
2024-03-25 17:0:38.4310,1.84,-2.66,5.26,0.65,0.51,-0.54
2024-03-25 17:0:38.4410,1.24,-3.02,4.59,0.79,0.34,-0.67
2024-03-25 17:0:38.4510,-0.05,-2.59,3.62,0.84,0.12,-0.62
2024-03-25 17:0:38.4610,-1.02,-1.86,2.12,0.71,-0.08,-0.49
2024-03-25 17:0:38.4710,-1.31,-1.6,0.06,0.46,-0.21,-0.32
2024-03-25 17:0:38.4810,-1.24,-1.52,-1.48,0.15,-0.23,-0.17
2024-03-25 17:0:38.4910,-1.16,-1.66,-2.52,-0.18,-0.16,-0.02
2024-03-25 17:0:38.5010,-1.09,-1.89,-3.09,-0.46,-0.01,0.11
2024-03-25 17:0:38.5110,-1.02,-2.15,-3.12,-0.69,0.15,0.22
2024-03-25 17:0:38.5210,-0.99,-2.4,-2.68,-0.83,0.31,0.29
2024-03-25 17:0:38.5310,-0.81,-2.62,-1.85,-0.86,0.38,0.25
2024-03-25 17:0:38.5410,-0.4,-2.58,-0.85,-0.78,0.38,0.12
2024-03-25 17:0:38.5510,-0.03,-2.37,0.02,-0.6,0.33,-0.05
2024-03-25 17:0:38.5610,0.17,-2.02,0.6,-0.38,0.25,-0.2
2024-03-25 17:0:38.5710,0.05,-1.53,0.64,-0.2,0.19,-0.3
2024-03-25 17:0:38.5810,-0.24,-0.93,-0.02,-0.11,0.17,-0.3
2024-03-25 17:0:38.5910,-0.59,-0.33,-0.93,-0.05,0.15,-0.25
2024-03-25 17:0:38.6010,-0.66,0.21,-1.54,0.0,0.13,-0.17
2024-03-25 17:0:38.6110,-0.58,0.56,-1.97,0.06,0.13,-0.07
2024-03-25 17:0:38.6210,-0.4,0.76,-2.31,0.14,0.09,0.01
2024-03-25 17:0:38.6310,-0.02,0.81,-2.61,0.22,0.03,0.05
2024-03-25 17:0:38.6410,0.35,0.74,-3.15,0.24,-0.04,0.08
2024-03-25 17:0:38.6510,0.6,0.58,-3.78,0.22,-0.09,0.11
2024-03-25 17:0:38.6610,0.73,0.41,-4.32,0.14,-0.08,0.16
2024-03-25 17:0:38.6710,0.74,0.26,-4.65,0.05,-0.02,0.24
2024-03-25 17:0:38.6810,0.74,0.16,-4.52,-0.02,0.04,0.33
2024-03-25 17:0:38.6910,0.79,0.05,-4.04,-0.05,0.1,0.4
2024-03-25 17:0:38.7010,0.95,-0.15,-3.34,-0.03,0.13,0.44
2024-03-25 17:0:38.7110,1.13,-0.42,-2.61,-0.03,0.09,0.43
2024-03-25 17:0:38.7210,1.24,-0.57,-2.13,-0.08,0.01,0.42
2024-03-25 17:0:38.7310,1.28,-0.58,-1.8,-0.13,-0.15,0.37
2024-03-25 17:0:38.7410,1.43,-0.49,-1.47,-0.22,-0.34,0.28
2024-03-25 17:0:38.7510,1.67,-0.36,-1.35,-0.32,-0.49,0.16
2024-03-25 17:0:38.7610,1.99,-0.08,-1.27,-0.42,-0.55,0.05
2024-03-25 17:0:38.7710,2.05,0.28,-1.03,-0.46,-0.46,-0.0
2024-03-25 17:0:38.7810,1.84,0.71,-0.49,-0.45,-0.21,0.0
2024-03-25 17:0:38.7910,1.53,1.09,0.31,-0.39,0.09,0.05
2024-03-25 17:0:38.8010,1.22,1.3,1.19,-0.36,0.36,0.09
2024-03-25 17:0:38.8110,0.92,1.35,1.92,-0.32,0.49,0.1
2024-03-25 17:0:38.8210,0.6,1.29,2.84,-0.26,0.43,0.05
2024-03-25 17:0:38.8310,0.53,1.25,3.86,-0.17,0.27,-0.09
2024-03-25 17:0:38.8410,0.71,1.16,4.6,-0.05,0.11,-0.27
2024-03-25 17:0:38.8510,0.78,1.16,5.1,0.1,0.02,-0.39
2024-03-25 17:0:38.8610,0.52,1.38,5.37,0.27,0.03,-0.44
2024-03-25 17:0:38.8710,0.07,1.7,5.48,0.41,0.12,-0.43
2024-03-25 17:0:38.8810,-0.51,1.84,5.38,0.48,0.22,-0.33
2024-03-25 17:0:38.8910,-1.22,1.9,4.98,0.42,0.34,-0.13
2024-03-25 17:0:38.9010,-2.04,1.69,4.55,0.32,0.43,0.15
2024-03-25 17:0:38.9110,-2.55,1.17,4.84,0.37,0.35,0.36
2024-03-25 17:0:38.9210,-2.37,0.15,5.83,0.58,0.09,0.42
2024-03-25 17:0:38.9310,-1.75,-1.2,6.07,0.72,-0.22,0.36
2024-03-25 17:0:38.9410,-1.18,-2.22,4.64,0.67,-0.46,0.3
2024-03-25 17:0:38.9510,-0.9,-2.66,2.62,0.51,-0.55,0.31
2024-03-25 17:0:38.9610,-0.94,-2.83,1.26,0.37,-0.49,0.38
2024-03-25 17:0:38.9710,-0.99,-3.01,0.85,0.25,-0.31,0.45
2024-03-25 17:0:38.9810,-0.76,-3.28,0.35,0.13,-0.05,0.48
2024-03-25 17:0:38.9910,-0.52,-3.73,-0.14,0.03,0.17,0.42
2024-03-25 17:0:39.0010,-0.29,-4.14,-0.26,-0.02,0.28,0.27
2024-03-25 17:0:39.0110,-0.3,-4.32,-0.38,-0.05,0.25,0.1
2024-03-25 17:0:39.0210,-0.47,-4.07,-0.67,-0.03,0.16,-0.07
2024-03-25 17:0:39.0310,-0.69,-3.35,-1.0,-0.02,0.06,-0.18
2024-03-25 17:0:39.0400,-0.86,-2.13,-1.59,-0.08,0.02,-0.21
2024-03-25 17:0:39.0510,-0.8,-0.95,-2.71,-0.16,0.07,-0.16
2024-03-25 17:0:39.0610,-0.67,0.06,-3.34,-0.2,0.15,-0.09
2024-03-25 17:0:39.0700,-0.44,0.96,-3.46,-0.23,0.23,0.03
2024-03-25 17:0:39.0800,-0.45,1.32,-3.59,-0.24,0.25,0.17
2024-03-25 17:0:39.0910,-0.51,1.51,-3.51,-0.27,0.19,0.32
2024-03-25 17:0:39.1000,-0.64,1.37,-3.54,-0.32,0.07,0.46
2024-03-25 17:0:39.1110,-0.66,1.01,-3.65,-0.36,-0.06,0.55
2024-03-25 17:0:39.1200,-0.72,0.5,-3.49,-0.3,-0.23,0.6
2024-03-25 17:0:39.1310,-0.69,0.04,-2.97,-0.17,-0.34,0.62
2024-03-25 17:0:39.1400,-0.45,-0.37,-2.61,0.01,-0.39,0.58
2024-03-25 17:0:39.1500,0.0,-0.86,-2.47,0.17,-0.42,0.45
2024-03-25 17:0:39.1610,0.59,-1.28,-2.76,0.24,-0.42,0.3
2024-03-25 17:0:39.1710,0.82,-1.48,-3.52,0.22,-0.38,0.17
2024-03-25 17:0:39.1800,0.72,-1.45,-4.07,0.19,-0.31,0.09
2024-03-25 17:0:39.1900,0.55,-1.24,-4.11,0.15,-0.22,0.05
2024-03-25 17:0:39.2000,0.26,-0.95,-3.99,0.1,-0.14,0.04
2024-03-25 17:0:39.2100,0.28,-0.67,-3.88,0.05,-0.11,-0.03
2024-03-25 17:0:39.2200,0.52,-0.31,-3.75,-0.03,-0.12,-0.1
2024-03-25 17:0:39.2300,0.52,0.05,-3.63,-0.16,-0.16,-0.14
2024-03-25 17:0:39.2400,0.39,0.45,-3.44,-0.33,-0.18,-0.17
2024-03-25 17:0:39.2500,0.33,0.69,-3.09,-0.47,-0.19,-0.17
2024-03-25 17:0:39.2600,0.21,0.81,-2.21,-0.54,-0.17,-0.16
2024-03-25 17:0:39.2700,0.19,0.94,-1.22,-0.58,-0.14,-0.17
2024-03-25 17:0:39.2800,0.3,0.95,-0.57,-0.61,-0.12,-0.23
2024-03-25 17:0:39.2900,0.56,0.95,-0.1,-0.62,-0.15,-0.36
2024-03-25 17:0:39.3000,0.63,0.89,0.18,-0.65,-0.25,-0.48
2024-03-25 17:0:39.3100,0.43,1.14,0.33,-0.74,-0.36,-0.52
2024-03-25 17:0:39.3200,-0.07,1.43,0.43,-0.89,-0.41,-0.44
2024-03-25 17:0:39.3300,-0.72,1.57,1.06,-1.03,-0.34,-0.28
2024-03-25 17:0:39.3400,-0.77,1.63,2.22,-1.05,-0.19,-0.22
2024-03-25 17:0:39.3500,0.04,1.36,3.81,-0.86,-0.04,-0.33
2024-03-25 17:0:39.3600,0.96,1.13,5.65,-0.54,0.1,-0.55
2024-03-25 17:0:39.3700,1.39,1.24,6.9,-0.19,0.25,-0.79
2024-03-25 17:0:39.3800,1.01,1.55,7.17,-0.01,0.41,-0.81
2024-03-25 17:0:39.3900,-0.37,1.77,6.72,0.1,0.53,-0.66
2024-03-25 17:0:39.4000,-1.46,1.62,6.67,0.23,0.54,-0.45
2024-03-25 17:0:39.4100,-2.05,0.81,7.01,0.38,0.42,-0.27
2024-03-25 17:0:39.4200,-2.05,-0.04,6.93,0.46,0.17,-0.18
2024-03-25 17:0:39.4300,-1.62,-0.81,5.9,0.45,-0.07,-0.14
2024-03-25 17:0:39.4400,-1.07,-1.47,4.56,0.44,-0.19,-0.12
2024-03-25 17:0:39.4500,-0.63,-1.96,3.69,0.48,-0.19,-0.11
2024-03-25 17:0:39.4600,-0.32,-2.25,3.03,0.55,-0.11,-0.1
2024-03-25 17:0:39.4700,-0.14,-2.4,2.17,0.58,0.0,-0.1
2024-03-25 17:0:39.4800,-0.01,-2.43,1.09,0.55,0.1,-0.08
2024-03-25 17:0:39.4900,-0.09,-2.23,0.02,0.42,0.17,-0.02
2024-03-25 17:0:39.5000,-0.35,-2.01,-1.0,0.2,0.21,0.07
2024-03-25 17:0:39.5100,-0.56,-1.82,-1.8,-0.09,0.22,0.2
2024-03-25 17:0:39.5200,-0.7,-1.78,-2.28,-0.36,0.18,0.33
2024-03-25 17:0:39.5300,-0.67,-1.89,-2.06,-0.53,0.09,0.39
2024-03-25 17:0:39.5400,-0.15,-2.03,-1.45,-0.59,0.01,0.35
2024-03-25 17:0:39.5500,0.57,-2.06,-1.05,-0.54,-0.04,0.25
2024-03-25 17:0:39.5600,1.12,-1.87,-0.83,-0.42,-0.01,0.12
2024-03-25 17:0:39.5700,1.43,-1.59,-0.85,-0.28,0.07,-0.01
2024-03-25 17:0:39.5800,1.47,-1.28,-1.2,-0.17,0.18,-0.1
2024-03-25 17:0:39.5900,1.27,-0.94,-1.59,-0.08,0.25,-0.15
2024-03-25 17:0:39.6000,0.94,-0.55,-1.87,-0.03,0.31,-0.14
2024-03-25 17:0:39.6100,0.61,-0.13,-2.11,0.03,0.28,-0.1
2024-03-25 17:0:39.6200,0.35,0.25,-1.92,0.11,0.18,-0.06
2024-03-25 17:0:39.6300,0.31,0.53,-1.85,0.17,0.03,-0.03
2024-03-25 17:0:39.6400,0.41,0.68,-2.04,0.21,-0.1,-0.01
2024-03-25 17:0:39.6500,0.52,0.75,-2.31,0.24,-0.19,0.01
2024-03-25 17:0:39.6600,0.58,0.71,-2.64,0.26,-0.18,0.05
2024-03-25 17:0:39.6700,0.59,0.68,-2.77,0.29,-0.13,0.11
2024-03-25 17:0:39.6800,0.55,0.77,-2.78,0.28,-0.07,0.2
2024-03-25 17:0:39.6900,0.44,1.06,-2.78,0.2,-0.05,0.34
2024-03-25 17:0:39.7000,0.3,1.27,-2.69,0.11,-0.06,0.48
2024-03-25 17:0:39.7100,0.29,1.29,-2.18,0.04,-0.08,0.57
2024-03-25 17:0:39.7200,0.62,1.14,-1.56,0.04,-0.07,0.62
2024-03-25 17:0:39.7300,0.87,0.61,-0.45,0.17,-0.13,0.58
2024-03-25 17:0:39.7400,1.26,0.3,0.74,0.31,-0.23,0.5
2024-03-25 17:0:39.7500,1.37,0.08,1.22,0.4,-0.4,0.4
2024-03-25 17:0:39.7600,1.54,0.1,1.26,0.42,-0.58,0.25
2024-03-25 17:0:39.7700,1.84,0.2,0.99,0.38,-0.69,0.09
2024-03-25 17:0:39.7800,2.1,0.38,0.51,0.32,-0.65,-0.04
2024-03-25 17:0:39.7900,2.17,0.58,0.28,0.3,-0.46,-0.13
2024-03-25 17:0:39.8000,2.14,0.75,0.38,0.34,-0.18,-0.21
2024-03-25 17:0:39.8100,2.04,0.82,0.59,0.41,0.15,-0.28
2024-03-25 17:0:39.8200,1.89,0.78,0.81,0.5,0.41,-0.38
2024-03-25 17:0:39.8300,1.62,0.72,1.05,0.57,0.52,-0.51
2024-03-25 17:0:39.8400,1.19,0.76,1.03,0.56,0.54,-0.64
2024-03-25 17:0:39.8500,0.79,0.89,0.88,0.51,0.5,-0.7
2024-03-25 17:0:39.8600,0.11,1.18,1.25,0.5,0.46,-0.68
2024-03-25 17:0:39.8700,-0.53,1.47,2.02,0.57,0.4,-0.61
2024-03-25 17:0:39.8800,-0.75,1.89,2.83,0.7,0.31,-0.54
2024-03-25 17:0:39.8900,-0.81,2.31,3.07,0.72,0.26,-0.43
2024-03-25 17:0:39.9000,-1.24,2.33,2.32,0.53,0.33,-0.21
2024-03-25 17:0:39.9100,-2.04,1.98,1.44,0.25,0.48,0.14
2024-03-25 17:0:39.9200,-2.75,1.23,1.7,0.14,0.48,0.44
2024-03-25 17:0:39.9300,-2.54,-0.11,3.14,0.2,0.31,0.55
2024-03-25 17:0:39.9400,-1.88,-1.85,3.91,0.28,0.05,0.53
2024-03-25 17:0:39.9500,-1.19,-3.16,3.46,0.27,-0.18,0.39
2024-03-25 17:0:39.9600,-0.54,-3.99,2.53,0.2,-0.31,0.24
2024-03-25 17:0:39.9700,-0.39,-4.32,1.71,0.11,-0.32,0.17
2024-03-25 17:0:39.9800,-0.77,-4.33,1.18,0.09,-0.25,0.17
2024-03-25 17:0:39.9900,-1.28,-4.2,0.81,0.09,-0.1,0.19
2024-03-25 17:0:40.0000,-1.7,-4.0,0.19,0.05,0.12,0.2
2024-03-25 17:0:40.0100,-1.99,-3.6,-0.67,-0.04,0.32,0.17
2024-03-25 17:0:40.0200,-2.2,-3.04,-1.43,-0.13,0.47,0.12
2024-03-25 17:0:40.0300,-2.45,-2.25,-1.77,-0.19,0.56,0.11
2024-03-25 17:0:40.0400,-2.81,-1.43,-1.86,-0.21,0.55,0.16
2024-03-25 17:0:40.0500,-3.27,-0.74,-2.04,-0.25,0.46,0.26
2024-03-25 17:0:40.0600,-3.42,-0.25,-2.49,-0.35,0.32,0.34
2024-03-25 17:0:40.0700,-3.16,0.07,-3.13,-0.46,0.16,0.42
2024-03-25 17:0:40.0800,-2.85,0.28,-3.59,-0.55,0.03,0.48
2024-03-25 17:0:40.0900,-2.48,0.33,-3.73,-0.57,-0.01,0.54
2024-03-25 17:0:40.1000,-2.11,0.22,-3.58,-0.53,0.06,0.6
2024-03-25 17:0:40.1100,-1.64,0.14,-3.35,-0.45,0.18,0.64
2024-03-25 17:0:40.1200,-1.26,0.01,-3.3,-0.36,0.29,0.68
2024-03-25 17:0:40.1300,-0.95,-0.15,-3.13,-0.27,0.32,0.68
2024-03-25 17:0:40.1400,-0.48,-0.2,-3.05,-0.2,0.29,0.66
2024-03-25 17:0:40.1500,-0.14,-0.21,-3.24,-0.15,0.21,0.65
2024-03-25 17:0:40.1600,0.07,-0.17,-3.42,-0.16,0.11,0.64
2024-03-25 17:0:40.1700,0.22,-0.05,-3.69,-0.23,0.06,0.69
2024-03-25 17:0:40.1800,0.15,0.1,-3.82,-0.32,0.05,0.78
2024-03-25 17:0:40.1900,0.18,0.33,-3.58,-0.4,0.07,0.86
2024-03-25 17:0:40.2000,0.57,0.4,-3.24,-0.46,0.11,0.88
2024-03-25 17:0:40.2100,1.16,0.2,-2.65,-0.45,0.15,0.83
2024-03-25 17:0:40.2200,1.8,-0.11,-1.65,-0.34,0.18,0.68
2024-03-25 17:0:40.2300,2.51,-0.37,-0.55,-0.17,0.18,0.45
2024-03-25 17:0:40.2400,3.07,-0.57,0.25,-0.05,0.14,0.21
2024-03-25 17:0:40.2500,3.09,-0.43,0.5,-0.02,0.03,0.04
2024-03-25 17:0:40.2600,2.63,-0.11,0.51,-0.02,-0.09,-0.06
2024-03-25 17:0:40.2700,2.1,0.26,0.75,-0.06,-0.17,-0.08
2024-03-25 17:0:40.2800,1.51,0.63,0.96,-0.15,-0.16,-0.03
2024-03-25 17:0:40.2900,1.06,0.99,1.2,-0.21,-0.12,0.03
2024-03-25 17:0:40.3000,1.04,1.22,1.79,-0.23,-0.09,0.03
2024-03-25 17:0:40.3100,1.13,1.19,2.61,-0.18,-0.12,-0.04
2024-03-25 17:0:40.3200,1.3,0.99,3.46,-0.09,-0.21,-0.19
2024-03-25 17:0:40.3300,1.42,0.88,4.03,0.02,-0.31,-0.36
2024-03-25 17:0:40.3400,1.35,0.88,4.37,0.17,-0.41,-0.54
2024-03-25 17:0:40.3500,1.08,1.03,4.62,0.33,-0.49,-0.69
2024-03-25 17:0:40.3600,0.76,1.33,4.54,0.47,-0.54,-0.83
2024-03-25 17:0:40.3700,0.57,1.67,4.16,0.63,-0.57,-0.94
2024-03-25 17:0:40.3800,0.41,2.16,3.93,0.77,-0.55,-1.02
2024-03-25 17:0:40.3900,0.3,2.74,3.59,0.83,-0.41,-0.98
2024-03-25 17:0:40.4000,-0.17,3.21,3.02,0.73,-0.2,-0.76
2024-03-25 17:0:40.4100,-1.02,2.9,2.32,0.59,0.01,-0.41
2024-03-25 17:0:40.4200,-1.55,1.8,2.63,0.55,0.11,-0.15
2024-03-25 17:0:40.4300,-1.04,0.35,3.51,0.53,0.08,-0.05
2024-03-25 17:0:40.4400,-0.43,-1.21,3.62,0.5,-0.05,-0.06
2024-03-25 17:0:40.4500,0.17,-2.33,3.4,0.49,-0.23,-0.22
2024-03-25 17:0:40.4600,0.94,-3.14,3.3,0.52,-0.36,-0.4
2024-03-25 17:0:40.4700,1.17,-3.51,3.24,0.58,-0.37,-0.52
2024-03-25 17:0:40.4800,0.88,-3.6,2.77,0.63,-0.28,-0.54
2024-03-25 17:0:40.4900,0.54,-3.42,1.92,0.59,-0.11,-0.51
2024-03-25 17:0:40.5000,0.3,-3.22,0.76,0.45,0.04,-0.44
2024-03-25 17:0:40.5100,-0.01,-3.11,-0.38,0.23,0.13,-0.38
2024-03-25 17:0:40.5200,-0.35,-3.12,-1.21,-0.02,0.11,-0.31
2024-03-25 17:0:40.5300,-0.6,-3.19,-1.69,-0.26,0.01,-0.29
2024-03-25 17:0:40.5400,-0.59,-3.13,-1.91,-0.42,-0.15,-0.33
2024-03-25 17:0:40.5500,-0.31,-2.76,-1.89,-0.48,-0.3,-0.4
2024-03-25 17:0:40.5600,0.02,-2.03,-1.9,-0.49,-0.38,-0.47
2024-03-25 17:0:40.5700,0.21,-1.27,-2.22,-0.46,-0.37,-0.51
2024-03-25 17:0:40.5800,0.16,-0.52,-2.58,-0.45,-0.3,-0.48
2024-03-25 17:0:40.5900,-0.09,0.14,-2.93,-0.44,-0.2,-0.39
2024-03-25 17:0:40.6000,-0.33,0.74,-3.08,-0.44,-0.11,-0.25
2024-03-25 17:0:40.6100,-0.46,1.18,-3.03,-0.42,-0.08,-0.11
2024-03-25 17:0:40.6200,-0.37,1.34,-2.89,-0.38,-0.1,-0.03
2024-03-25 17:0:40.6300,0.0,1.27,-2.71,-0.33,-0.15,-0.01
2024-03-25 17:0:40.6390,0.38,0.99,-2.7,-0.26,-0.17,-0.01
2024-03-25 17:0:40.6500,0.56,0.61,-2.67,-0.2,-0.17,-0.02
2024-03-25 17:0:40.6600,0.63,0.11,-2.75,-0.16,-0.12,-0.02
2024-03-25 17:0:40.6700,0.53,-0.39,-2.75,-0.13,-0.03,-0.02
2024-03-25 17:0:40.6800,0.45,-0.76,-2.66,-0.09,0.05,-0.01
2024-03-25 17:0:40.6900,0.33,-1.01,-2.42,-0.04,0.07,-0.03
2024-03-25 17:0:40.6990,0.29,-1.12,-2.21,0.01,0.0,-0.08
2024-03-25 17:0:40.7090,0.39,-1.13,-2.31,0.01,-0.1,-0.18
2024-03-25 17:0:40.7190,0.51,-1.05,-2.56,-0.01,-0.19,-0.27
2024-03-25 17:0:40.7300,0.49,-0.82,-2.87,-0.06,-0.19,-0.32
2024-03-25 17:0:40.7400,0.26,-0.48,-3.13,-0.12,-0.12,-0.3
2024-03-25 17:0:40.7490,-0.12,-0.08,-3.16,-0.22,-0.04,-0.21
2024-03-25 17:0:40.7600,-0.58,0.35,-3.02,-0.31,0.05,-0.11
2024-03-25 17:0:40.7690,-0.67,0.85,-2.7,-0.39,0.11,-0.01
2024-03-25 17:0:40.7790,-0.65,1.19,-2.22,-0.44,0.15,0.06
2024-03-25 17:0:40.7900,-0.54,1.46,-1.46,-0.46,0.18,0.1
2024-03-25 17:0:40.8000,-0.24,1.61,-0.77,-0.47,0.23,0.11
2024-03-25 17:0:40.8090,-0.07,1.81,-0.07,-0.49,0.29,0.12
2024-03-25 17:0:40.8190,-0.07,1.94,0.62,-0.51,0.39,0.15
2024-03-25 17:0:40.8300,-0.28,2.02,1.36,-0.51,0.56,0.24
2024-03-25 17:0:40.8400,-0.68,1.99,2.18,-0.49,0.8,0.36
2024-03-25 17:0:40.8490,-1.12,1.73,2.93,-0.43,0.96,0.46
2024-03-25 17:0:40.8590,-1.45,1.36,3.71,-0.33,0.96,0.5
2024-03-25 17:0:40.8700,-1.42,1.12,4.31,-0.22,0.84,0.48
2024-03-25 17:0:40.8790,-1.24,1.05,4.53,-0.11,0.69,0.42
2024-03-25 17:0:40.8890,-0.83,1.22,4.49,0.01,0.6,0.34
2024-03-25 17:0:40.8990,-0.63,1.44,4.36,0.11,0.59,0.32
2024-03-25 17:0:40.9090,-0.93,1.5,4.26,0.18,0.63,0.38
2024-03-25 17:0:40.9190,-1.53,1.38,4.21,0.16,0.73,0.55
2024-03-25 17:0:40.9290,-2.13,0.86,4.21,0.17,0.77,0.74
2024-03-25 17:0:40.9390,-2.18,0.14,4.84,0.26,0.66,0.87
2024-03-25 17:0:40.9490,-1.83,-0.86,5.38,0.4,0.4,0.9
2024-03-25 17:0:40.9600,-1.42,-1.93,5.29,0.43,0.1,0.85
2024-03-25 17:0:40.9690,-1.05,-2.76,4.17,0.3,-0.15,0.79
2024-03-25 17:0:40.9790,-0.75,-3.27,2.78,0.12,-0.3,0.74
2024-03-25 17:0:40.9890,-0.54,-3.64,2.18,0.04,-0.36,0.69
2024-03-25 17:0:40.9990,-0.36,-3.95,2.26,0.07,-0.35,0.62
2024-03-25 17:0:41.0090,-0.16,-4.24,2.12,0.12,-0.32,0.52
2024-03-25 17:0:41.0190,0.12,-4.42,1.41,0.15,-0.27,0.39
2024-03-25 17:0:41.0300,0.45,-4.35,0.47,0.16,-0.25,0.22
2024-03-25 17:0:41.0390,0.69,-4.01,-0.59,0.15,-0.27,0.06
2024-03-25 17:0:41.0490,0.69,-3.41,-1.63,0.1,-0.34,-0.06
2024-03-25 17:0:41.0590,0.47,-2.67,-2.53,0.0,-0.41,-0.12
2024-03-25 17:0:41.0690,0.25,-1.94,-3.43,-0.12,-0.44,-0.12
2024-03-25 17:0:41.0790,0.18,-1.36,-4.12,-0.23,-0.44,-0.1
2024-03-25 17:0:41.0890,0.17,-0.94,-4.41,-0.29,-0.4,-0.05
2024-03-25 17:0:41.0990,0.01,-0.6,-4.41,-0.3,-0.31,0.01
2024-03-25 17:0:41.1090,-0.09,-0.27,-4.44,-0.31,-0.2,0.09
2024-03-25 17:0:41.1190,-0.23,-0.07,-4.5,-0.32,-0.13,0.18
2024-03-25 17:0:41.1290,-0.39,0.11,-4.41,-0.31,-0.1,0.26
2024-03-25 17:0:41.1390,-0.46,0.19,-4.11,-0.28,-0.11,0.29
2024-03-25 17:0:41.1500,-0.29,0.12,-3.67,-0.23,-0.15,0.26
2024-03-25 17:0:41.1590,-0.01,0.09,-3.52,-0.22,-0.19,0.22
2024-03-25 17:0:41.1690,0.0,0.12,-3.64,-0.23,-0.19,0.2
2024-03-25 17:0:41.1790,-0.14,0.21,-3.55,-0.24,-0.15,0.17
2024-03-25 17:0:41.1890,-0.2,0.39,-3.44,-0.28,-0.07,0.17
2024-03-25 17:0:41.1990,-0.33,0.59,-3.43,-0.33,0.03,0.2
2024-03-25 17:0:41.2090,-0.55,0.85,-3.12,-0.34,0.12,0.25
2024-03-25 17:0:41.2190,-0.68,1.02,-2.48,-0.31,0.19,0.27
2024-03-25 17:0:41.2290,-0.53,1.08,-1.71,-0.28,0.25,0.25
2024-03-25 17:0:41.2390,-0.43,1.08,-1.18,-0.25,0.24,0.22
2024-03-25 17:0:41.2490,-0.51,1.2,-0.62,-0.21,0.19,0.18
2024-03-25 17:0:41.2590,-0.59,1.35,-0.01,-0.17,0.15,0.15
2024-03-25 17:0:41.2690,-0.55,1.46,0.57,-0.11,0.14,0.11
2024-03-25 17:0:41.2790,-0.43,1.54,1.15,-0.03,0.16,0.06
2024-03-25 17:0:41.2890,-0.36,1.58,1.69,0.06,0.19,0.0
2024-03-25 17:0:41.2990,-0.41,1.62,2.06,0.14,0.21,-0.06
2024-03-25 17:0:41.3090,-0.5,1.7,2.28,0.19,0.19,-0.1
2024-03-25 17:0:41.3190,-0.6,1.86,2.43,0.23,0.14,-0.13
2024-03-25 17:0:41.3290,-0.74,1.95,2.52,0.26,0.07,-0.13
2024-03-25 17:0:41.3390,-0.76,2.0,2.63,0.29,0.0,-0.15
2024-03-25 17:0:41.3490,-0.63,2.01,2.59,0.31,-0.03,-0.16
2024-03-25 17:0:41.3590,-0.46,1.89,2.43,0.4,0.02,-0.19
2024-03-25 17:0:41.3690,-0.12,1.67,2.55,0.56,0.08,-0.28
2024-03-25 17:0:41.3790,0.52,1.7,2.57,0.69,0.17,-0.4
2024-03-25 17:0:41.3890,0.85,1.96,2.07,0.75,0.28,-0.4
2024-03-25 17:0:41.3990,0.57,2.23,1.79,0.65,0.37,-0.22
2024-03-25 17:0:41.4090,-0.23,2.07,1.53,0.4,0.44,0.16
2024-03-25 17:0:41.4190,-1.14,1.19,1.81,0.15,0.38,0.56
2024-03-25 17:0:41.4290,-1.26,-0.28,2.65,-0.04,0.15,0.74
2024-03-25 17:0:41.4390,-0.47,-1.86,3.25,-0.23,-0.19,0.74
2024-03-25 17:0:41.4490,0.41,-3.01,3.22,-0.37,-0.56,0.57
2024-03-25 17:0:41.4590,1.32,-3.94,3.29,-0.38,-0.83,0.26
2024-03-25 17:0:41.4690,2.21,-4.45,3.72,-0.2,-0.89,-0.08
2024-03-25 17:0:41.4790,2.69,-4.5,4.05,0.06,-0.79,-0.37
2024-03-25 17:0:41.4890,2.63,-4.1,3.43,0.19,-0.6,-0.53
2024-03-25 17:0:41.4990,2.2,-3.35,1.87,0.16,-0.42,-0.58
2024-03-25 17:0:41.5090,1.64,-2.49,0.33,-0.01,-0.28,-0.58
2024-03-25 17:0:41.5190,1.19,-1.81,-0.72,-0.28,-0.17,-0.52
2024-03-25 17:0:41.5290,0.82,-1.41,-1.27,-0.55,-0.01,-0.43
2024-03-25 17:0:41.5390,0.5,-1.28,-1.1,-0.7,0.12,-0.36
2024-03-25 17:0:41.5490,0.37,-1.23,-0.15,-0.72,0.21,-0.36
2024-03-25 17:0:41.5590,0.43,-1.19,0.7,-0.65,0.21,-0.4
2024-03-25 17:0:41.5690,0.35,-1.13,1.05,-0.52,0.12,-0.48
2024-03-25 17:0:41.5790,0.21,-0.99,1.19,-0.34,0.01,-0.56
2024-03-25 17:0:41.5890,0.0,-0.81,1.03,-0.15,-0.09,-0.63
2024-03-25 17:0:41.5990,-0.22,-0.55,0.45,-0.01,-0.16,-0.66
2024-03-25 17:0:41.6090,-0.42,-0.2,-0.64,0.05,-0.17,-0.62
2024-03-25 17:0:41.6190,-0.68,0.12,-1.86,0.07,-0.14,-0.54
2024-03-25 17:0:41.6290,-0.79,0.35,-2.6,0.1,-0.09,-0.43
2024-03-25 17:0:41.6390,-0.78,0.48,-3.09,0.12,-0.04,-0.32
2024-03-25 17:0:41.6490,-0.63,0.58,-3.58,0.1,-0.01,-0.22
2024-03-25 17:0:41.6590,-0.43,0.61,-4.14,0.04,0.0,-0.13
2024-03-25 17:0:41.6690,-0.28,0.47,-4.54,-0.01,0.02,-0.06
2024-03-25 17:0:41.6790,-0.12,0.38,-4.55,-0.08,0.03,0.0
2024-03-25 17:0:41.6890,-0.12,0.19,-4.48,-0.13,0.12,0.08
2024-03-25 17:0:41.6990,0.12,0.03,-4.01,-0.07,0.39,0.14
2024-03-25 17:0:41.7090,0.36,0.01,-3.32,0.03,0.63,0.18
2024-03-25 17:0:41.7190,0.6,-0.07,-2.85,0.05,0.8,0.19
2024-03-25 17:0:41.7290,0.71,-0.29,-2.73,0.03,0.82,0.17
2024-03-25 17:0:41.7390,0.72,-0.49,-2.24,0.03,0.66,0.11
2024-03-25 17:0:41.7490,0.72,-0.52,-1.47,0.03,0.35,0.04
2024-03-25 17:0:41.7590,0.45,-0.54,-0.83,0.03,-0.04,-0.02
2024-03-25 17:0:41.7690,0.41,-0.42,-0.52,-0.01,-0.36,-0.11
2024-03-25 17:0:41.7790,0.58,-0.24,-0.57,-0.08,-0.52,-0.19
2024-03-25 17:0:41.7890,0.89,0.04,-0.76,-0.14,-0.53,-0.28
2024-03-25 17:0:41.7990,1.09,0.43,-0.53,-0.16,-0.39,-0.36
2024-03-25 17:0:41.8090,1.07,0.86,0.05,-0.16,-0.24,-0.4
2024-03-25 17:0:41.8190,0.75,1.24,0.78,-0.13,-0.11,-0.41
2024-03-25 17:0:41.8290,0.42,1.5,1.56,-0.1,-0.02,-0.4
2024-03-25 17:0:41.8390,0.21,1.63,2.17,-0.04,0.06,-0.39
2024-03-25 17:0:41.8490,0.12,1.71,2.88,0.06,0.15,-0.39
2024-03-25 17:0:41.8590,0.07,1.72,3.56,0.19,0.22,-0.4
2024-03-25 17:0:41.8690,0.0,1.74,4.12,0.32,0.29,-0.4
2024-03-25 17:0:41.8790,-0.23,1.64,4.46,0.45,0.38,-0.39
2024-03-25 17:0:41.8890,-0.42,1.49,4.73,0.61,0.44,-0.37
2024-03-25 17:0:41.8990,-0.57,1.49,4.87,0.75,0.44,-0.35
2024-03-25 17:0:41.9090,-0.65,1.73,4.75,0.78,0.4,-0.3
2024-03-25 17:0:41.9190,-1.05,1.9,4.01,0.65,0.4,-0.14
2024-03-25 17:0:41.9290,-1.87,1.76,3.17,0.44,0.48,0.15
2024-03-25 17:0:41.9390,-2.57,1.35,3.09,0.35,0.49,0.49
2024-03-25 17:0:41.9490,-2.69,0.35,4.01,0.42,0.36,0.67
2024-03-25 17:0:41.9590,-1.93,-1.23,4.51,0.52,0.12,0.67
2024-03-25 17:0:41.9690,-1.05,-2.65,3.77,0.56,-0.11,0.53
2024-03-25 17:0:41.9790,-0.18,-3.49,2.49,0.51,-0.26,0.35
2024-03-25 17:0:41.9890,0.31,-3.88,1.19,0.38,-0.26,0.2
2024-03-25 17:0:41.9990,0.36,-3.88,0.17,0.23,-0.14,0.13
2024-03-25 17:0:42.0090,0.08,-3.8,-0.37,0.13,0.03,0.12
2024-03-25 17:0:42.0190,-0.21,-3.68,-0.52,0.05,0.17,0.13
2024-03-25 17:0:42.0290,-0.43,-3.6,-0.72,-0.03,0.24,0.1
2024-03-25 17:0:42.0390,-0.48,-3.44,-1.14,-0.15,0.22,0.03
2024-03-25 17:0:42.0490,-0.43,-3.02,-1.59,-0.27,0.11,-0.05
2024-03-25 17:0:42.0590,-0.43,-2.42,-1.98,-0.38,-0.02,-0.11
2024-03-25 17:0:42.0690,-0.51,-1.87,-2.2,-0.44,-0.11,-0.12
2024-03-25 17:0:42.0790,-0.66,-1.44,-2.22,-0.42,-0.17,-0.08
2024-03-25 17:0:42.0890,-0.73,-1.07,-2.21,-0.36,-0.22,-0.02
2024-03-25 17:0:42.0990,-0.72,-0.76,-2.38,-0.29,-0.25,0.04
2024-03-25 17:0:42.1090,-0.63,-0.49,-2.76,-0.26,-0.26,0.09
2024-03-25 17:0:42.1190,-0.51,-0.27,-3.37,-0.27,-0.24,0.13
2024-03-25 17:0:42.1290,-0.4,-0.09,-3.98,-0.32,-0.2,0.19
2024-03-25 17:0:42.1390,-0.46,0.04,-4.31,-0.35,-0.15,0.28
2024-03-25 17:0:42.1490,-0.62,0.17,-4.29,-0.36,-0.14,0.37
2024-03-25 17:0:42.1590,-0.62,0.14,-3.94,-0.31,-0.19,0.42
2024-03-25 17:0:42.1690,-0.45,0.03,-3.31,-0.21,-0.28,0.43
2024-03-25 17:0:42.1790,-0.18,-0.13,-2.72,-0.09,-0.42,0.36
2024-03-25 17:0:42.1890,0.18,-0.22,-2.39,-0.04,-0.54,0.27
2024-03-25 17:0:42.1990,0.39,-0.09,-2.53,-0.08,-0.6,0.21
2024-03-25 17:0:42.2090,0.42,0.09,-2.79,-0.16,-0.59,0.17
2024-03-25 17:0:42.2190,0.43,0.35,-2.74,-0.23,-0.48,0.16
2024-03-25 17:0:42.2290,0.37,0.54,-2.34,-0.21,-0.29,0.19
2024-03-25 17:0:42.2390,0.35,0.75,-1.56,-0.13,-0.1,0.21
2024-03-25 17:0:42.2490,0.48,0.76,-0.84,-0.0,0.04,0.16
2024-03-25 17:0:42.2590,0.66,0.75,-0.26,0.14,0.1,0.07
2024-03-25 17:0:42.2690,0.77,0.62,0.11,0.24,0.08,-0.07
2024-03-25 17:0:42.2790,0.85,0.66,0.14,0.26,0.02,-0.19
2024-03-25 17:0:42.2890,0.69,0.84,-0.06,0.21,-0.0,-0.26
2024-03-25 17:0:42.2990,0.38,1.06,-0.11,0.14,0.04,-0.26
2024-03-25 17:0:42.3090,-0.16,1.27,0.06,0.03,0.15,-0.18
2024-03-25 17:0:42.3190,-0.69,1.41,0.43,-0.06,0.23,-0.08
2024-03-25 17:0:42.3290,-0.94,1.47,1.11,-0.1,0.23,-0.02
2024-03-25 17:0:42.3380,-1.03,1.43,2.0,-0.09,0.14,-0.02
2024-03-25 17:0:42.3490,-0.95,1.26,2.68,-0.06,0.01,-0.09
2024-03-25 17:0:42.3590,-0.7,1.09,3.11,0.02,-0.11,-0.21
2024-03-25 17:0:42.3690,-0.42,1.05,3.53,0.16,-0.19,-0.37
2024-03-25 17:0:42.3790,-0.25,1.18,3.78,0.33,-0.2,-0.53
2024-03-25 17:0:42.3890,-0.11,1.42,3.63,0.51,-0.15,-0.65
2024-03-25 17:0:42.3990,-0.07,1.77,3.37,0.68,-0.08,-0.77
2024-03-25 17:0:42.4080,-0.02,2.24,2.93,0.78,-0.09,-0.85
2024-03-25 17:0:42.4190,-0.04,2.95,2.42,0.8,-0.12,-0.83
2024-03-25 17:0:42.4280,-0.39,3.45,1.91,0.71,-0.05,-0.61
2024-03-25 17:0:42.4380,-0.88,3.36,1.53,0.6,0.09,-0.27
2024-03-25 17:0:42.4490,-1.11,2.5,1.65,0.53,0.23,0.03
2024-03-25 17:0:42.4580,-0.76,1.01,2.17,0.5,0.3,0.22
2024-03-25 17:0:42.4690,-0.14,-0.65,2.51,0.46,0.21,0.27
2024-03-25 17:0:42.4780,0.56,-1.73,2.43,0.37,0.04,0.17
2024-03-25 17:0:42.4880,1.21,-2.54,2.18,0.31,-0.11,0.04
2024-03-25 17:0:42.4980,1.59,-2.99,2.26,0.35,-0.18,-0.08
2024-03-25 17:0:42.5080,1.55,-3.23,2.53,0.45,-0.15,-0.15
2024-03-25 17:0:42.5180,1.35,-3.28,2.28,0.49,-0.04,-0.18
2024-03-25 17:0:42.5280,1.15,-3.08,1.37,0.42,0.08,-0.18
2024-03-25 17:0:42.5380,0.82,-2.79,0.23,0.24,0.19,-0.12
2024-03-25 17:0:42.5490,0.33,-2.54,-0.72,0.01,0.28,0.0
2024-03-25 17:0:42.5580,-0.14,-2.37,-1.22,-0.22,0.3,0.13
2024-03-25 17:0:42.5680,-0.31,-2.41,-1.41,-0.44,0.22,0.24
2024-03-25 17:0:42.5780,-0.17,-2.63,-1.45,-0.6,0.06,0.23
2024-03-25 17:0:42.5880,0.44,-2.81,-1.35,-0.69,-0.09,0.12
2024-03-25 17:0:42.5980,1.05,-2.72,-1.32,-0.7,-0.17,-0.01
2024-03-25 17:0:42.6080,1.24,-2.4,-1.23,-0.63,-0.19,-0.13
2024-03-25 17:0:42.6180,1.27,-2.1,-1.31,-0.54,-0.14,-0.24
2024-03-25 17:0:42.6280,1.17,-1.78,-1.69,-0.46,-0.06,-0.31
2024-03-25 17:0:42.6380,0.96,-1.4,-2.21,-0.4,-0.0,-0.35
2024-03-25 17:0:42.6480,0.7,-0.97,-2.66,-0.34,0.04,-0.37
2024-03-25 17:0:42.6580,0.51,-0.53,-3.02,-0.29,0.07,-0.38
2024-03-25 17:0:42.6680,0.33,-0.16,-3.36,-0.24,0.08,-0.36
2024-03-25 17:0:42.6780,0.09,0.17,-3.65,-0.21,0.1,-0.31
2024-03-25 17:0:42.6880,-0.12,0.48,-3.98,-0.23,0.12,-0.21
2024-03-25 17:0:42.6980,-0.48,0.71,-4.17,-0.24,0.14,-0.08
2024-03-25 17:0:42.7080,-0.6,0.9,-3.98,-0.27,0.15,0.05
2024-03-25 17:0:42.7180,-0.5,0.89,-3.72,-0.29,0.13,0.16
2024-03-25 17:0:42.7280,-0.28,0.81,-3.24,-0.28,0.08,0.24
2024-03-25 17:0:42.7380,-0.03,0.62,-2.61,-0.24,0.05,0.29
2024-03-25 17:0:42.7480,0.21,0.36,-2.03,-0.2,0.02,0.31
2024-03-25 17:0:42.7580,0.45,0.12,-1.79,-0.21,0.01,0.32
2024-03-25 17:0:42.7680,0.5,-0.03,-1.76,-0.24,-0.01,0.33
2024-03-25 17:0:42.7780,0.54,0.02,-1.59,-0.27,-0.05,0.33
2024-03-25 17:0:42.7880,0.71,0.1,-1.35,-0.29,-0.1,0.29
2024-03-25 17:0:42.7980,0.9,0.32,-1.13,-0.31,-0.14,0.25
2024-03-25 17:0:42.8080,0.98,0.59,-1.03,-0.34,-0.11,0.22
2024-03-25 17:0:42.8180,0.97,0.94,-0.79,-0.38,0.01,0.23
2024-03-25 17:0:42.8280,0.82,1.18,-0.37,-0.4,0.21,0.28
2024-03-25 17:0:42.8380,0.48,1.39,0.38,-0.41,0.45,0.35
2024-03-25 17:0:42.8480,0.28,1.54,1.18,-0.4,0.69,0.39
2024-03-25 17:0:42.8580,0.32,1.48,2.15,-0.34,0.83,0.37
2024-03-25 17:0:42.8680,0.47,1.32,3.28,-0.25,0.82,0.26
2024-03-25 17:0:42.8780,0.63,1.15,4.24,-0.15,0.72,0.12
2024-03-25 17:0:42.8880,0.54,1.02,5.03,-0.03,0.6,0.0
2024-03-25 17:0:42.8980,0.27,0.99,5.69,0.13,0.49,-0.1
2024-03-25 17:0:42.9080,0.02,1.21,6.22,0.29,0.38,-0.16
2024-03-25 17:0:42.9180,-0.4,1.53,6.07,0.33,0.28,-0.15
2024-03-25 17:0:42.9280,-1.08,1.79,5.45,0.29,0.24,-0.03
2024-03-25 17:0:42.9380,-1.73,1.95,5.14,0.25,0.29,0.18
2024-03-25 17:0:42.9480,-2.32,1.49,5.53,0.4,0.27,0.4
2024-03-25 17:0:42.9580,-2.31,0.64,6.6,0.73,0.07,0.5
2024-03-25 17:0:42.9680,-1.65,-0.67,6.83,0.95,-0.25,0.43
2024-03-25 17:0:42.9780,-0.76,-1.8,4.99,0.92,-0.53,0.34
2024-03-25 17:0:42.9880,-0.36,-2.22,2.57,0.72,-0.6,0.31
2024-03-25 17:0:42.9980,-0.33,-2.46,1.07,0.52,-0.48,0.32
2024-03-25 17:0:43.0080,-0.34,-2.71,0.71,0.39,-0.23,0.38
2024-03-25 17:0:43.0180,-0.55,-3.16,0.94,0.35,-0.03,0.41
2024-03-25 17:0:43.0280,-0.78,-3.8,1.13,0.32,0.02,0.38
2024-03-25 17:0:43.0380,-0.92,-4.36,0.93,0.28,-0.03,0.28
2024-03-25 17:0:43.0480,-0.98,-4.72,0.47,0.23,-0.15,0.13
2024-03-25 17:0:43.0580,-1.03,-4.7,-0.07,0.17,-0.27,-0.01
2024-03-25 17:0:43.0680,-1.16,-4.43,-0.88,0.13,-0.34,-0.11
2024-03-25 17:0:43.0780,-1.29,-3.98,-1.47,0.11,-0.38,-0.22
2024-03-25 17:0:43.0880,-1.33,-3.26,-2.19,0.05,-0.36,-0.25
2024-03-25 17:0:43.0980,-1.51,-2.43,-3.13,0.01,-0.3,-0.22
2024-03-25 17:0:43.1080,-1.59,-1.47,-3.73,-0.02,-0.2,-0.15
2024-03-25 17:0:43.1180,-1.62,-0.68,-4.23,-0.05,-0.08,-0.02
2024-03-25 17:0:43.1280,-1.86,-0.12,-4.74,-0.12,0.08,0.16
2024-03-25 17:0:43.1380,-2.03,0.56,-5.2,-0.22,0.19,0.35
2024-03-25 17:0:43.1480,-2.1,0.83,-5.46,-0.32,0.18,0.51
2024-03-25 17:0:43.1580,-1.83,0.93,-5.44,-0.41,0.1,0.62
2024-03-25 17:0:43.1680,-1.45,0.85,-5.13,-0.43,0.01,0.67
2024-03-25 17:0:43.1780,-1.03,0.79,-4.58,-0.39,-0.06,0.69
2024-03-25 17:0:43.1880,-0.58,0.74,-4.12,-0.35,-0.09,0.69
2024-03-25 17:0:43.1980,-0.19,0.66,-3.9,-0.31,-0.09,0.68
2024-03-25 17:0:43.2080,0.18,0.67,-3.63,-0.3,-0.07,0.67
2024-03-25 17:0:43.2180,0.4,0.71,-3.4,-0.28,-0.04,0.69
2024-03-25 17:0:43.2280,0.51,0.68,-3.04,-0.24,-0.01,0.73
2024-03-25 17:0:43.2380,0.55,0.57,-2.51,-0.21,0.01,0.75
2024-03-25 17:0:43.2480,0.77,0.34,-2.12,-0.21,-0.04,0.73
2024-03-25 17:0:43.2580,1.02,0.12,-1.86,-0.26,-0.14,0.67
2024-03-25 17:0:43.2680,1.26,-0.11,-1.61,-0.3,-0.25,0.57
2024-03-25 17:0:43.2780,1.47,-0.21,-1.14,-0.32,-0.3,0.46
2024-03-25 17:0:43.2880,1.69,-0.33,-0.64,-0.31,-0.27,0.33
2024-03-25 17:0:43.2980,1.9,-0.42,-0.16,-0.26,-0.15,0.2
2024-03-25 17:0:43.3080,1.85,-0.36,0.38,-0.2,0.03,0.08
2024-03-25 17:0:43.3180,1.59,-0.07,0.89,-0.21,0.16,0.01
2024-03-25 17:0:43.3280,1.0,0.42,1.22,-0.32,0.17,-0.03
2024-03-25 17:0:43.3380,0.53,1.04,1.54,-0.52,0.05,-0.03
2024-03-25 17:0:43.3480,0.25,1.65,2.01,-0.77,-0.2,0.03
2024-03-25 17:0:43.3580,-0.07,2.15,3.05,-0.97,-0.45,0.14
2024-03-25 17:0:43.3680,-0.15,2.21,4.72,-0.97,-0.54,0.23
2024-03-25 17:0:43.3780,0.37,1.87,6.76,-0.73,-0.48,0.21
2024-03-25 17:0:43.3880,1.33,1.37,8.46,-0.33,-0.39,0.01
2024-03-25 17:0:43.3980,2.01,1.04,9.27,0.14,-0.36,-0.32
2024-03-25 17:0:43.4080,2.12,1.05,9.2,0.59,-0.41,-0.68
2024-03-25 17:0:43.4180,1.71,1.74,8.4,0.93,-0.46,-0.89
2024-03-25 17:0:43.4280,0.17,2.44,7.01,1.09,-0.45,-0.8
2024-03-25 17:0:43.4380,-1.85,2.65,5.29,1.11,-0.39,-0.47
2024-03-25 17:0:43.4480,-3.49,1.93,3.94,1.16,-0.32,-0.12
2024-03-25 17:0:43.4580,-3.84,0.75,3.32,1.18,-0.35,0.04
2024-03-25 17:0:43.4680,-2.83,-0.45,2.31,1.11,-0.52,0.0
2024-03-25 17:0:43.4780,-1.87,-1.49,0.86,1.02,-0.66,-0.09
2024-03-25 17:0:43.4880,-1.54,-2.03,-0.15,0.96,-0.68,-0.13
2024-03-25 17:0:43.4980,-1.55,-2.35,-0.74,0.93,-0.51,-0.14
2024-03-25 17:0:43.5080,-1.4,-2.53,-1.33,0.88,-0.22,-0.12
2024-03-25 17:0:43.5180,-1.38,-2.64,-2.02,0.78,0.12,-0.06
2024-03-25 17:0:43.5280,-1.35,-2.67,-2.65,0.6,0.37,0.0
2024-03-25 17:0:43.5380,-1.32,-2.61,-3.25,0.32,0.5,0.06
2024-03-25 17:0:43.5480,-1.37,-2.56,-3.67,0.03,0.56,0.14
2024-03-25 17:0:43.5580,-1.58,-2.53,-3.64,-0.25,0.58,0.23
2024-03-25 17:0:43.5680,-1.73,-2.51,-3.45,-0.51,0.54,0.33
2024-03-25 17:0:43.5780,-1.8,-2.49,-3.08,-0.71,0.47,0.38
2024-03-25 17:0:43.5880,-1.39,-2.3,-2.52,-0.81,0.41,0.36
2024-03-25 17:0:43.5980,-0.77,-1.96,-1.87,-0.84,0.36,0.32
2024-03-25 17:0:43.6080,-0.28,-1.67,-1.53,-0.77,0.32,0.24
2024-03-25 17:0:43.6180,0.06,-1.45,-1.31,-0.63,0.31,0.15
2024-03-25 17:0:43.6280,0.32,-1.27,-1.27,-0.48,0.36,0.05
2024-03-25 17:0:43.6380,0.52,-1.01,-1.6,-0.4,0.41,-0.04
2024-03-25 17:0:43.6480,0.51,-0.69,-2.26,-0.4,0.37,-0.09
2024-03-25 17:0:43.6580,0.28,-0.39,-2.81,-0.44,0.21,-0.13
2024-03-25 17:0:43.6680,0.14,-0.08,-2.93,-0.49,0.0,-0.15
2024-03-25 17:0:43.6780,0.01,0.12,-2.94,-0.49,-0.23,-0.15
2024-03-25 17:0:43.6880,-0.09,0.24,-2.66,-0.42,-0.46,-0.13
2024-03-25 17:0:43.6980,-0.18,0.41,-2.19,-0.3,-0.62,-0.08
2024-03-25 17:0:43.7080,-0.05,0.52,-1.98,-0.17,-0.67,-0.04
2024-03-25 17:0:43.7180,0.24,0.64,-2.1,-0.09,-0.68,-0.01
2024-03-25 17:0:43.7280,0.54,0.8,-2.54,-0.11,-0.69,0.04
2024-03-25 17:0:43.7380,0.73,1.0,-3.03,-0.19,-0.65,0.12
2024-03-25 17:0:43.7480,0.73,1.18,-3.16,-0.24,-0.55,0.27
2024-03-25 17:0:43.7580,0.68,1.32,-2.68,-0.22,-0.44,0.44
2024-03-25 17:0:43.7680,0.82,1.3,-1.92,-0.15,-0.29,0.59
2024-03-25 17:0:43.7780,1.11,1.05,-1.32,-0.06,-0.15,0.67
2024-03-25 17:0:43.7880,1.55,0.79,-0.82,0.02,-0.03,0.68
2024-03-25 17:0:43.7980,1.94,0.48,-0.59,0.08,0.05,0.65
2024-03-25 17:0:43.8080,2.09,0.31,-0.28,0.14,0.09,0.57
2024-03-25 17:0:43.8180,2.27,0.36,-0.07,0.15,0.1,0.47
2024-03-25 17:0:43.8280,2.24,0.44,-0.27,0.11,0.11,0.37
2024-03-25 17:0:43.8380,2.06,0.69,-0.49,0.02,0.18,0.34
2024-03-25 17:0:43.8480,1.5,0.86,-0.45,-0.06,0.33,0.43
2024-03-25 17:0:43.8580,0.63,1.14,0.14,-0.14,0.51,0.61
2024-03-25 17:0:43.8680,-0.03,1.3,0.91,-0.2,0.63,0.75
2024-03-25 17:0:43.8780,-0.23,1.04,1.72,-0.25,0.64,0.81
2024-03-25 17:0:43.8880,-0.12,0.59,2.48,-0.27,0.54,0.76
2024-03-25 17:0:43.8980,0.02,0.04,3.33,-0.18,0.38,0.61
2024-03-25 17:0:43.9080,0.27,-0.25,4.54,0.1,0.19,0.38
2024-03-25 17:0:43.9180,0.65,-0.04,5.76,0.43,0.02,0.1
2024-03-25 17:0:43.9280,0.6,0.52,5.58,0.51,-0.04,-0.02
2024-03-25 17:0:43.9380,-0.56,1.0,3.98,0.36,0.06,0.11
2024-03-25 17:0:43.9480,-1.82,1.88,3.08,0.15,0.3,0.48
2024-03-25 17:0:43.9580,-2.74,2.44,3.49,0.12,0.43,0.89
2024-03-25 17:0:43.9680,-2.78,1.95,4.94,0.25,0.34,1.1
2024-03-25 17:0:43.9780,-2.12,0.43,5.53,0.3,0.11,1.2
2024-03-25 17:0:43.9880,-1.62,-0.79,4.6,0.17,-0.16,1.22
2024-03-25 17:0:43.9980,-1.17,-1.67,3.4,-0.05,-0.39,1.18
2024-03-25 17:0:44.0080,-0.78,-2.6,2.82,-0.22,-0.49,1.09
2024-03-25 17:0:44.0180,-0.44,-3.34,3.04,-0.24,-0.47,0.95
2024-03-25 17:0:44.0270,-0.2,-3.93,3.52,-0.18,-0.39,0.77
2024-03-25 17:0:44.0370,-0.1,-4.31,3.48,-0.11,-0.3,0.55
2024-03-25 17:0:44.0480,-0.15,-4.42,2.89,-0.07,-0.25,0.33
2024-03-25 17:0:44.0580,-0.33,-4.17,2.23,-0.01,-0.25,0.12
2024-03-25 17:0:44.0680,-0.55,-3.66,1.78,0.07,-0.31,-0.04
2024-03-25 17:0:44.0770,-0.8,-3.01,1.23,0.09,-0.41,-0.16
2024-03-25 17:0:44.0870,-0.88,-2.29,0.36,0.1,-0.58,-0.26
2024-03-25 17:0:44.0970,-0.7,-1.53,-0.39,0.1,-0.7,-0.33
2024-03-25 17:0:44.1070,-0.58,-0.9,-0.88,0.14,-0.77,-0.35
2024-03-25 17:0:44.1180,-0.54,-0.42,-1.17,0.23,-0.77,-0.34
2024-03-25 17:0:44.1270,-0.5,-0.16,-1.58,0.37,-0.69,-0.35
2024-03-25 17:0:44.1370,-0.4,-0.11,-2.02,0.54,-0.55,-0.38
2024-03-25 17:0:44.1480,-0.39,-0.19,-2.48,0.72,-0.39,-0.4
2024-03-25 17:0:44.1570,-0.63,-0.26,-3.07,0.87,-0.28,-0.4
2024-03-25 17:0:44.1680,-1.03,-0.27,-3.92,0.92,-0.25,-0.36
2024-03-25 17:0:44.1780,-1.4,-0.28,-4.96,0.87,-0.3,-0.28
2024-03-25 17:0:44.1870,-1.69,-0.25,-5.95,0.73,-0.4,-0.19
2024-03-25 17:0:44.1970,-1.83,-0.19,-6.69,0.54,-0.48,-0.06
2024-03-25 17:0:44.2070,-2.06,-0.14,-7.11,0.35,-0.5,0.1
2024-03-25 17:0:44.2180,-2.08,-0.02,-7.21,0.15,-0.42,0.25
2024-03-25 17:0:44.2270,-1.88,0.01,-7.19,-0.03,-0.21,0.4
2024-03-25 17:0:44.2370,-1.72,-0.13,-6.93,-0.16,0.04,0.51
2024-03-25 17:0:44.2470,-1.56,-0.35,-6.21,-0.22,0.29,0.56
2024-03-25 17:0:44.2570,-1.53,-0.61,-5.28,-0.26,0.46,0.58
2024-03-25 17:0:44.2670,-1.6,-0.59,-4.49,-0.33,0.5,0.58
2024-03-25 17:0:44.2770,-1.76,-0.27,-4.01,-0.48,0.38,0.56
2024-03-25 17:0:44.2870,-1.96,0.41,-3.58,-0.71,0.16,0.61
2024-03-25 17:0:44.2970,-2.44,1.19,-3.04,-0.92,-0.03,0.74
2024-03-25 17:0:44.3070,-2.75,1.88,-1.89,-1.01,-0.04,0.91
2024-03-25 17:0:44.3170,-2.55,2.13,-0.08,-0.93,0.12,1.01
2024-03-25 17:0:44.3270,-1.86,1.9,1.84,-0.75,0.33,0.98
2024-03-25 17:0:44.3370,-1.07,1.62,3.28,-0.6,0.49,0.86
2024-03-25 17:0:44.3470,-0.68,1.34,4.22,-0.5,0.56,0.7
2024-03-25 17:0:44.3570,-0.6,1.22,5.24,-0.38,0.47,0.52
2024-03-25 17:0:44.3680,-0.7,1.28,6.35,-0.22,0.25,0.36
2024-03-25 17:0:44.3770,-0.95,1.4,7.29,-0.02,-0.04,0.23
2024-03-25 17:0:44.3870,-1.11,1.55,7.82,0.19,-0.33,0.12
2024-03-25 17:0:44.3970,-1.01,1.77,7.61,0.32,-0.56,-0.03
2024-03-25 17:0:44.4070,-0.7,2.0,6.63,0.41,-0.63,-0.16
2024-03-25 17:0:44.4170,-0.31,2.29,5.76,0.55,-0.54,-0.28
2024-03-25 17:0:44.4270,-0.03,2.63,5.37,0.7,-0.26,-0.28
2024-03-25 17:0:44.4370,-0.29,2.69,4.93,0.79,0.1,-0.11
2024-03-25 17:0:44.4470,-0.85,2.11,4.41,0.85,0.37,0.14
2024-03-25 17:0:44.4570,-1.23,0.77,4.25,0.9,0.4,0.27
2024-03-25 17:0:44.4670,-0.77,-0.77,4.09,0.92,0.25,0.23
2024-03-25 17:0:44.4770,-0.03,-1.83,3.43,0.86,0.01,0.14
2024-03-25 17:0:44.4870,0.34,-2.28,2.45,0.73,-0.17,0.08
2024-03-25 17:0:44.4970,0.32,-2.46,1.66,0.65,-0.18,0.1
2024-03-25 17:0:44.5070,0.19,-2.58,1.39,0.63,-0.03,0.15
2024-03-25 17:0:44.5170,0.18,-2.82,1.29,0.61,0.18,0.2
2024-03-25 17:0:44.5270,0.21,-3.02,0.79,0.52,0.37,0.23
2024-03-25 17:0:44.5370,0.0,-3.11,0.06,0.37,0.49,0.27
2024-03-25 17:0:44.5470,-0.38,-3.14,-0.4,0.22,0.55,0.32
2024-03-25 17:0:44.5570,-0.81,-3.13,-0.61,0.06,0.52,0.38
2024-03-25 17:0:44.5670,-1.18,-3.18,-0.97,-0.13,0.43,0.42
2024-03-25 17:0:44.5770,-1.21,-3.19,-1.48,-0.32,0.31,0.4
2024-03-25 17:0:44.5870,-0.98,-3.05,-1.87,-0.45,0.19,0.32
2024-03-25 17:0:44.5970,-0.65,-2.59,-1.98,-0.51,0.13,0.26
2024-03-25 17:0:44.6070,-0.49,-2.01,-1.98,-0.5,0.15,0.23
2024-03-25 17:0:44.6170,-0.45,-1.6,-2.09,-0.43,0.24,0.19
2024-03-25 17:0:44.6270,-0.39,-1.3,-2.38,-0.37,0.37,0.16
2024-03-25 17:0:44.6370,-0.44,-0.95,-2.82,-0.33,0.47,0.15
2024-03-25 17:0:44.6470,-0.56,-0.59,-3.26,-0.32,0.54,0.17
2024-03-25 17:0:44.6570,-0.69,-0.21,-3.62,-0.31,0.57,0.22
2024-03-25 17:0:44.6670,-0.78,0.09,-3.76,-0.31,0.53,0.26
2024-03-25 17:0:44.6770,-0.78,0.42,-3.9,-0.32,0.45,0.35
2024-03-25 17:0:44.6870,-0.91,0.53,-4.01,-0.29,0.36,0.45
2024-03-25 17:0:44.6970,-0.92,0.6,-3.74,-0.21,0.3,0.55
2024-03-25 17:0:44.7070,-0.71,0.45,-3.41,-0.11,0.27,0.6
2024-03-25 17:0:44.7170,-0.12,0.23,-3.22,-0.07,0.26,0.62
2024-03-25 17:0:44.7270,0.29,0.11,-3.27,-0.07,0.24,0.68
2024-03-25 17:0:44.7370,0.41,0.27,-3.12,-0.12,0.19,0.75
2024-03-25 17:0:44.7470,0.48,0.42,-2.93,-0.17,0.11,0.84
2024-03-25 17:0:44.7570,0.44,0.5,-2.68,-0.23,0.02,0.94
2024-03-25 17:0:44.7670,0.45,0.44,-2.45,-0.28,-0.08,0.99
2024-03-25 17:0:44.7770,0.69,0.2,-2.25,-0.3,-0.17,0.99
2024-03-25 17:0:44.7870,0.98,-0.09,-1.93,-0.28,-0.28,0.92
2024-03-25 17:0:44.7970,1.39,-0.23,-1.53,-0.27,-0.37,0.77
2024-03-25 17:0:44.8070,1.92,-0.21,-1.46,-0.31,-0.4,0.6
2024-03-25 17:0:44.8170,2.23,-0.04,-1.53,-0.39,-0.36,0.44
2024-03-25 17:0:44.8270,2.38,0.31,-1.36,-0.48,-0.15,0.35
2024-03-25 17:0:44.8370,2.23,0.64,-0.78,-0.53,0.18,0.33
2024-03-25 17:0:44.8470,1.72,0.9,0.31,-0.53,0.52,0.36
2024-03-25 17:0:44.8570,1.15,1.12,1.61,-0.51,0.79,0.4
2024-03-25 17:0:44.8670,0.64,1.15,2.81,-0.45,0.88,0.37
2024-03-25 17:0:44.8770,0.26,0.98,4.01,-0.31,0.79,0.27
2024-03-25 17:0:44.8870,0.04,0.73,5.26,-0.07,0.6,0.09
2024-03-25 17:0:44.8970,-0.12,0.54,6.27,0.24,0.38,-0.1
2024-03-25 17:0:44.9070,-0.36,0.64,6.76,0.54,0.23,-0.26
2024-03-25 17:0:44.9170,-0.82,0.95,6.36,0.75,0.2,-0.33
2024-03-25 17:0:44.9270,-1.31,1.34,5.28,0.89,0.26,-0.33
2024-03-25 17:0:44.9370,-1.73,1.78,4.39,0.97,0.34,-0.26
2024-03-25 17:0:44.9470,-2.51,2.06,3.63,0.92,0.43,-0.07
2024-03-25 17:0:44.9570,-3.65,1.94,2.72,0.77,0.46,0.27
2024-03-25 17:0:44.9670,-4.69,1.44,2.17,0.63,0.35,0.65
2024-03-25 17:0:44.9770,-4.86,0.54,2.09,0.58,0.14,0.88
2024-03-25 17:0:44.9870,-3.87,-0.84,1.92,0.56,-0.05,0.95
2024-03-25 17:0:44.9970,-2.73,-2.33,1.37,0.55,-0.16,0.93
2024-03-25 17:0:45.0070,-2.04,-3.22,0.61,0.42,-0.12,0.86
2024-03-25 17:0:45.0170,-1.51,-3.82,-0.42,0.17,0.11,0.8
2024-03-25 17:0:45.0270,-1.38,-4.26,-0.88,-0.06,0.41,0.78
2024-03-25 17:0:45.0380,-1.69,-4.56,-0.42,-0.18,0.62,0.77
2024-03-25 17:0:45.0470,-2.27,-4.88,0.58,-0.22,0.67,0.77
2024-03-25 17:0:45.0570,-2.89,-5.14,1.21,-0.25,0.54,0.73
2024-03-25 17:0:45.0670,-3.03,-5.15,1.17,-0.33,0.28,0.64
2024-03-25 17:0:45.0770,-2.81,-4.83,0.61,-0.44,0.02,0.5
2024-03-25 17:0:45.0870,-2.49,-4.01,-0.1,-0.57,-0.11,0.43
2024-03-25 17:0:45.0970,-2.4,-2.94,-0.71,-0.68,-0.09,0.47
2024-03-25 17:0:45.1070,-2.39,-2.09,-1.04,-0.69,0.02,0.58
2024-03-25 17:0:45.1170,-2.37,-1.44,-1.06,-0.66,0.17,0.72
2024-03-25 17:0:45.1270,-2.16,-1.03,-1.34,-0.65,0.26,0.84
2024-03-25 17:0:45.1370,-1.81,-0.71,-1.86,-0.66,0.25,0.91
2024-03-25 17:0:45.1470,-1.48,-0.46,-2.31,-0.67,0.13,0.95
2024-03-25 17:0:45.1570,-1.24,-0.18,-2.61,-0.64,-0.05,0.97
2024-03-25 17:0:45.1670,-0.98,0.1,-2.78,-0.58,-0.17,0.98
2024-03-25 17:0:45.1770,-0.65,0.41,-3.07,-0.5,-0.24,1.0
2024-03-25 17:0:45.1870,-0.37,0.75,-3.43,-0.42,-0.27,1.02
2024-03-25 17:0:45.1970,-0.23,1.05,-3.81,-0.38,-0.29,1.08
2024-03-25 17:0:45.2070,-0.15,1.28,-4.25,-0.4,-0.3,1.16
2024-03-25 17:0:45.2170,0.04,1.39,-4.76,-0.49,-0.31,1.24
2024-03-25 17:0:45.2270,0.39,1.31,-5.12,-0.58,-0.32,1.29
2024-03-25 17:0:45.2370,0.77,1.12,-5.07,-0.64,-0.32,1.3
2024-03-25 17:0:45.2470,1.22,0.79,-4.73,-0.64,-0.28,1.23
2024-03-25 17:0:45.2570,1.78,0.34,-4.1,-0.57,-0.2,1.08
2024-03-25 17:0:45.2670,2.2,-0.1,-3.31,-0.48,-0.11,0.89
2024-03-25 17:0:45.2770,2.26,-0.4,-2.81,-0.41,0.02,0.73
2024-03-25 17:0:45.2870,2.08,-0.4,-2.38,-0.36,0.16,0.64
2024-03-25 17:0:45.2970,1.54,-0.39,-1.87,-0.33,0.32,0.6
2024-03-25 17:0:45.3070,1.06,-0.26,-1.14,-0.34,0.46,0.62
2024-03-25 17:0:45.3170,0.51,-0.23,-0.34,-0.37,0.49,0.65
2024-03-25 17:0:45.3270,0.14,-0.24,0.58,-0.38,0.41,0.6
2024-03-25 17:0:45.3370,0.16,-0.3,1.65,-0.29,0.21,0.41
2024-03-25 17:0:45.3470,0.57,-0.32,2.73,-0.09,-0.04,0.1
2024-03-25 17:0:45.3570,0.96,-0.04,3.58,0.13,-0.21,-0.21
2024-03-25 17:0:45.3670,0.82,0.63,3.66,0.29,-0.28,-0.38
2024-03-25 17:0:45.3770,0.27,1.5,3.34,0.41,-0.26,-0.48
2024-03-25 17:0:45.3870,-0.09,2.31,3.09,0.46,-0.2,-0.47
2024-03-25 17:0:45.3970,-0.73,3.03,2.81,0.44,-0.11,-0.37
2024-03-25 17:0:45.4070,-1.18,3.63,2.7,0.41,-0.05,-0.28
2024-03-25 17:0:45.4170,-1.27,3.86,2.9,0.4,-0.05,-0.25
2024-03-25 17:0:45.4270,-1.13,3.9,3.2,0.38,-0.09,-0.27
2024-03-25 17:0:45.4370,-0.97,3.75,3.49,0.4,-0.18,-0.3
2024-03-25 17:0:45.4470,-0.95,3.42,4.03,0.46,-0.28,-0.39
2024-03-25 17:0:45.4570,-0.61,3.07,4.65,0.53,-0.3,-0.55
2024-03-25 17:0:45.4670,-0.22,2.75,4.88,0.51,-0.17,-0.66
2024-03-25 17:0:45.4760,-0.32,2.63,4.89,0.52,-0.11,-0.78
2024-03-25 17:0:45.4870,-0.59,2.62,5.15,0.61,-0.09,-0.87
2024-03-25 17:0:45.4970,-0.97,2.46,5.71,0.82,-0.09,-0.92
2024-03-25 17:0:45.5070,-1.37,2.19,6.08,1.09,-0.15,-0.99
2024-03-25 17:0:45.5170,-1.52,1.95,5.76,1.31,-0.24,-1.0
2024-03-25 17:0:45.5270,-1.66,1.82,4.9,1.46,-0.36,-0.95
2024-03-25 17:0:45.5370,-1.78,1.81,4.0,1.47,-0.57,-0.8
2024-03-25 17:0:45.5470,-2.29,1.58,2.8,1.29,-0.73,-0.5
2024-03-25 17:0:45.5570,-2.93,1.16,1.33,0.92,-0.67,-0.12
2024-03-25 17:0:45.5670,-2.93,0.84,0.36,0.53,-0.4,0.23
2024-03-25 17:0:45.5770,-2.13,0.55,0.42,0.25,-0.05,0.5
2024-03-25 17:0:45.5870,-1.19,-0.2,1.53,0.21,0.18,0.64
2024-03-25 17:0:45.5970,-0.29,-1.47,3.5,0.36,0.22,0.62
2024-03-25 17:0:45.6070,0.47,-2.68,4.63,0.55,0.11,0.47
2024-03-25 17:0:45.6160,1.12,-3.4,4.43,0.65,-0.03,0.22
2024-03-25 17:0:45.6270,1.77,-3.64,3.52,0.64,-0.09,-0.04
2024-03-25 17:0:45.6370,2.06,-3.43,2.53,0.6,-0.02,-0.21
2024-03-25 17:0:45.6470,1.72,-3.04,1.84,0.55,0.18,-0.27
2024-03-25 17:0:45.6570,1.2,-2.72,1.23,0.45,0.38,-0.25
2024-03-25 17:0:45.6670,0.73,-2.56,0.57,0.34,0.52,-0.18
2024-03-25 17:0:45.6770,0.18,-2.6,0.09,0.24,0.58,-0.1
2024-03-25 17:0:45.6870,-0.14,-2.72,-0.29,0.15,0.51,-0.03
2024-03-25 17:0:45.6970,-0.36,-2.92,-0.72,0.09,0.31,0.03
2024-03-25 17:0:45.7070,-0.61,-2.98,-1.06,0.03,0.04,0.09
2024-03-25 17:0:45.7160,-0.67,-2.97,-1.85,-0.08,-0.26,0.11
2024-03-25 17:0:45.7270,-0.52,-2.86,-3.04,-0.23,-0.51,0.12
2024-03-25 17:0:45.7370,-0.36,-2.65,-4.23,-0.4,-0.64,0.13
2024-03-25 17:0:45.7460,-0.19,-2.35,-5.2,-0.57,-0.67,0.13
2024-03-25 17:0:45.7570,0.04,-1.94,-5.92,-0.69,-0.5,0.16
2024-03-25 17:0:45.7660,0.21,-1.54,-5.94,-0.69,-0.13,0.21
2024-03-25 17:0:45.7760,0.41,-1.14,-5.42,-0.61,0.28,0.23
2024-03-25 17:0:45.7860,0.55,-0.94,-5.17,-0.55,0.65,0.27
2024-03-25 17:0:45.7960,0.38,-0.72,-5.06,-0.55,0.85,0.32
2024-03-25 17:0:45.8070,0.07,-0.48,-4.85,-0.56,0.86,0.35
2024-03-25 17:0:45.8160,-0.22,-0.34,-4.3,-0.56,0.69,0.38
2024-03-25 17:0:45.8260,-0.48,-0.23,-3.71,-0.58,0.46,0.4
2024-03-25 17:0:45.8360,-0.56,-0.12,-3.46,-0.65,0.28,0.45
2024-03-25 17:0:45.8460,-0.49,-0.04,-3.48,-0.73,0.28,0.51
2024-03-25 17:0:45.8560,-0.27,-0.03,-3.4,-0.78,0.51,0.59
2024-03-25 17:0:45.8660,0.01,-0.03,-3.07,-0.78,0.88,0.65
2024-03-25 17:0:45.8770,0.3,-0.17,-2.6,-0.77,1.28,0.65
2024-03-25 17:0:45.8860,0.62,-0.57,-2.03,-0.69,1.53,0.56
2024-03-25 17:0:45.8960,0.77,-1.13,-0.85,-0.48,1.46,0.4
2024-03-25 17:0:45.9070,0.72,-1.39,0.71,-0.21,1.12,0.16
2024-03-25 17:0:45.9160,0.79,-1.41,1.73,-0.02,0.61,-0.1
2024-03-25 17:0:45.9260,0.68,-1.19,1.51,-0.03,0.12,-0.29
2024-03-25 17:0:45.9360,0.33,-0.56,0.64,-0.15,-0.18,-0.33
2024-03-25 17:0:45.9460,-0.33,0.3,0.21,-0.23,-0.21,-0.19
2024-03-25 17:0:45.9560,-0.92,1.18,0.52,-0.19,-0.09,0.01
2024-03-25 17:0:45.9660,-0.96,1.79,1.04,-0.09,0.04,0.18
2024-03-25 17:0:45.9760,-0.64,2.15,1.17,-0.02,0.04,0.27
2024-03-25 17:0:45.9860,-0.47,2.12,0.75,-0.04,-0.11,0.29
2024-03-25 17:0:45.9960,-0.43,2.02,0.26,-0.09,-0.28,0.3
2024-03-25 17:0:46.0060,-0.44,1.94,0.13,-0.14,-0.4,0.29
2024-03-25 17:0:46.0160,-0.49,1.83,0.16,-0.23,-0.42,0.32
2024-03-25 17:0:46.0260,-0.86,1.64,0.27,-0.33,-0.39,0.38
2024-03-25 17:0:46.0360,-1.31,1.32,0.76,-0.43,-0.39,0.42
2024-03-25 17:0:46.0460,-1.7,0.83,1.46,-0.42,-0.47,0.39
2024-03-25 17:0:46.0560,-1.85,0.32,2.49,-0.23,-0.66,0.27
2024-03-25 17:0:46.0660,-1.83,0.01,3.49,0.09,-0.91,0.11
2024-03-25 17:0:46.0760,-1.78,0.15,3.68,0.37,-1.12,-0.05
2024-03-25 17:0:46.0860,-1.45,0.69,2.71,0.55,-1.29,-0.18
2024-03-25 17:0:46.0960,-1.09,1.46,1.24,0.51,-1.33,-0.21
2024-03-25 17:0:46.1060,-1.42,2.13,-0.67,0.23,-1.13,0.03
2024-03-25 17:0:46.1160,-2.41,2.33,-2.01,-0.1,-0.78,0.56
2024-03-25 17:0:46.1260,-3.27,1.84,-1.58,-0.3,-0.47,1.06
2024-03-25 17:0:46.1360,-2.5,0.57,-0.18,-0.41,-0.33,1.35
2024-03-25 17:0:46.1460,-1.34,-1.55,1.06,-0.38,-0.29,1.38
2024-03-25 17:0:46.1560,-0.29,-3.42,2.45,-0.29,-0.28,1.18
2024-03-25 17:0:46.1660,0.61,-4.82,3.31,-0.2,-0.31,0.86
2024-03-25 17:0:46.1760,1.02,-5.66,3.69,-0.08,-0.41,0.5
2024-03-25 17:0:46.1860,0.94,-5.89,3.78,0.1,-0.57,0.23
2024-03-25 17:0:46.1960,0.35,-5.34,3.56,0.24,-0.67,0.07
2024-03-25 17:0:46.2060,-0.27,-4.35,2.38,0.27,-0.66,0.08
2024-03-25 17:0:46.2160,-0.81,-3.24,0.6,0.19,-0.56,0.19
2024-03-25 17:0:46.2260,-1.11,-2.28,-1.01,0.02,-0.36,0.35
2024-03-25 17:0:46.2360,-1.22,-1.76,-2.22,-0.16,-0.1,0.52
2024-03-25 17:0:46.2460,-1.29,-1.61,-2.74,-0.33,0.13,0.66
2024-03-25 17:0:46.2560,-1.29,-1.7,-2.91,-0.5,0.28,0.76
2024-03-25 17:0:46.2660,-1.27,-1.95,-2.98,-0.64,0.34,0.8
2024-03-25 17:0:46.2760,-1.17,-2.2,-2.65,-0.69,0.32,0.77
2024-03-25 17:0:46.2860,-0.94,-2.39,-2.1,-0.66,0.27,0.66
2024-03-25 17:0:46.2960,-0.69,-2.37,-1.84,-0.59,0.22,0.54
2024-03-25 17:0:46.3060,-0.74,-2.05,-1.74,-0.5,0.18,0.46
2024-03-25 17:0:46.3160,-0.96,-1.46,-1.94,-0.46,0.2,0.46
2024-03-25 17:0:46.3260,-1.26,-0.9,-2.42,-0.44,0.27,0.5
2024-03-25 17:0:46.3360,-1.37,-0.33,-2.8,-0.47,0.39,0.56
2024-03-25 17:0:46.3460,-1.34,0.14,-3.05,-0.5,0.52,0.66
2024-03-25 17:0:46.3560,-1.32,0.62,-2.94,-0.54,0.6,0.75
2024-03-25 17:0:46.3660,-1.16,1.01,-2.82,-0.6,0.69,0.83
2024-03-25 17:0:46.3760,-0.9,1.12,-2.69,-0.6,0.76,0.88
2024-03-25 17:0:46.3860,-0.53,0.91,-1.67,-0.48,0.81,0.86
2024-03-25 17:0:46.3960,-0.12,0.79,-0.31,-0.33,0.86,0.82
2024-03-25 17:0:46.4060,0.13,0.77,0.42,-0.22,0.86,0.77
2024-03-25 17:0:46.4160,0.25,0.99,0.82,-0.17,0.73,0.7
2024-03-25 17:0:46.4260,0.36,1.29,0.93,-0.2,0.53,0.62
2024-03-25 17:0:46.4360,0.36,1.62,0.96,-0.25,0.3,0.58
2024-03-25 17:0:46.4460,0.22,1.97,1.23,-0.3,0.11,0.59
2024-03-25 17:0:46.4560,0.08,2.15,1.79,-0.29,0.01,0.61
2024-03-25 17:0:46.4660,0.15,2.13,2.47,-0.23,-0.02,0.62
2024-03-25 17:0:46.4760,0.39,1.88,3.16,-0.1,0.01,0.56
2024-03-25 17:0:46.4860,0.89,1.5,4.09,0.09,0.03,0.38
2024-03-25 17:0:46.4960,1.55,1.27,4.81,0.31,-0.0,0.12
2024-03-25 17:0:46.5060,1.88,1.14,5.08,0.53,-0.09,-0.16
2024-03-25 17:0:46.5160,1.59,1.14,5.05,0.7,-0.17,-0.34
2024-03-25 17:0:46.5260,0.93,1.37,4.83,0.84,-0.27,-0.42
2024-03-25 17:0:46.5360,0.23,1.65,4.49,0.92,-0.37,-0.44
2024-03-25 17:0:46.5460,-0.14,1.89,3.95,0.94,-0.42,-0.39
2024-03-25 17:0:46.5560,-0.36,1.89,3.33,0.92,-0.38,-0.34
2024-03-25 17:0:46.5660,-0.29,1.89,2.92,0.89,-0.25,-0.28
2024-03-25 17:0:46.5760,-0.2,1.72,2.82,0.96,-0.11,-0.25
2024-03-25 17:0:46.5860,0.09,1.37,3.17,1.09,-0.01,-0.32
2024-03-25 17:0:46.5960,0.49,1.01,3.3,1.2,0.03,-0.4
2024-03-25 17:0:46.6060,0.56,0.75,2.99,1.25,-0.02,-0.43
2024-03-25 17:0:46.6160,0.12,0.48,2.41,1.16,-0.14,-0.32
2024-03-25 17:0:46.6260,-0.84,-0.27,1.51,0.97,-0.28,-0.1
2024-03-25 17:0:46.6360,-1.51,-1.17,0.76,0.78,-0.43,0.12
2024-03-25 17:0:46.6460,-1.43,-1.93,0.28,0.58,-0.55,0.3
2024-03-25 17:0:46.6560,-0.95,-2.63,-0.31,0.4,-0.63,0.43
2024-03-25 17:0:46.6660,-0.34,-3.19,-0.79,0.26,-0.65,0.49
2024-03-25 17:0:46.6760,0.38,-3.64,-1.03,0.18,-0.59,0.49
2024-03-25 17:0:46.6860,1.07,-4.12,-1.29,0.1,-0.43,0.42
2024-03-25 17:0:46.6960,1.66,-4.47,-1.73,0.01,-0.18,0.3
2024-03-25 17:0:46.7060,2.06,-4.62,-2.06,-0.09,0.13,0.14
2024-03-25 17:0:46.7160,2.11,-4.69,-2.23,-0.2,0.41,-0.03
2024-03-25 17:0:46.7260,1.83,-4.64,-2.2,-0.31,0.6,-0.17
2024-03-25 17:0:46.7360,1.17,-4.46,-1.97,-0.41,0.71,-0.28
2024-03-25 17:0:46.7460,0.32,-4.06,-1.55,-0.49,0.76,-0.35
2024-03-25 17:0:46.7560,-0.41,-3.35,-0.98,-0.5,0.76,-0.4
2024-03-25 17:0:46.7660,-0.76,-2.46,-0.52,-0.47,0.65,-0.42
2024-03-25 17:0:46.7760,-1.13,-1.54,-0.33,-0.42,0.48,-0.41
2024-03-25 17:0:46.7860,-1.36,-0.73,-0.51,-0.4,0.31,-0.37
2024-03-25 17:0:46.7960,-1.42,-0.05,-1.09,-0.42,0.18,-0.31
2024-03-25 17:0:46.8060,-1.34,0.49,-1.79,-0.46,0.12,-0.23
2024-03-25 17:0:46.8160,-1.16,0.92,-2.35,-0.48,0.16,-0.14
2024-03-25 17:0:46.8260,-1.01,1.21,-2.66,-0.48,0.27,-0.03
2024-03-25 17:0:46.8360,-0.89,1.42,-2.84,-0.5,0.41,0.08
2024-03-25 17:0:46.8460,-0.81,1.45,-3.07,-0.48,0.54,0.19
2024-03-25 17:0:46.8560,-0.74,1.43,-2.94,-0.42,0.61,0.3
2024-03-25 17:0:46.8660,-0.66,1.21,-2.56,-0.33,0.59,0.38
2024-03-25 17:0:46.8760,-0.55,1.05,-2.26,-0.24,0.45,0.46
2024-03-25 17:0:46.8860,-0.46,0.88,-1.99,-0.17,0.21,0.49
2024-03-25 17:0:46.8960,-0.18,0.75,-1.96,-0.19,-0.03,0.51
2024-03-25 17:0:46.9060,-0.01,0.62,-2.25,-0.25,-0.18,0.57
2024-03-25 17:0:46.9160,0.08,0.58,-2.29,-0.3,-0.19,0.65
2024-03-25 17:0:46.9260,0.21,0.42,-2.07,-0.28,-0.09,0.73
2024-03-25 17:0:46.9360,0.51,0.19,-1.54,-0.19,0.05,0.76
2024-03-25 17:0:46.9460,0.98,-0.08,-1.04,-0.05,0.07,0.68
2024-03-25 17:0:46.9560,1.54,-0.32,-0.8,0.05,-0.0,0.55
2024-03-25 17:0:46.9660,1.86,-0.4,-0.88,0.1,-0.16,0.41
2024-03-25 17:0:46.9760,1.89,-0.31,-0.92,0.06,-0.34,0.28
2024-03-25 17:0:46.9860,1.8,-0.13,-1.12,-0.04,-0.45,0.22
2024-03-25 17:0:46.9960,1.62,0.1,-1.15,-0.15,-0.47,0.22
2024-03-25 17:0:47.0060,1.35,0.32,-0.86,-0.26,-0.38,0.27
2024-03-25 17:0:47.0160,1.19,0.34,-0.29,-0.29,-0.22,0.3
2024-03-25 17:0:47.0260,1.4,0.25,0.62,-0.24,-0.02,0.27
2024-03-25 17:0:47.0360,1.84,0.06,1.49,-0.15,0.18,0.15
2024-03-25 17:0:47.0460,2.33,-0.07,2.22,-0.08,0.32,-0.06
2024-03-25 17:0:47.0560,2.56,-0.14,2.71,-0.08,0.45,-0.3
2024-03-25 17:0:47.0660,2.35,-0.08,3.11,-0.13,0.58,-0.49
2024-03-25 17:0:47.0760,1.57,-0.05,3.88,-0.09,0.67,-0.58
2024-03-25 17:0:47.0860,0.42,0.17,5.24,0.03,0.69,-0.62
2024-03-25 17:0:47.0960,-0.42,0.4,6.13,0.22,0.62,-0.64
2024-03-25 17:0:47.1060,-0.94,0.51,6.45,0.46,0.39,-0.69
2024-03-25 17:0:47.1160,-1.2,0.86,6.17,0.63,0.16,-0.73
2024-03-25 17:0:47.1260,-1.28,1.22,4.76,0.69,0.0,-0.75
2024-03-25 17:0:47.1360,-1.31,1.56,3.08,0.71,-0.05,-0.72
2024-03-25 17:0:47.1460,-1.45,1.78,1.86,0.73,0.02,-0.62
2024-03-25 17:0:47.1560,-1.79,2.0,1.02,0.78,0.16,-0.45
2024-03-25 17:0:47.1660,-2.2,2.02,0.52,0.83,0.29,-0.23
2024-03-25 17:0:47.1760,-2.56,2.07,0.03,0.77,0.31,0.03
2024-03-25 17:0:47.1860,-2.96,1.92,-0.8,0.59,0.27,0.34
2024-03-25 17:0:47.1960,-3.33,1.35,-1.54,0.36,0.19,0.66
2024-03-25 17:0:47.2060,-3.27,0.41,-1.78,0.19,0.05,0.91
2024-03-25 17:0:47.2160,-2.86,-0.64,-1.5,0.12,-0.11,1.05
2024-03-25 17:0:47.2260,-2.21,-1.63,-1.17,0.1,-0.25,1.1
2024-03-25 17:0:47.2360,-1.6,-2.67,-1.33,0.09,-0.35,1.07
2024-03-25 17:0:47.2460,-0.96,-3.38,-1.68,0.07,-0.38,0.99
2024-03-25 17:0:47.2560,-0.43,-3.84,-2.21,-0.0,-0.31,0.89
2024-03-25 17:0:47.2660,-0.09,-4.08,-2.59,-0.06,-0.19,0.77
2024-03-25 17:0:47.2760,0.2,-4.11,-2.63,-0.14,-0.06,0.63
2024-03-25 17:0:47.2860,0.46,-4.05,-2.79,-0.27,0.1,0.49
2024-03-25 17:0:47.2960,0.41,-3.99,-2.95,-0.42,0.24,0.36
2024-03-25 17:0:47.3060,0.21,-3.88,-2.7,-0.56,0.38,0.25
2024-03-25 17:0:47.3160,-0.01,-3.75,-2.08,-0.62,0.47,0.13
2024-03-25 17:0:47.3260,-0.25,-3.3,-1.13,-0.59,0.47,0.03
2024-03-25 17:0:47.3360,-0.52,-2.66,-0.44,-0.53,0.41,-0.05
2024-03-25 17:0:47.3460,-0.73,-2.07,-0.35,-0.47,0.32,-0.09
2024-03-25 17:0:47.3560,-1.02,-1.46,-0.45,-0.42,0.23,-0.08
2024-03-25 17:0:47.3660,-1.25,-0.85,-0.79,-0.4,0.18,-0.03
2024-03-25 17:0:47.3760,-1.34,-0.32,-1.37,-0.42,0.15,0.04
2024-03-25 17:0:47.3860,-1.39,0.15,-1.93,-0.46,0.16,0.14
2024-03-25 17:0:47.3950,-1.41,0.49,-2.3,-0.52,0.17,0.24
2024-03-25 17:0:47.4060,-1.32,0.71,-2.48,-0.55,0.19,0.34
2024-03-25 17:0:47.4150,-1.22,0.77,-2.33,-0.49,0.17,0.41
2024-03-25 17:0:47.4250,-1.13,0.82,-1.69,-0.34,0.12,0.47
2024-03-25 17:0:47.4350,-0.95,0.81,-1.14,-0.22,0.04,0.47
2024-03-25 17:0:47.4450,-0.58,0.92,-1.28,-0.21,-0.02,0.44
2024-03-25 17:0:47.4550,-0.36,1.11,-1.93,-0.24,-0.03,0.43
2024-03-25 17:0:47.4650,-0.31,1.4,-2.12,-0.26,0.05,0.47
2024-03-25 17:0:47.4750,-0.53,1.63,-1.79,-0.24,0.15,0.54
2024-03-25 17:0:47.4850,-0.58,1.76,-1.25,-0.21,0.2,0.58
2024-03-25 17:0:47.4950,-0.46,1.78,-0.87,-0.2,0.22,0.61
2024-03-25 17:0:47.5050,-0.42,1.78,-0.46,-0.17,0.2,0.62
2024-03-25 17:0:47.5150,-0.34,1.75,0.11,-0.1,0.14,0.61
2024-03-25 17:0:47.5250,-0.22,1.65,0.85,-0.02,0.04,0.57
2024-03-25 17:0:47.5350,-0.02,1.52,1.38,0.07,-0.02,0.5
2024-03-25 17:0:47.5450,0.18,1.32,1.92,0.22,-0.07,0.4
2024-03-25 17:0:47.5550,0.39,1.15,2.53,0.39,-0.13,0.28
2024-03-25 17:0:47.5660,0.56,1.04,2.81,0.52,-0.21,0.14
2024-03-25 17:0:47.5750,0.61,1.12,2.51,0.53,-0.28,0.05
2024-03-25 17:0:47.5850,0.43,1.35,1.81,0.45,-0.27,0.02
2024-03-25 17:0:47.5950,0.17,1.6,1.37,0.35,-0.16,0.04
2024-03-25 17:0:47.6050,-0.04,1.7,1.62,0.32,-0.02,0.07
2024-03-25 17:0:47.6150,-0.06,1.59,2.35,0.37,0.04,0.06
2024-03-25 17:0:47.6250,0.12,1.38,3.08,0.44,0.0,-0.02
2024-03-25 17:0:47.6350,0.44,1.13,3.35,0.5,-0.14,-0.14
2024-03-25 17:0:47.6450,0.8,0.96,3.4,0.61,-0.33,-0.29
2024-03-25 17:0:47.6550,1.02,0.92,3.58,0.67,-0.44,-0.4
2024-03-25 17:0:47.6650,1.06,0.95,2.99,0.61,-0.43,-0.42
2024-03-25 17:0:47.6750,0.76,0.76,2.1,0.49,-0.33,-0.33
2024-03-25 17:0:47.6850,0.23,0.46,1.78,0.34,-0.15,-0.16
2024-03-25 17:0:47.6950,-0.11,0.12,1.76,0.19,-0.02,-0.04
2024-03-25 17:0:47.7050,0.14,-0.29,1.92,0.1,0.04,-0.02
2024-03-25 17:0:47.7150,0.52,-0.84,2.39,0.1,0.08,-0.07
2024-03-25 17:0:47.7250,0.8,-1.46,2.97,0.2,0.07,-0.18
2024-03-25 17:0:47.7350,1.0,-1.98,3.31,0.33,0.04,-0.3
2024-03-25 17:0:47.7460,1.02,-2.42,3.04,0.44,0.0,-0.41
2024-03-25 17:0:47.7550,0.85,-2.65,2.36,0.48,-0.02,-0.48
2024-03-25 17:0:47.7660,0.69,-2.7,1.4,0.46,-0.03,-0.52
2024-03-25 17:0:47.7750,0.39,-2.62,0.37,0.4,-0.0,-0.5
2024-03-25 17:0:47.7860,0.14,-2.46,-0.29,0.36,0.03,-0.48
2024-03-25 17:0:47.7950,0.07,-2.24,-0.78,0.29,0.09,-0.45
2024-03-25 17:0:47.8050,0.04,-2.06,-1.52,0.17,0.17,-0.41
2024-03-25 17:0:47.8150,0.04,-1.82,-2.11,0.05,0.22,-0.36
2024-03-25 17:0:47.8250,-0.14,-1.64,-2.26,-0.04,0.24,-0.27
2024-03-25 17:0:47.8350,-0.39,-1.47,-2.07,-0.12,0.24,-0.18
2024-03-25 17:0:47.8450,-0.45,-1.38,-1.92,-0.18,0.2,-0.09
2024-03-25 17:0:47.8550,-0.4,-1.31,-1.88,-0.23,0.14,-0.04
2024-03-25 17:0:47.8650,-0.16,-1.24,-1.83,-0.25,0.05,-0.04
2024-03-25 17:0:47.8750,0.25,-1.11,-1.86,-0.24,0.0,-0.08
2024-03-25 17:0:47.8850,0.53,-1.0,-2.04,-0.22,0.0,-0.11
2024-03-25 17:0:47.8950,0.7,-0.79,-2.19,-0.18,0.05,-0.14
2024-03-25 17:0:47.9050,0.72,-0.6,-2.38,-0.15,0.13,-0.14
2024-03-25 17:0:47.9150,0.77,-0.41,-2.65,-0.14,0.17,-0.14
2024-03-25 17:0:47.9250,0.8,-0.28,-2.96,-0.15,0.18,-0.14
2024-03-25 17:0:47.9350,0.8,-0.15,-3.24,-0.15,0.19,-0.13
2024-03-25 17:0:47.9450,0.84,-0.07,-3.29,-0.13,0.19,-0.1
2024-03-25 17:0:47.9550,0.79,-0.04,-3.08,-0.06,0.15,-0.05
2024-03-25 17:0:47.9650,0.78,0.03,-2.79,0.0,0.1,-0.02
2024-03-25 17:0:47.9750,0.96,0.04,-2.88,0.0,0.04,-0.02
2024-03-25 17:0:47.9850,1.24,0.01,-3.21,-0.05,0.03,-0.02
2024-03-25 17:0:47.9950,1.34,0.0,-3.39,-0.11,0.06,0.0
2024-03-25 17:0:48.0050,1.26,0.07,-3.15,-0.17,0.08,0.03
2024-03-25 17:0:48.0150,1.26,0.25,-2.88,-0.25,0.07,0.07
2024-03-25 17:0:48.0250,1.23,0.35,-2.72,-0.33,0.02,0.11
2024-03-25 17:0:48.0350,1.22,0.46,-2.44,-0.41,-0.03,0.13
2024-03-25 17:0:48.0450,1.24,0.46,-2.21,-0.45,-0.05,0.11
2024-03-25 17:0:48.0550,1.27,0.4,-1.95,-0.44,-0.03,0.05
2024-03-25 17:0:48.0650,1.14,0.47,-1.7,-0.42,0.03,-0.01
2024-03-25 17:0:48.0750,0.69,0.54,-1.77,-0.39,0.07,-0.01
2024-03-25 17:0:48.0850,-0.07,0.89,-1.62,-0.37,0.03,0.01
2024-03-25 17:0:48.0950,-0.55,1.34,-1.52,-0.4,-0.04,0.03
2024-03-25 17:0:48.1050,-0.57,1.68,-1.46,-0.44,-0.09,0.02
2024-03-25 17:0:48.1150,-0.33,1.9,-1.28,-0.55,-0.04,0.03
2024-03-25 17:0:48.1250,-0.22,2.02,-1.2,-0.7,0.15,0.11
2024-03-25 17:0:48.1350,-0.3,2.0,-0.74,-0.82,0.46,0.25
2024-03-25 17:0:48.1450,-0.23,1.86,0.39,-0.84,0.84,0.39
2024-03-25 17:0:48.1550,-0.12,1.42,2.11,-0.73,1.12,0.47
2024-03-25 17:0:48.1650,0.27,0.84,3.99,-0.53,1.22,0.42
2024-03-25 17:0:48.1750,0.82,0.3,5.31,-0.33,1.04,0.27
2024-03-25 17:0:48.1850,1.2,-0.02,5.88,-0.19,0.66,0.06
2024-03-25 17:0:48.1950,1.38,-0.03,5.82,-0.13,0.23,-0.14
2024-03-25 17:0:48.2050,1.38,0.18,5.14,-0.16,-0.05,-0.27
2024-03-25 17:0:48.2150,1.07,0.4,4.04,-0.26,-0.17,-0.29
2024-03-25 17:0:48.2250,0.55,0.57,3.08,-0.39,-0.16,-0.23
2024-03-25 17:0:48.2350,0.19,0.63,2.73,-0.46,-0.12,-0.1
2024-03-25 17:0:48.2450,0.21,0.71,2.96,-0.4,-0.13,0.01
2024-03-25 17:0:48.2550,0.64,0.75,3.46,-0.31,-0.17,0.06
2024-03-25 17:0:48.2650,1.19,0.55,3.35,-0.3,-0.22,0.08
2024-03-25 17:0:48.2750,1.21,0.1,2.8,-0.39,-0.28,0.13
2024-03-25 17:0:48.2850,0.88,-0.32,2.36,-0.51,-0.33,0.21
2024-03-25 17:0:48.2950,0.41,-1.07,2.2,-0.56,-0.39,0.28
2024-03-25 17:0:48.3050,0.02,-2.01,2.49,-0.53,-0.47,0.31
2024-03-25 17:0:48.3150,-0.19,-2.82,2.73,-0.45,-0.59,0.28
2024-03-25 17:0:48.3250,-0.15,-3.49,2.49,-0.33,-0.73,0.17
2024-03-25 17:0:48.3350,0.12,-3.9,1.94,-0.17,-0.83,0.0
2024-03-25 17:0:48.3450,0.4,-4.08,1.22,-0.01,-0.89,-0.19
2024-03-25 17:0:48.3550,0.53,-4.01,0.18,0.12,-0.86,-0.37
2024-03-25 17:0:48.3650,0.49,-3.76,-1.1,0.19,-0.71,-0.49
2024-03-25 17:0:48.3750,0.28,-3.43,-2.29,0.23,-0.48,-0.56
2024-03-25 17:0:48.3850,0.0,-2.98,-3.1,0.2,-0.21,-0.58
2024-03-25 17:0:48.3950,-0.31,-2.41,-3.83,0.1,-0.0,-0.58
2024-03-25 17:0:48.4050,-0.41,-1.82,-4.28,-0.04,0.11,-0.58
2024-03-25 17:0:48.4150,-0.52,-1.27,-4.25,-0.16,0.14,-0.57
2024-03-25 17:0:48.4250,-0.71,-0.77,-3.78,-0.22,0.08,-0.54
2024-03-25 17:0:48.4350,-0.88,-0.33,-3.23,-0.28,-0.03,-0.5
2024-03-25 17:0:48.4450,-0.9,-0.05,-2.93,-0.34,-0.14,-0.48
2024-03-25 17:0:48.4550,-0.84,0.09,-2.77,-0.41,-0.19,-0.43
2024-03-25 17:0:48.4650,-1.04,0.1,-2.48,-0.43,-0.19,-0.35
2024-03-25 17:0:48.4750,-1.22,0.14,-1.89,-0.41,-0.13,-0.29
2024-03-25 17:0:48.4850,-1.19,0.1,-1.3,-0.36,-0.06,-0.26
2024-03-25 17:0:48.4950,-1.09,0.1,-0.73,-0.23,-0.03,-0.27
2024-03-25 17:0:48.5050,-0.98,0.1,0.03,-0.03,-0.11,-0.36
2024-03-25 17:0:48.5150,-0.84,0.18,0.42,0.11,-0.22,-0.48
2024-03-25 17:0:48.5250,-0.78,0.35,-0.03,0.15,-0.33,-0.59
2024-03-25 17:0:48.5350,-0.93,0.66,-0.8,0.14,-0.37,-0.64
2024-03-25 17:0:48.5450,-1.22,0.99,-1.14,0.13,-0.34,-0.67
2024-03-25 17:0:48.5550,-1.45,1.22,-1.14,0.13,-0.25,-0.63
2024-03-25 17:0:48.5650,-1.79,1.4,-1.04,0.14,-0.13,-0.56
2024-03-25 17:0:48.5750,-1.9,1.6,-0.81,0.17,-0.04,-0.5
2024-03-25 17:0:48.5850,-1.86,1.67,-0.62,0.21,0.02,-0.46
2024-03-25 17:0:48.5950,-1.79,1.75,-0.46,0.23,0.04,-0.44
2024-03-25 17:0:48.6050,-1.67,1.78,-0.41,0.27,0.06,-0.44
2024-03-25 17:0:48.6150,-1.54,1.72,-0.07,0.33,0.05,-0.48
2024-03-25 17:0:48.6250,-1.38,1.61,0.21,0.36,0.08,-0.51
2024-03-25 17:0:48.6350,-1.38,1.54,0.38,0.37,0.12,-0.53
2024-03-25 17:0:48.6450,-1.59,1.48,0.6,0.4,0.19,-0.48
2024-03-25 17:0:48.6550,-1.9,1.45,1.16,0.5,0.23,-0.41
2024-03-25 17:0:48.6650,-1.91,1.5,1.74,0.59,0.23,-0.36
2024-03-25 17:0:48.6750,-1.75,1.45,1.78,0.64,0.16,-0.35
2024-03-25 17:0:48.6850,-1.41,1.44,1.46,0.64,0.07,-0.38
2024-03-25 17:0:48.6950,-0.94,1.41,1.1,0.64,-0.02,-0.43
2024-03-25 17:0:48.7050,-0.55,1.44,0.95,0.63,-0.06,-0.51
2024-03-25 17:0:48.7150,-0.26,1.52,0.72,0.6,-0.06,-0.57
2024-03-25 17:0:48.7250,-0.15,1.5,0.47,0.59,-0.05,-0.62
2024-03-25 17:0:48.7350,-0.19,1.41,0.38,0.59,-0.02,-0.67
2024-03-25 17:0:48.7450,-0.15,1.32,0.28,0.6,-0.01,-0.75
2024-03-25 17:0:48.7550,0.03,1.31,0.18,0.6,-0.03,-0.88
2024-03-25 17:0:48.7650,0.31,1.58,0.13,0.58,-0.01,-0.96
2024-03-25 17:0:48.7750,0.1,1.72,0.02,0.44,0.09,-0.9
2024-03-25 17:0:48.7850,-0.64,1.27,-0.11,0.21,0.29,-0.72
2024-03-25 17:0:48.7950,-1.36,0.56,0.37,0.07,0.58,-0.4
2024-03-25 17:0:48.8050,-2.0,-0.17,2.03,0.12,0.83,-0.11
2024-03-25 17:0:48.8150,-1.94,-1.1,3.67,0.26,0.88,0.06
2024-03-25 17:0:48.8250,-1.45,-2.03,4.33,0.37,0.69,0.07
2024-03-25 17:0:48.8350,-0.68,-2.56,4.07,0.36,0.4,-0.04
2024-03-25 17:0:48.8450,-0.03,-2.74,3.26,0.29,0.16,-0.14
2024-03-25 17:0:48.8550,0.04,-2.64,2.65,0.26,0.05,-0.13
2024-03-25 17:0:48.8650,-0.37,-2.5,2.39,0.24,0.07,-0.03
2024-03-25 17:0:48.8750,-0.68,-2.43,2.01,0.2,0.13,0.09
2024-03-25 17:0:48.8850,-0.47,-2.37,1.33,0.14,0.17,0.17
2024-03-25 17:0:48.8950,-0.11,-2.23,0.64,0.03,0.18,0.22
2024-03-25 17:0:48.9050,0.19,-2.07,-0.17,-0.15,0.2,0.28
2024-03-25 17:0:48.9150,0.26,-1.89,-0.94,-0.38,0.22,0.36
2024-03-25 17:0:48.9250,0.25,-1.86,-1.48,-0.59,0.22,0.45
2024-03-25 17:0:48.9350,0.43,-1.89,-1.62,-0.74,0.2,0.48
2024-03-25 17:0:48.9450,0.87,-1.95,-1.62,-0.8,0.17,0.46
2024-03-25 17:0:48.9550,1.33,-1.87,-1.52,-0.79,0.13,0.42
2024-03-25 17:0:48.9650,1.58,-1.78,-1.53,-0.72,0.08,0.37
2024-03-25 17:0:48.9750,1.79,-1.64,-1.67,-0.64,0.04,0.32
2024-03-25 17:0:48.9850,1.92,-1.49,-1.86,-0.56,0.03,0.26
2024-03-25 17:0:48.9950,2.03,-1.29,-2.19,-0.51,0.05,0.22
2024-03-25 17:0:49.0050,2.01,-1.15,-2.56,-0.47,0.09,0.19
2024-03-25 17:0:49.0140,2.03,-0.96,-2.66,-0.39,0.13,0.13
2024-03-25 17:0:49.0240,2.14,-0.83,-2.67,-0.28,0.15,0.05
2024-03-25 17:0:49.0350,2.31,-0.7,-2.67,-0.17,0.12,-0.07
2024-03-25 17:0:49.0440,2.41,-0.55,-2.95,-0.1,0.05,-0.21
2024-03-25 17:0:49.0550,2.41,-0.32,-3.5,-0.08,0.0,-0.32
2024-03-25 17:0:49.0650,2.18,-0.06,-4.0,-0.07,-0.0,-0.35
2024-03-25 17:0:49.0740,1.57,0.19,-4.07,-0.02,0.04,-0.28
2024-03-25 17:0:49.0840,0.81,0.39,-3.71,0.03,0.1,-0.15
2024-03-25 17:0:49.0940,0.38,0.5,-3.49,0.07,0.15,-0.0
2024-03-25 17:0:49.1040,0.18,0.55,-3.3,0.09,0.13,0.08
2024-03-25 17:0:49.1140,0.46,0.57,-3.18,0.09,0.07,0.07
2024-03-25 17:0:49.1240,0.9,0.43,-3.21,0.03,-0.02,-0.04
2024-03-25 17:0:49.1340,1.32,0.41,-3.32,-0.15,-0.06,-0.17
2024-03-25 17:0:49.1440,1.4,0.46,-3.65,-0.45,-0.07,-0.24
2024-03-25 17:0:49.1540,0.97,0.6,-3.51,-0.71,0.01,-0.18
2024-03-25 17:0:49.1650,0.25,0.79,-2.12,-0.76,0.16,-0.02
2024-03-25 17:0:49.1740,-0.2,1.0,0.27,-0.64,0.29,0.13
2024-03-25 17:0:49.1840,-0.02,1.15,2.04,-0.54,0.36,0.19
2024-03-25 17:0:49.1950,0.56,1.17,2.61,-0.53,0.35,0.15
2024-03-25 17:0:49.2040,1.13,1.21,2.8,-0.6,0.3,0.03
2024-03-25 17:0:49.2140,1.49,1.3,3.06,-0.74,0.27,-0.09
2024-03-25 17:0:49.2240,1.41,1.31,3.62,-0.84,0.29,-0.17
2024-03-25 17:0:49.2340,1.0,1.34,4.83,-0.83,0.38,-0.18
2024-03-25 17:0:49.2440,0.55,1.34,6.24,-0.68,0.47,-0.2
2024-03-25 17:0:49.2540,0.41,1.23,7.56,-0.39,0.49,-0.23
2024-03-25 17:0:49.2640,0.44,1.22,8.53,-0.05,0.44,-0.29
2024-03-25 17:0:49.2740,0.47,1.22,8.65,0.23,0.34,-0.39
2024-03-25 17:0:49.2840,0.62,1.36,7.86,0.41,0.21,-0.52
2024-03-25 17:0:49.2940,0.74,1.73,6.65,0.47,0.08,-0.62
2024-03-25 17:0:49.3040,0.48,2.06,5.44,0.41,-0.06,-0.66
2024-03-25 17:0:49.3140,-0.29,2.14,4.48,0.29,-0.17,-0.6
2024-03-25 17:0:49.3240,-1.15,1.97,4.09,0.2,-0.23,-0.45
2024-03-25 17:0:49.3340,-1.72,1.39,4.13,0.24,-0.25,-0.23
2024-03-25 17:0:49.3440,-1.86,0.51,4.5,0.45,-0.27,-0.06
2024-03-25 17:0:49.3540,-1.36,-0.55,4.64,0.76,-0.36,-0.01
2024-03-25 17:0:49.3650,-0.47,-1.57,3.95,0.99,-0.5,-0.08
2024-03-25 17:0:49.3740,0.34,-2.4,2.3,1.04,-0.63,-0.2
2024-03-25 17:0:49.3840,0.77,-2.92,0.38,0.96,-0.67,-0.29
2024-03-25 17:0:49.3940,0.82,-3.11,-0.88,0.89,-0.54,-0.34
2024-03-25 17:0:49.4040,0.54,-3.24,-1.31,0.91,-0.27,-0.32
2024-03-25 17:0:49.4140,0.19,-3.26,-1.14,1.0,0.02,-0.31
2024-03-25 17:0:49.4240,-0.11,-3.19,-1.28,0.97,0.2,-0.31
2024-03-25 17:0:49.4340,-0.42,-3.05,-2.28,0.77,0.24,-0.32
2024-03-25 17:0:49.4440,-0.78,-2.82,-3.38,0.47,0.2,-0.31
2024-03-25 17:0:49.4540,-1.21,-2.51,-3.82,0.2,0.14,-0.25
2024-03-25 17:0:49.4640,-1.64,-2.07,-3.58,-0.0,0.09,-0.13
2024-03-25 17:0:49.4740,-1.91,-1.61,-3.13,-0.15,0.06,0.02
2024-03-25 17:0:49.4840,-1.88,-1.14,-2.92,-0.28,0.02,0.15
2024-03-25 17:0:49.4940,-1.54,-0.78,-2.9,-0.39,0.03,0.23
2024-03-25 17:0:49.5040,-0.97,-0.6,-2.9,-0.47,0.09,0.24
2024-03-25 17:0:49.5140,-0.44,-0.54,-2.7,-0.46,0.18,0.22
2024-03-25 17:0:49.5240,-0.15,-0.41,-2.33,-0.39,0.28,0.18
2024-03-25 17:0:49.5340,-0.06,-0.24,-2.06,-0.28,0.36,0.15
2024-03-25 17:0:49.5440,-0.05,-0.06,-2.0,-0.17,0.37,0.12
2024-03-25 17:0:49.5540,-0.09,0.13,-2.12,-0.09,0.31,0.09
2024-03-25 17:0:49.5640,-0.15,0.31,-2.43,-0.04,0.2,0.07
2024-03-25 17:0:49.5740,-0.25,0.53,-2.84,-0.02,0.08,0.08
2024-03-25 17:0:49.5840,-0.43,0.75,-3.2,-0.0,-0.03,0.14
2024-03-25 17:0:49.5940,-0.55,0.99,-3.56,-0.03,-0.09,0.23
2024-03-25 17:0:49.6040,-0.62,1.09,-3.97,-0.08,-0.08,0.34
2024-03-25 17:0:49.6140,-0.59,1.09,-4.23,-0.14,-0.0,0.46
2024-03-25 17:0:49.6240,-0.52,1.0,-4.04,-0.15,0.1,0.59
2024-03-25 17:0:49.6340,-0.44,0.76,-3.39,-0.11,0.17,0.67
2024-03-25 17:0:49.6440,-0.27,0.52,-2.63,-0.05,0.14,0.7
2024-03-25 17:0:49.6540,-0.06,0.24,-2.01,-0.0,0.05,0.68
2024-03-25 17:0:49.6640,0.2,-0.07,-1.38,0.03,-0.06,0.62
2024-03-25 17:0:49.6740,0.43,-0.31,-0.74,0.01,-0.15,0.52
2024-03-25 17:0:49.6840,0.51,-0.5,-0.29,-0.02,-0.22,0.43
2024-03-25 17:0:49.6940,0.62,-0.49,0.38,0.03,-0.27,0.3
2024-03-25 17:0:49.7040,0.9,-0.37,1.25,0.15,-0.31,0.15
2024-03-25 17:0:49.7140,1.02,-0.31,1.94,0.31,-0.33,0.0
2024-03-25 17:0:49.7240,0.95,-0.08,2.3,0.44,-0.35,-0.1
2024-03-25 17:0:49.7340,0.79,0.22,2.28,0.51,-0.37,-0.19
2024-03-25 17:0:49.7440,0.64,0.55,1.98,0.46,-0.41,-0.23
2024-03-25 17:0:49.7540,0.25,0.8,1.49,0.3,-0.43,-0.2
2024-03-25 17:0:49.7640,-0.09,1.06,1.19,0.1,-0.39,-0.14
2024-03-25 17:0:49.7740,-0.18,1.24,1.25,-0.07,-0.29,-0.07
2024-03-25 17:0:49.7840,-0.09,1.28,1.75,-0.16,-0.17,-0.02
2024-03-25 17:0:49.7940,0.08,1.2,2.55,-0.15,-0.07,-0.03
2024-03-25 17:0:49.8040,0.54,0.96,3.45,-0.01,-0.02,-0.16
2024-03-25 17:0:49.8140,1.16,0.73,4.26,0.2,-0.03,-0.4
2024-03-25 17:0:49.8240,1.73,0.78,4.54,0.38,-0.05,-0.63
2024-03-25 17:0:49.8340,1.85,1.11,4.24,0.45,-0.03,-0.8
2024-03-25 17:0:49.8440,1.56,1.49,3.58,0.44,0.06,-0.79
2024-03-25 17:0:49.8540,0.6,1.66,3.32,0.42,0.21,-0.52
2024-03-25 17:0:49.8640,-0.83,1.23,3.61,0.44,0.25,-0.16
2024-03-25 17:0:49.8740,-1.26,0.37,3.72,0.43,0.12,0.02
2024-03-25 17:0:49.8840,-0.37,-0.48,3.01,0.34,-0.07,0.04
2024-03-25 17:0:49.8940,0.63,-1.19,2.18,0.3,-0.27,-0.04
2024-03-25 17:0:49.9040,1.3,-1.49,2.0,0.34,-0.38,-0.16
2024-03-25 17:0:49.9140,1.73,-1.69,1.92,0.41,-0.35,-0.23
2024-03-25 17:0:49.9240,1.71,-1.74,1.52,0.45,-0.25,-0.25
2024-03-25 17:0:49.9340,1.58,-1.64,0.76,0.43,-0.13,-0.24
2024-03-25 17:0:49.9440,1.4,-1.45,-0.07,0.34,-0.04,-0.21
2024-03-25 17:0:49.9540,1.08,-1.32,-0.78,0.19,0.02,-0.14
2024-03-25 17:0:49.9640,0.59,-1.29,-1.3,-0.0,0.06,-0.02
2024-03-25 17:0:49.9740,0.09,-1.4,-1.63,-0.16,0.11,0.13
2024-03-25 17:0:49.9840,-0.11,-1.66,-1.52,-0.23,0.09,0.23
2024-03-25 17:0:49.9940,0.08,-1.95,-1.32,-0.28,-0.0,0.25
2024-03-25 17:0:50.0040,0.33,-2.25,-1.44,-0.27,-0.11,0.2
2024-03-25 17:0:50.0140,0.74,-2.27,-1.59,-0.23,-0.18,0.05
2024-03-25 17:0:50.0240,1.31,-2.2,-2.02,-0.2,-0.2,-0.14
2024-03-25 17:0:50.0340,1.59,-1.95,-2.64,-0.18,-0.15,-0.28
2024-03-25 17:0:50.0440,1.48,-1.55,-3.16,-0.13,-0.06,-0.38
2024-03-25 17:0:50.0540,1.13,-1.13,-3.47,-0.07,0.03,-0.41
2024-03-25 17:0:50.0640,0.78,-0.66,-3.76,-0.03,0.09,-0.4
2024-03-25 17:0:50.0740,0.54,-0.19,-4.14,-0.03,0.12,-0.35
2024-03-25 17:0:50.0840,0.41,0.23,-4.46,-0.04,0.11,-0.3
2024-03-25 17:0:50.0940,0.42,0.59,-4.64,-0.07,0.09,-0.24
2024-03-25 17:0:50.1040,0.42,0.81,-4.81,-0.15,0.08,-0.17
2024-03-25 17:0:50.1140,0.4,0.93,-4.94,-0.24,0.12,-0.07
2024-03-25 17:0:50.1240,0.35,0.94,-4.62,-0.28,0.17,0.03
2024-03-25 17:0:50.1340,0.44,0.94,-3.89,-0.29,0.2,0.11
2024-03-25 17:0:50.1440,0.55,0.81,-3.27,-0.3,0.2,0.18
2024-03-25 17:0:50.1540,0.6,0.61,-2.66,-0.3,0.19,0.23
2024-03-25 17:0:50.1640,0.78,0.4,-1.93,-0.29,0.21,0.28
2024-03-25 17:0:50.1740,0.81,0.16,-1.18,-0.27,0.24,0.34
2024-03-25 17:0:50.1840,0.89,0.13,-0.32,-0.26,0.29,0.39
2024-03-25 17:0:50.1940,0.89,0.04,0.39,-0.26,0.38,0.48
2024-03-25 17:0:50.2040,0.82,0.08,1.21,-0.26,0.52,0.56
2024-03-25 17:0:50.2140,1.01,0.04,2.17,-0.24,0.67,0.58
2024-03-25 17:0:50.2240,1.52,-0.22,3.26,-0.15,0.76,0.5
2024-03-25 17:0:50.2340,2.22,-0.43,4.42,-0.01,0.71,0.28
2024-03-25 17:0:50.2440,2.74,-0.57,5.17,0.12,0.52,0.02
2024-03-25 17:0:50.2540,2.69,-0.56,5.42,0.19,0.26,-0.23
2024-03-25 17:0:50.2640,2.22,-0.52,5.29,0.28,0.05,-0.45
2024-03-25 17:0:50.2740,1.73,-0.32,5.18,0.42,-0.04,-0.62
2024-03-25 17:0:50.2840,1.23,-0.01,5.13,0.62,0.03,-0.73
2024-03-25 17:0:50.2940,0.8,0.37,4.78,0.81,0.17,-0.8
2024-03-25 17:0:50.3040,0.47,0.85,4.17,0.97,0.29,-0.84
2024-03-25 17:0:50.3140,0.17,1.48,3.31,1.02,0.33,-0.87
2024-03-25 17:0:50.3240,-0.3,2.08,2.3,0.96,0.28,-0.82
2024-03-25 17:0:50.3340,-2.1414627720415593,2.74,0.8,0.77,0.24,-0.66
2024-03-25 17:0:50.3440,-2.15,2.74,0.8,0.5,0.22,-0.34
2024-03-25 17:0:50.3540,-3.05,2.64,0.79,0.3,0.16,0.05
2024-03-25 17:0:50.3640,-3.37,2.15,1.42,0.24,0.03,0.38
2024-03-25 17:0:50.3740,-3.03,1.09,2.02,0.18,-0.13,0.56
2024-03-25 17:0:50.3840,-2.14,-0.13,1.59,0.03,-0.29,0.65
2024-03-25 17:0:50.3940,-1.63,-1.05,0.75,-0.17,-0.43,0.7
2024-03-25 17:0:50.4040,-1.43,-1.83,0.27,-0.33,-0.54,0.71
2024-03-25 17:0:50.4140,-1.33,-2.61,0.23,-0.39,-0.59,0.68
2024-03-25 17:0:50.4240,-1.24,-3.26,0.38,-0.34,-0.61,0.61
2024-03-25 17:0:50.4340,-1.13,-3.79,0.45,-0.21,-0.6,0.48
2024-03-25 17:0:50.4440,-0.92,-4.06,0.26,-0.07,-0.59,0.31
2024-03-25 17:0:50.4540,-0.68,-4.07,-0.41,0.01,-0.55,0.12
2024-03-25 17:0:50.4640,-0.6,-3.84,-1.46,0.02,-0.5,-0.01
2024-03-25 17:0:50.4730,-0.78,-3.45,-2.42,-0.0,-0.44,-0.08
2024-03-25 17:0:50.4840,-0.98,-2.92,-2.97,-0.05,-0.41,-0.1
2024-03-25 17:0:50.4940,-1.14,-2.37,-3.51,-0.13,-0.42,-0.08
2024-03-25 17:0:50.5040,-1.2,-1.84,-4.03,-0.23,-0.43,-0.03
2024-03-25 17:0:50.5140,-1.12,-1.31,-4.4,-0.33,-0.47,0.03
2024-03-25 17:0:50.5240,-1.03,-0.86,-4.6,-0.41,-0.49,0.11
2024-03-25 17:0:50.5340,-1.01,-0.55,-4.61,-0.49,-0.49,0.2
2024-03-25 17:0:50.5440,-0.97,-0.32,-4.59,-0.59,-0.44,0.3
2024-03-25 17:0:50.5540,-0.97,-0.2,-4.55,-0.66,-0.31,0.42
2024-03-25 17:0:50.5640,-0.98,-0.08,-4.23,-0.69,-0.11,0.55
2024-03-25 17:0:50.5740,-0.83,0.01,-3.68,-0.65,0.09,0.65
2024-03-25 17:0:50.5840,-0.47,0.11,-2.95,-0.59,0.21,0.69
2024-03-25 17:0:50.5940,-0.07,0.12,-2.23,-0.49,0.23,0.66
2024-03-25 17:0:50.6040,0.26,0.03,-1.46,-0.38,0.12,0.58
2024-03-25 17:0:50.6140,0.62,0.06,-0.86,-0.3,-0.02,0.47
2024-03-25 17:0:50.6240,0.77,0.09,-0.71,-0.27,-0.13,0.39
2024-03-25 17:0:50.6330,0.71,0.22,-0.77,-0.26,-0.16,0.35
2024-03-25 17:0:50.6430,0.58,0.37,-0.71,-0.23,-0.12,0.34
2024-03-25 17:0:50.6530,0.48,0.52,-0.42,-0.18,-0.05,0.35
2024-03-25 17:0:50.6640,0.36,0.6,-0.03,-0.1,-0.0,0.33
2024-03-25 17:0:50.6740,0.47,0.77,0.24,-0.05,-0.0,0.28
2024-03-25 17:0:50.6830,0.51,0.88,0.22,-0.02,-0.02,0.23
2024-03-25 17:0:50.6940,0.39,0.92,0.32,0.05,-0.05,0.16
2024-03-25 17:0:50.7040,0.38,0.98,0.71,0.13,-0.08,0.08
2024-03-25 17:0:50.7130,0.3,1.07,0.91,0.15,-0.11,0.01
2024-03-25 17:0:50.7240,0.1,1.19,0.84,0.12,-0.13,-0.03
2024-03-25 17:0:50.7330,-0.1,1.37,0.88,0.06,-0.1,-0.04
2024-03-25 17:0:50.7440,-0.34,1.56,1.22,0.03,-0.03,-0.0
2024-03-25 17:0:50.7530,-0.54,1.77,1.89,0.04,0.03,0.03
2024-03-25 17:0:50.7640,-0.56,1.89,2.57,0.06,0.12,0.05
2024-03-25 17:0:50.7730,-0.43,1.78,3.18,0.14,0.21,0.04
2024-03-25 17:0:50.7830,-0.26,1.5,3.93,0.26,0.25,-0.02
2024-03-25 17:0:50.7930,0.08,1.29,4.47,0.35,0.23,-0.13
2024-03-25 17:0:50.8030,0.32,1.29,4.41,0.34,0.11,-0.26
2024-03-25 17:0:50.8130,0.27,1.49,4.04,0.25,-0.02,-0.33
2024-03-25 17:0:50.8230,0.1,1.82,3.76,0.09,-0.09,-0.28
2024-03-25 17:0:50.8330,-0.51,1.84,3.74,-0.03,-0.06,-0.11
2024-03-25 17:0:50.8430,-1.11,1.43,4.27,-0.05,-0.02,0.05
2024-03-25 17:0:50.8530,-0.93,0.81,4.97,0.06,-0.01,0.08
2024-03-25 17:0:50.8630,-0.2,0.15,5.39,0.24,-0.06,-0.03
2024-03-25 17:0:50.8730,0.49,-0.28,5.19,0.41,-0.11,-0.19
2024-03-25 17:0:50.8830,0.81,-0.56,4.42,0.57,-0.12,-0.34
2024-03-25 17:0:50.8930,0.84,-0.54,3.64,0.72,-0.11,-0.43
2024-03-25 17:0:50.9030,0.48,-0.33,2.82,0.84,-0.08,-0.39
2024-03-25 17:0:50.9130,-0.13,-0.21,1.79,0.84,-0.05,-0.27
2024-03-25 17:0:50.9230,-0.48,-0.36,0.48,0.75,-0.01,-0.12
2024-03-25 17:0:50.9330,-0.46,-0.68,-0.74,0.61,0.01,0.01
2024-03-25 17:0:50.9430,-0.34,-1.01,-1.48,0.48,0.0,0.12
2024-03-25 17:0:50.9530,-0.11,-1.13,-1.86,0.36,-0.01,0.19
2024-03-25 17:0:50.9630,0.17,-1.24,-2.28,0.21,-0.05,0.23
2024-03-25 17:0:50.9730,0.24,-1.3,-2.82,0.01,-0.07,0.29
2024-03-25 17:0:50.9830,0.24,-1.4,-3.33,-0.19,-0.07,0.36
2024-03-25 17:0:50.9930,0.19,-1.5,-3.53,-0.37,-0.03,0.45
2024-03-25 17:0:51.0030,0.2,-1.69,-3.51,-0.47,0.04,0.52
2024-03-25 17:0:51.0130,0.38,-1.89,-3.17,-0.47,0.14,0.54
2024-03-25 17:0:51.0230,0.81,-2.12,-2.71,-0.36,0.22,0.48
2024-03-25 17:0:51.0330,1.27,-2.39,-2.19,-0.19,0.24,0.31
2024-03-25 17:0:51.0430,1.77,-2.51,-2.02,-0.05,0.22,0.09
2024-03-25 17:0:51.0530,2.01,-2.47,-2.4,0.02,0.18,-0.13
2024-03-25 17:0:51.0630,1.87,-2.11,-2.99,0.01,0.12,-0.29
2024-03-25 17:0:51.0730,1.47,-1.6,-3.57,-0.01,0.07,-0.36
2024-03-25 17:0:51.0830,1.03,-0.98,-3.65,0.02,0.05,-0.36
2024-03-25 17:0:51.0930,0.67,-0.47,-3.21,0.15,0.02,-0.31
2024-03-25 17:0:51.1030,0.57,-0.32,-2.25,0.4,0.01,-0.28
2024-03-25 17:0:51.1130,0.78,-0.39,-1.18,0.72,0.0,-0.28
2024-03-25 17:0:51.1230,1.08,-0.49,-0.48,0.91,-0.06,-0.35
2024-03-25 17:0:51.1330,1.38,-0.46,-1.0,0.83,-0.17,-0.4
2024-03-25 17:0:51.1430,1.29,-0.26,-2.21,0.56,-0.35,-0.47
2024-03-25 17:0:51.1530,1.17,-0.01,-2.95,0.31,-0.54,-0.48
2024-03-25 17:0:51.1630,0.94,0.4,-2.54,0.2,-0.68,-0.43
2024-03-25 17:0:51.1730,0.83,0.73,-1.52,0.21,-0.72,-0.36
2024-03-25 17:0:51.1830,0.89,0.92,-0.85,0.22,-0.66,-0.3
2024-03-25 17:0:51.1930,1.07,1.01,-0.89,0.19,-0.55,-0.27
2024-03-25 17:0:51.2030,1.36,1.15,-1.18,0.1,-0.39,-0.26
2024-03-25 17:0:51.2130,1.38,1.25,-1.36,-0.02,-0.23,-0.25
2024-03-25 17:0:51.2230,1.16,1.39,-1.2,-0.13,-0.09,-0.22
2024-03-25 17:0:51.2330,0.84,1.49,-0.83,-0.21,0.05,-0.16
2024-03-25 17:0:51.2430,0.49,1.45,-0.21,-0.23,0.15,-0.1
2024-03-25 17:0:51.2530,0.19,1.42,0.69,-0.2,0.22,-0.06
2024-03-25 17:0:51.2630,0.01,1.34,1.34,-0.16,0.25,-0.04
2024-03-25 17:0:51.2730,-0.12,1.22,1.73,-0.11,0.26,-0.05
2024-03-25 17:0:51.2830,-0.24,1.14,2.04,-0.08,0.27,-0.05
2024-03-25 17:0:51.2930,-0.47,1.11,2.21,-0.04,0.28,-0.02
2024-03-25 17:0:51.3030,-0.87,1.13,2.44,0.03,0.33,0.05
2024-03-25 17:0:51.3130,-1.17,1.02,2.84,0.15,0.36,0.1
2024-03-25 17:0:51.3230,-1.29,0.76,3.36,0.36,0.39,0.13
2024-03-25 17:0:51.3330,-1.17,0.38,3.84,0.64,0.37,0.1
2024-03-25 17:0:51.3430,-0.92,0.01,3.92,0.86,0.35,0.05
2024-03-25 17:0:51.3530,-0.86,-0.35,3.25,0.99,0.34,0.01
2024-03-25 17:0:51.3630,-1.06,-0.61,2.47,1.08,0.3,0.0
2024-03-25 17:0:51.3730,-1.35,-0.73,2.14,1.18,0.26,-0.0
2024-03-25 17:0:51.3830,-1.34,-0.65,2.0,1.28,0.23,-0.02
2024-03-25 17:0:51.3930,-1.29,-0.52,1.58,1.24,0.23,-0.06
2024-03-25 17:0:51.4030,-1.4,-0.53,0.17,0.94,0.26,0.03
2024-03-25 17:0:51.4130,-2.09,-0.61,-1.22,0.54,0.34,0.25
2024-03-25 17:0:51.4230,-2.68,-0.76,-1.32,0.34,0.36,0.48
2024-03-25 17:0:51.4330,-2.84,-1.19,-0.1,0.36,0.27,0.69
2024-03-25 17:0:51.4430,-3.01,-1.91,1.05,0.45,0.04,0.86
2024-03-25 17:0:51.4530,-2.72,-2.37,1.22,0.38,-0.33,0.93
2024-03-25 17:0:51.4630,-1.89,-2.35,0.06,0.02,-0.73,0.91
2024-03-25 17:0:51.4730,-1.14,-2.36,-1.94,-0.57,-0.94,0.9
2024-03-25 17:0:51.4830,-0.79,-2.37,-3.36,-1.23,-0.85,0.97
2024-03-25 17:0:51.4930,-1.01,-2.66,-3.4,-1.73,-0.49,1.12
2024-03-25 17:0:51.5030,-1.51,-3.27,-1.89,-1.99,-0.01,1.24
2024-03-25 17:0:51.5130,-1.63,-3.82,-0.04,-2.02,0.45,1.2
2024-03-25 17:0:51.5230,-1.12,-4.07,1.68,-1.81,0.73,0.93
2024-03-25 17:0:51.5330,-0.27,-3.51,3.15,-1.44,0.78,0.53
2024-03-25 17:0:51.5430,0.25,-2.4,3.67,-1.01,0.72,0.18
2024-03-25 17:0:51.5530,0.02,-1.17,3.57,-0.58,0.54,-0.04
2024-03-25 17:0:51.5630,-0.54,0.09,2.94,-0.21,0.33,-0.13
2024-03-25 17:0:51.5730,-0.93,1.15,1.68,0.01,0.13,-0.09
2024-03-25 17:0:51.5830,-1.2,1.86,-0.06,0.07,-0.04,0.04
2024-03-25 17:0:51.5930,-1.22,2.29,-1.71,0.05,-0.14,0.23
2024-03-25 17:0:51.6030,-1.04,2.32,-2.65,0.1,-0.12,0.43
2024-03-25 17:0:51.6130,-0.35,2.08,-2.86,0.22,0.0,0.55
2024-03-25 17:0:51.6230,0.61,1.54,-3.09,0.32,0.17,0.61
2024-03-25 17:0:51.6330,1.31,0.83,-3.61,0.37,0.31,0.6
2024-03-25 17:0:51.6430,1.69,0.19,-3.95,0.39,0.39,0.53
2024-03-25 17:0:51.6530,1.9,-0.32,-3.95,0.38,0.4,0.41
2024-03-25 17:0:51.6630,1.87,-0.71,-3.52,0.39,0.33,0.32
2024-03-25 17:0:51.6730,1.36,-0.81,-2.84,0.43,0.21,0.28
2024-03-25 17:0:51.6830,0.96,-0.67,-2.18,0.55,0.1,0.26
2024-03-25 17:0:51.6930,0.94,-0.51,-1.63,0.67,0.04,0.21
2024-03-25 17:0:51.7030,1.11,-0.46,-1.74,0.72,0.05,0.15
2024-03-25 17:0:51.7130,1.23,-0.4,-2.39,0.68,0.13,0.09
2024-03-25 17:0:51.7230,0.97,-0.42,-3.03,0.64,0.29,0.08
2024-03-25 17:0:51.7330,0.4,-0.34,-2.97,0.66,0.45,0.12
2024-03-25 17:0:51.7440,-0.19,-0.06,-2.53,0.68,0.51,0.18
2024-03-25 17:0:51.7530,-0.54,0.18,-2.41,0.6,0.4,0.2
2024-03-25 17:0:51.7630,-0.5,0.6,-2.66,0.34,0.12,0.18
2024-03-25 17:0:51.7730,-0.43,1.02,-3.13,-0.07,-0.24,0.15
2024-03-25 17:0:51.7830,-0.35,1.36,-3.29,-0.56,-0.43,0.15
2024-03-25 17:0:51.7930,-0.31,1.44,-2.58,-0.87,-0.36,0.18
2024-03-25 17:0:51.8030,-0.27,1.39,-0.46,-0.91,-0.12,0.18
2024-03-25 17:0:51.8130,-0.34,1.19,1.98,-0.79,0.15,0.15
2024-03-25 17:0:51.8230,-0.47,1.01,3.92,-0.6,0.3,0.06
2024-03-25 17:0:51.8330,-0.74,0.87,5.35,-0.37,0.18,-0.07
2024-03-25 17:0:51.8430,-1.2,0.93,6.45,-0.18,-0.08,-0.18
2024-03-25 17:0:51.8530,-1.57,1.31,6.79,0.04,-0.62,-0.31
2024-03-25 17:0:51.8630,-1.87,1.88,6.4,0.17,-1.08,-0.35
2024-03-25 17:0:51.8730,-1.84,2.72,5.42,0.12,-1.3,-0.29
2024-03-25 17:0:51.8830,-1.73,3.26,3.69,-0.1,-1.32,-0.1
2024-03-25 17:0:51.8930,-2.01,3.45,2.17,-0.43,-1.16,0.32
2024-03-25 17:0:51.9030,-2.58,2.83,1.64,-0.6,-0.87,0.85
2024-03-25 17:0:51.9130,-2.41,1.35,2.75,-0.49,-0.62,1.12
2024-03-25 17:0:51.9230,-0.86,-0.84,3.95,-0.22,-0.49,1.05
2024-03-25 17:0:51.9330,1.02,-2.89,4.27,0.07,-0.5,0.66
2024-03-25 17:0:51.9430,2.7,-4.05,3.59,0.28,-0.56,0.11
2024-03-25 17:0:51.9530,3.26,-4.51,2.47,0.39,-0.56,-0.36
2024-03-25 17:0:51.9630,2.63,-4.05,1.47,0.49,-0.48,-0.58
2024-03-25 17:0:51.9730,1.15,-2.88,0.68,0.54,-0.34,-0.58
2024-03-25 17:0:51.9830,-0.07,-1.85,-0.26,0.53,-0.16,-0.45
2024-03-25 17:0:51.9930,-0.61,-1.19,-1.39,0.4,0.03,-0.3
2024-03-25 17:0:52.0030,-0.69,-0.78,-2.53,0.17,0.17,-0.21
2024-03-25 17:0:52.0130,-0.37,-0.67,-3.3,-0.08,0.26,-0.19
2024-03-25 17:0:52.0230,-0.09,-0.73,-3.27,-0.28,0.35,-0.21
2024-03-25 17:0:52.0330,-0.11,-0.92,-2.47,-0.37,0.45,-0.26
2024-03-25 17:0:52.0430,-0.31,-1.05,-1.27,-0.38,0.5,-0.32
2024-03-25 17:0:52.0530,-0.57,-0.94,-0.19,-0.35,0.48,-0.36
2024-03-25 17:0:52.0630,-0.76,-0.7,0.4,-0.31,0.42,-0.36
2024-03-25 17:0:52.0720,-0.98,-0.52,0.69,-0.22,0.34,-0.34
2024-03-25 17:0:52.0830,-1.04,-0.36,0.83,-0.13,0.25,-0.32
2024-03-25 17:0:52.0930,-1.05,-0.28,0.56,-0.05,0.18,-0.27
2024-03-25 17:0:52.1030,-1.01,-0.18,0.05,0.0,0.11,-0.23
2024-03-25 17:0:52.1130,-0.9,-0.12,-0.66,0.02,0.05,-0.18
2024-03-25 17:0:52.1230,-0.73,-0.12,-1.43,0.0,-0.01,-0.14
2024-03-25 17:0:52.1330,-0.63,-0.16,-2.05,-0.05,-0.05,-0.08
2024-03-25 17:0:52.1430,-0.6,-0.23,-2.62,-0.11,-0.04,0.01
2024-03-25 17:0:52.1530,-0.71,-0.37,-3.0,-0.16,-0.0,0.12
2024-03-25 17:0:52.1630,-0.87,-0.48,-3.22,-0.21,0.03,0.22
2024-03-25 17:0:52.1730,-0.82,-0.61,-3.34,-0.26,0.05,0.27
2024-03-25 17:0:52.1830,-0.6,-0.73,-3.42,-0.29,0.05,0.26
2024-03-25 17:0:52.1930,-0.34,-0.65,-3.36,-0.3,0.04,0.23
2024-03-25 17:0:52.2030,-0.28,-0.42,-3.08,-0.27,0.03,0.21
2024-03-25 17:0:52.2130,-0.26,-0.06,-2.62,-0.23,0.01,0.19
2024-03-25 17:0:52.2220,-0.22,0.37,-2.43,-0.23,0.03,0.19
2024-03-25 17:0:52.2320,-0.28,0.66,-2.42,-0.24,0.05,0.22
2024-03-25 17:0:52.2420,-0.28,0.93,-2.2,-0.22,0.08,0.25
2024-03-25 17:0:52.2530,-0.3,1.05,-1.9,-0.2,0.1,0.28
2024-03-25 17:0:52.2630,-0.27,1.09,-1.59,-0.15,0.1,0.29
2024-03-25 17:0:52.2730,-0.04,1.17,-1.33,-0.12,0.1,0.27
2024-03-25 17:0:52.2830,0.18,1.31,-1.22,-0.09,0.11,0.27
2024-03-25 17:0:52.2930,0.25,1.39,-0.99,-0.07,0.13,0.25
2024-03-25 17:0:52.3020,0.47,1.53,-0.77,-0.11,0.2,0.24
2024-03-25 17:0:52.3130,0.46,1.58,-0.71,-0.17,0.29,0.28
2024-03-25 17:0:52.3220,0.19,1.65,-0.24,-0.2,0.39,0.37
2024-03-25 17:0:52.3320,-0.13,1.57,0.52,-0.2,0.47,0.44
2024-03-25 17:0:52.3430,-0.37,1.27,1.2,-0.18,0.51,0.52
2024-03-25 17:0:52.3530,-0.67,0.95,2.01,-0.12,0.5,0.57
2024-03-25 17:0:52.3620,-0.66,0.69,3.02,0.02,0.46,0.52
2024-03-25 17:0:52.3720,-0.22,0.44,4.01,0.19,0.38,0.4
2024-03-25 17:0:52.3820,0.0,0.41,4.57,0.28,0.28,0.29
2024-03-25 17:0:52.3920,-0.47,0.4,4.36,0.22,0.16,0.27
2024-03-25 17:0:52.4020,-1.45,0.44,3.82,0.07,0.07,0.39
2024-03-25 17:0:52.4120,-2.66,0.41,3.74,-0.01,0.02,0.68
2024-03-25 17:0:52.4220,-3.57,0.29,4.5,0.1,-0.01,0.98
2024-03-25 17:0:52.4320,-3.3,-0.23,5.49,0.39,-0.1,1.13
2024-03-25 17:0:52.4420,-2.25,-0.91,5.97,0.68,-0.25,1.12
2024-03-25 17:0:52.4530,-1.16,-1.69,5.1,0.77,-0.39,1.01
2024-03-25 17:0:52.4620,-0.58,-2.56,3.23,0.65,-0.46,0.9
2024-03-25 17:0:52.4720,-0.63,-3.39,1.59,0.45,-0.43,0.83
2024-03-25 17:0:52.4820,-0.92,-4.05,0.6,0.26,-0.29,0.79
2024-03-25 17:0:52.4920,-1.1,-4.51,0.15,0.11,-0.1,0.7
2024-03-25 17:0:52.5020,-1.03,-4.83,-0.25,-0.07,0.13,0.53
2024-03-25 17:0:52.5120,-0.8,-4.81,-0.76,-0.28,0.35,0.29
2024-03-25 17:0:52.5220,-0.68,-4.33,-1.22,-0.51,0.55,0.05
2024-03-25 17:0:52.5320,-0.88,-3.4,-1.34,-0.67,0.74,-0.16
2024-03-25 17:0:52.5420,-1.17,-1.98,-0.72,-0.73,0.95,-0.28
2024-03-25 17:0:52.5520,-1.75,-0.71,0.01,-0.72,1.14,-0.22
2024-03-25 17:0:52.5620,-2.62,0.53,0.59,-0.65,1.22,-0.0
2024-03-25 17:0:52.5720,-3.47,1.48,0.94,-0.56,1.13,0.27
2024-03-25 17:0:52.5820,-3.73,1.96,0.78,-0.5,0.92,0.53
2024-03-25 17:0:52.5920,-3.47,2.1,0.26,-0.47,0.62,0.74
2024-03-25 17:0:52.6020,-2.85,1.95,-0.36,-0.42,0.31,0.88
2024-03-25 17:0:52.6120,-2.04,1.49,-0.77,-0.28,0.05,0.94
2024-03-25 17:0:52.6220,-1.19,0.89,-1.05,-0.11,-0.12,0.94
2024-03-25 17:0:52.6320,-0.35,0.39,-1.76,0.01,-0.19,0.89
2024-03-25 17:0:52.6420,0.36,0.0,-2.99,0.05,-0.21,0.83
2024-03-25 17:0:52.6520,0.81,-0.22,-4.05,0.05,-0.22,0.76
2024-03-25 17:0:52.6620,1.05,-0.36,-4.63,0.06,-0.24,0.69
2024-03-25 17:0:52.6720,1.34,-0.34,-4.92,0.06,-0.23,0.62
2024-03-25 17:0:52.6820,1.53,-0.37,-5.21,0.03,-0.18,0.57
2024-03-25 17:0:52.6920,1.63,-0.33,-5.39,-0.03,-0.09,0.52
2024-03-25 17:0:52.7020,1.73,-0.19,-5.35,-0.12,-0.02,0.48
2024-03-25 17:0:52.7120,1.74,0.15,-4.97,-0.21,0.07,0.46
2024-03-25 17:0:52.7220,1.62,0.4,-4.15,-0.2,0.14,0.44
2024-03-25 17:0:52.7320,1.58,0.59,-2.86,-0.15,0.17,0.4
2024-03-25 17:0:52.7420,1.69,0.53,-1.8,-0.09,0.17,0.3
2024-03-25 17:0:52.7520,1.88,0.38,-1.11,-0.07,0.14,0.17
2024-03-25 17:0:52.7620,1.91,0.28,-0.69,-0.08,0.09,0.04
2024-03-25 17:0:52.7720,1.68,0.38,-0.19,-0.11,0.03,-0.07
2024-03-25 17:0:52.7820,1.27,0.59,0.43,-0.13,-0.02,-0.14
2024-03-25 17:0:52.7920,0.83,0.89,1.21,-0.14,-0.04,-0.21
2024-03-25 17:0:52.8020,0.55,1.18,1.91,-0.13,-0.01,-0.25
2024-03-25 17:0:52.8120,0.19,1.38,2.63,-0.06,0.03,-0.29
2024-03-25 17:0:52.8220,-0.1,1.45,3.6,0.07,0.05,-0.34
2024-03-25 17:0:52.8320,-0.36,1.38,4.41,0.21,0.04,-0.41
2024-03-25 17:0:52.8420,-0.72,1.28,4.72,0.29,0.06,-0.48
2024-03-25 17:0:52.8520,-1.08,1.17,4.69,0.37,0.13,-0.55
2024-03-25 17:0:52.8620,-1.29,1.12,4.88,0.48,0.18,-0.67
2024-03-25 17:0:52.8720,-1.45,1.39,5.16,0.66,0.12,-0.76
2024-03-25 17:0:52.8820,-1.83,1.55,5.3,1.01,0.02,-0.86
2024-03-25 17:0:52.8920,-1.91,1.7,5.62,1.37,-0.09,-0.98
2024-03-25 17:0:52.9020,-1.8,1.84,4.75,1.58,-0.25,-1.06
2024-03-25 17:0:52.9120,-1.64,2.18,3.19,1.64,-0.44,-1.06
2024-03-25 17:0:52.9220,-1.74,2.39,1.71,1.62,-0.54,-0.92
2024-03-25 17:0:52.9320,-1.8,2.34,0.62,1.53,-0.48,-0.68
2024-03-25 17:0:52.9420,-1.56,1.87,-0.18,1.38,-0.29,-0.39
2024-03-25 17:0:52.9520,-1.36,0.91,-0.7,1.17,-0.06,-0.05
2024-03-25 17:0:52.9620,-1.35,-0.59,-1.0,0.92,0.14,0.27
2024-03-25 17:0:52.9720,-1.15,-2.2,-0.92,0.74,0.16,0.47
2024-03-25 17:0:52.9820,-0.62,-3.47,-0.47,0.59,0.01,0.5
2024-03-25 17:0:52.9920,0.34,-4.26,-0.32,0.45,-0.28,0.34
2024-03-25 17:0:53.0020,1.38,-4.47,-0.58,0.25,-0.57,0.13
2024-03-25 17:0:53.0120,1.82,-4.18,-1.32,-0.06,-0.68,0.03
2024-03-25 17:0:53.0220,1.63,-3.73,-2.11,-0.41,-0.58,0.02
2024-03-25 17:0:53.0320,1.48,-3.23,-2.29,-0.71,-0.33,0.06
2024-03-25 17:0:53.0420,1.25,-2.93,-1.9,-0.93,0.05,0.14
2024-03-25 17:0:53.0520,1.19,-2.65,-1.0,-1.06,0.4,0.13
2024-03-25 17:0:53.0620,1.42,-2.35,0.05,-1.1,0.65,0.05
2024-03-25 17:0:53.0720,1.44,-2.04,0.93,-1.07,0.74,-0.09
2024-03-25 17:0:53.0820,1.22,-1.68,1.68,-1.0,0.69,-0.26
2024-03-25 17:0:53.0920,0.97,-1.22,2.0,-1.0,0.55,-0.4
2024-03-25 17:0:53.1020,0.41,-0.64,1.72,-0.93,0.34,-0.45
2024-03-25 17:0:53.1120,-0.34,-0.21,1.69,-0.75,0.2,-0.43
2024-03-25 17:0:53.1220,-0.72,0.08,1.65,-0.51,0.13,-0.37
2024-03-25 17:0:53.1320,-0.79,0.4,0.99,-0.29,0.07,-0.31
2024-03-25 17:0:53.1420,-0.59,0.71,-0.08,-0.13,-0.01,-0.28
2024-03-25 17:0:53.1520,-0.27,0.97,-1.35,-0.07,-0.11,-0.26
2024-03-25 17:0:53.1620,-0.06,1.23,-2.47,-0.07,-0.21,-0.21
2024-03-25 17:0:53.1720,0.06,1.5,-3.27,-0.1,-0.33,-0.11
2024-03-25 17:0:53.1820,-0.02,1.56,-3.78,-0.14,-0.42,0.02
2024-03-25 17:0:53.1920,-0.06,1.43,-4.22,-0.22,-0.44,0.18
2024-03-25 17:0:53.2020,0.02,1.08,-4.6,-0.31,-0.36,0.35
2024-03-25 17:0:53.2120,0.24,0.59,-4.71,-0.33,-0.19,0.48
2024-03-25 17:0:53.2220,0.65,-0.01,-4.31,-0.28,0.03,0.54
2024-03-25 17:0:53.2320,1.07,-0.64,-3.71,-0.2,0.21,0.53
2024-03-25 17:0:53.2420,1.34,-1.2,-3.24,-0.14,0.32,0.45
2024-03-25 17:0:53.2520,1.4,-1.56,-2.97,-0.16,0.36,0.33
2024-03-25 17:0:53.2620,1.27,-1.86,-2.87,-0.23,0.31,0.2
2024-03-25 17:0:53.2720,1.02,-1.88,-2.59,-0.35,0.22,0.12
2024-03-25 17:0:53.2820,0.45,-1.81,-2.2,-0.49,0.14,0.13
2024-03-25 17:0:53.2920,-0.17,-1.58,-1.4,-0.54,0.13,0.16
2024-03-25 17:0:53.3020,-0.26,-1.22,-0.29,-0.5,0.19,0.15
2024-03-25 17:0:53.3120,-0.13,-0.76,0.73,-0.4,0.34,0.14
2024-03-25 17:0:53.3220,-0.1,-0.24,1.64,-0.26,0.5,0.1
2024-03-25 17:0:53.3320,-0.24,0.29,2.44,-0.12,0.61,0.09
2024-03-25 17:0:53.3420,-0.68,0.78,2.93,-0.02,0.68,0.13
2024-03-25 17:0:53.3520,-1.32,1.23,3.4,0.09,0.64,0.24
2024-03-25 17:0:53.3620,-1.87,1.71,4.01,0.24,0.49,0.36
2024-03-25 17:0:53.3720,-2.04,2.06,4.52,0.41,0.27,0.46
2024-03-25 17:0:53.3820,-1.67,2.38,4.66,0.54,0.07,0.49
2024-03-25 17:0:53.3920,-1.0,2.44,4.22,0.62,-0.1,0.46
2024-03-25 17:0:53.4020,-0.29,2.56,3.52,0.54,-0.2,0.4
2024-03-25 17:0:53.4120,0.18,2.85,2.58,0.47,-0.25,0.35
2024-03-25 17:0:53.4220,0.46,2.99,2.41,0.39,-0.19,0.32
2024-03-25 17:0:53.4320,0.46,2.92,2.3,0.25,-0.04,0.39
2024-03-25 17:0:53.4420,0.06,2.6,1.86,0.01,0.13,0.57
2024-03-25 17:0:53.4520,-0.64,1.79,1.5,-0.25,0.3,0.84
2024-03-25 17:0:53.4620,-0.87,0.53,1.87,-0.34,0.39,1.04
2024-03-25 17:0:53.4720,-0.3,-0.96,3.05,-0.26,0.34,1.03
2024-03-25 17:0:53.4820,0.41,-2.62,3.93,-0.12,0.14,0.85
2024-03-25 17:0:53.4920,0.77,-4.17,4.02,-0.04,-0.13,0.58
2024-03-25 17:0:53.5020,1.05,-5.09,3.35,-0.06,-0.34,0.26
2024-03-25 17:0:53.5120,1.18,-5.54,2.45,-0.06,-0.48,-0.06
2024-03-25 17:0:53.5220,1.05,-5.59,1.89,0.02,-0.53,-0.34
2024-03-25 17:0:53.5320,0.64,-5.21,1.44,0.09,-0.49,-0.53
2024-03-25 17:0:53.5420,0.01,-4.64,0.43,0.12,-0.4,-0.61
2024-03-25 17:0:53.5520,-0.55,-3.87,-0.7,0.1,-0.32,-0.65
2024-03-25 17:0:53.5620,-0.86,-3.05,-1.79,0.06,-0.28,-0.64
2024-03-25 17:0:53.5720,-1.09,-2.2,-2.71,-0.0,-0.28,-0.58
2024-03-25 17:0:53.5820,-1.27,-1.46,-3.45,-0.06,-0.28,-0.49
2024-03-25 17:0:53.5920,-1.29,-0.84,-4.03,-0.12,-0.22,-0.35
2024-03-25 17:0:53.6020,-1.37,-0.3,-4.37,-0.17,-0.16,-0.2
2024-03-25 17:0:53.6120,-1.41,0.05,-4.74,-0.25,-0.14,-0.08
2024-03-25 17:0:53.6220,-1.24,0.29,-5.14,-0.38,-0.13,0.02
2024-03-25 17:0:53.6320,-1.03,0.45,-5.41,-0.49,-0.12,0.11
2024-03-25 17:0:53.6420,-0.86,0.59,-5.4,-0.58,-0.06,0.21
2024-03-25 17:0:53.6520,-0.74,0.65,-5.21,-0.63,0.01,0.28
2024-03-25 17:0:53.6620,-0.43,0.62,-4.92,-0.67,0.09,0.32
2024-03-25 17:0:53.6720,-0.17,0.53,-4.64,-0.69,0.16,0.36
2024-03-25 17:0:53.6820,-0.01,0.42,-3.97,-0.67,0.19,0.36
2024-03-25 17:0:53.6920,0.26,0.41,-3.25,-0.67,0.18,0.34
2024-03-25 17:0:53.7020,0.36,0.41,-2.72,-0.67,0.14,0.32
2024-03-25 17:0:53.7120,0.53,0.47,-2.13,-0.67,0.1,0.28
2024-03-25 17:0:53.7220,0.68,0.45,-1.66,-0.66,0.11,0.23
2024-03-25 17:0:53.7320,0.78,0.45,-1.22,-0.63,0.17,0.19
2024-03-25 17:0:53.7420,0.77,0.51,-0.81,-0.63,0.26,0.18
2024-03-25 17:0:53.7520,0.52,0.58,-0.43,-0.65,0.35,0.23
2024-03-25 17:0:53.7620,0.13,0.64,0.21,-0.62,0.33,0.24
2024-03-25 17:0:53.7720,0.09,0.76,1.05,-0.53,0.19,0.22
2024-03-25 17:0:53.7820,0.15,0.75,1.88,-0.38,-0.04,0.15
2024-03-25 17:0:53.7920,0.28,0.77,2.63,-0.19,-0.26,0.03
2024-03-25 17:0:53.8020,0.51,0.78,2.87,-0.04,-0.37,-0.1
2024-03-25 17:0:53.8120,0.67,0.83,2.72,0.07,-0.39,-0.2
2024-03-25 17:0:53.8220,0.63,1.04,2.51,0.14,-0.35,-0.26
2024-03-25 17:0:53.8320,0.39,1.25,2.42,0.21,-0.26,-0.28
2024-03-25 17:0:53.8420,0.12,1.52,2.65,0.31,-0.17,-0.28
2024-03-25 17:0:53.8520,-0.11,1.71,3.01,0.42,-0.14,-0.28
2024-03-25 17:0:53.8620,-0.24,1.8,3.27,0.49,-0.16,-0.31
2024-03-25 17:0:53.8720,-0.24,1.77,3.25,0.53,-0.21,-0.35
2024-03-25 17:0:53.8820,-0.25,1.68,3.19,0.56,-0.3,-0.4
2024-03-25 17:0:53.8920,-0.39,1.53,3.26,0.59,-0.35,-0.46
2024-03-25 17:0:53.9020,-0.5,1.38,3.25,0.63,-0.38,-0.51
2024-03-25 17:0:53.9120,-0.47,1.26,3.19,0.69,-0.39,-0.59
2024-03-25 17:0:53.9210,-0.27,1.3,3.16,0.81,-0.38,-0.69
2024-03-25 17:0:53.9310,-0.07,1.62,3.12,0.92,-0.32,-0.8
2024-03-25 17:0:53.9420,0.15,2.15,2.83,0.98,-0.23,-0.85
2024-03-25 17:0:53.9510,0.02,2.73,2.44,1.0,-0.12,-0.75
2024-03-25 17:0:53.9620,-0.59,2.85,2.26,0.98,-0.01,-0.49
2024-03-25 17:0:53.9720,-1.1,2.44,2.34,1.02,0.0,-0.21
2024-03-25 17:0:53.9820,-0.94,1.68,2.65,1.08,-0.1,-0.02
2024-03-25 17:0:53.9910,-0.36,0.69,2.54,1.07,-0.29,0.07
2024-03-25 17:0:54.0010,0.31,-0.29,1.76,0.98,-0.45,0.1
2024-03-25 17:0:54.0110,0.79,-1.14,0.87,0.85,-0.54,0.11
2024-03-25 17:0:54.0210,1.04,-1.77,0.23,0.73,-0.5,0.12
2024-03-25 17:0:54.0320,1.05,-2.35,-0.16,0.64,-0.36,0.15
2024-03-25 17:0:54.0410,0.96,-2.89,-0.33,0.55,-0.16,0.17
2024-03-25 17:0:54.0520,0.83,-3.45,-0.62,0.43,0.02,0.15
2024-03-25 17:0:54.0620,0.69,-3.84,-1.01,0.25,0.12,0.09
2024-03-25 17:0:54.0710,0.53,-4.06,-1.51,-0.03,0.14,0.01
2024-03-25 17:0:54.0810,0.31,-4.27,-2.12,-0.35,0.11,-0.09
2024-03-25 17:0:54.0910,0.16,-4.33,-2.5,-0.62,0.1,-0.2
2024-03-25 17:0:54.1010,0.14,-4.23,-2.28,-0.74,0.15,-0.35
2024-03-25 17:0:54.1110,0.39,-3.68,-1.52,-0.7,0.24,-0.51
2024-03-25 17:0:54.1210,0.67,-2.75,-0.93,-0.61,0.35,-0.64
2024-03-25 17:0:54.1310,0.58,-1.96,-0.86,-0.49,0.44,-0.71
2024-03-25 17:0:54.1410,0.27,-1.26,-1.0,-0.36,0.49,-0.72
2024-03-25 17:0:54.1510,-0.1,-0.72,-1.27,-0.26,0.48,-0.68
2024-03-25 17:0:54.1620,-0.52,-0.25,-1.65,-0.21,0.41,-0.61
2024-03-25 17:0:54.1710,-0.71,0.15,-2.22,-0.21,0.29,-0.53
2024-03-25 17:0:54.1810,-0.62,0.5,-2.7,-0.22,0.16,-0.46
2024-03-25 17:0:54.1910,-0.44,0.68,-3.1,-0.25,0.07,-0.4
2024-03-25 17:0:54.2010,-0.25,0.72,-3.44,-0.27,0.05,-0.33
2024-03-25 17:0:54.2110,-0.09,0.64,-3.59,-0.26,0.1,-0.26
2024-03-25 17:0:54.2210,0.01,0.51,-3.53,-0.26,0.17,-0.18
2024-03-25 17:0:54.2310,-0.01,0.32,-3.49,-0.27,0.24,-0.09
2024-03-25 17:0:54.2410,0.01,0.08,-3.33,-0.27,0.28,-0.03
2024-03-25 17:0:54.2510,0.16,-0.24,-2.85,-0.23,0.29,-0.01
2024-03-25 17:0:54.2610,0.36,-0.45,-2.21,-0.18,0.22,-0.04
2024-03-25 17:0:54.2710,0.64,-0.42,-1.87,-0.19,0.07,-0.08
2024-03-25 17:0:54.2810,0.71,-0.21,-1.87,-0.27,-0.11,-0.1
2024-03-25 17:0:54.2910,0.57,-0.01,-1.94,-0.38,-0.22,-0.06
2024-03-25 17:0:54.3010,0.39,0.11,-1.79,-0.44,-0.23,0.02
2024-03-25 17:0:54.3110,0.26,0.15,-1.25,-0.42,-0.15,0.09
2024-03-25 17:0:54.3210,0.39,0.12,-0.61,-0.35,-0.03,0.12
2024-03-25 17:0:54.3310,0.71,0.07,-0.3,-0.28,0.07,0.07
2024-03-25 17:0:54.3420,1.08,0.21,-0.23,-0.26,0.14,-0.04
2024-03-25 17:0:54.3510,1.4,0.39,-0.25,-0.27,0.21,-0.19
2024-03-25 17:0:54.3610,1.48,0.63,-0.05,-0.27,0.33,-0.33
2024-03-25 17:0:54.3710,1.27,0.94,0.53,-0.23,0.48,-0.4
2024-03-25 17:0:54.3810,0.55,1.31,1.41,-0.18,0.61,-0.4
2024-03-25 17:0:54.3910,-0.28,1.7,2.15,-0.14,0.73,-0.34
2024-03-25 17:0:54.4010,-0.89,1.91,2.67,-0.11,0.78,-0.25
2024-03-25 17:0:54.4110,-1.27,1.94,3.37,-0.02,0.71,-0.18
2024-03-25 17:0:54.4210,-1.47,1.73,4.41,0.17,0.53,-0.14
2024-03-25 17:0:54.4310,-1.48,1.33,5.46,0.45,0.27,-0.15
2024-03-25 17:0:54.4410,-1.2,0.89,5.9,0.73,0.07,-0.23
2024-03-25 17:0:54.4510,-0.59,0.63,5.55,0.97,-0.02,-0.31
2024-03-25 17:0:54.4610,-0.25,0.34,4.95,1.19,-0.0,-0.4
2024-03-25 17:0:54.4710,-0.2,0.29,4.29,1.38,0.06,-0.41
2024-03-25 17:0:54.4810,-0.52,0.66,3.63,1.43,0.12,-0.33
2024-03-25 17:0:54.4910,-1.23,0.75,2.47,1.33,0.14,-0.13
2024-03-25 17:0:54.5010,-2.14,0.43,1.43,1.11,0.08,0.15
2024-03-25 17:0:54.5110,-2.41,-0.14,0.82,0.89,-0.04,0.36
2024-03-25 17:0:54.5210,-1.94,-0.88,0.7,0.73,-0.15,0.49
2024-03-25 17:0:54.5310,-1.43,-2.06,0.8,0.65,-0.23,0.55
2024-03-25 17:0:54.5410,-0.96,-3.1,0.86,0.58,-0.27,0.5
2024-03-25 17:0:54.5510,-0.18,-3.7,0.45,0.44,-0.29,0.37
2024-03-25 17:0:54.5610,0.32,-3.8,-0.33,0.17,-0.31,0.24
2024-03-25 17:0:54.5710,0.26,-3.29,-1.26,-0.29,-0.32,0.19
2024-03-25 17:0:54.5810,-0.33,-2.55,-2.13,-0.8,-0.24,0.34
2024-03-25 17:0:54.5910,-1.43,-1.98,-1.95,-1.21,-0.02,0.66
2024-03-25 17:0:54.6010,-2.32,-1.75,-0.77,-1.42,0.2,0.95
2024-03-25 17:0:54.6110,-2.17,-2.0,0.54,-1.49,0.36,1.06
2024-03-25 17:0:54.6210,-1.39,-2.43,1.5,-1.37,0.33,0.97
2024-03-25 17:0:54.6310,-0.77,-2.53,2.23,-1.16,0.2,0.79
2024-03-25 17:0:54.6410,-0.42,-2.28,2.07,-0.98,0.06,0.6
2024-03-25 17:0:54.6510,-0.26,-1.71,1.24,-0.82,-0.06,0.46
2024-03-25 17:0:54.6610,-0.35,-1.06,0.27,-0.62,-0.11,0.39
2024-03-25 17:0:54.6710,-0.4,-0.41,-0.46,-0.42,-0.05,0.36
2024-03-25 17:0:54.6810,-0.38,0.06,-1.42,-0.29,0.01,0.38
2024-03-25 17:0:54.6910,-0.4,0.54,-2.64,-0.23,0.02,0.43
2024-03-25 17:0:54.7010,-0.38,0.93,-3.59,-0.21,-0.02,0.49
2024-03-25 17:0:54.7110,-0.31,1.22,-4.14,-0.19,-0.08,0.56
2024-03-25 17:0:54.7210,-0.08,1.43,-4.42,-0.2,-0.11,0.61
2024-03-25 17:0:54.7310,0.26,1.52,-4.77,-0.25,-0.12,0.67
2024-03-25 17:0:54.7410,0.56,1.51,-5.01,-0.32,-0.09,0.73
2024-03-25 17:0:54.7510,0.99,1.54,-5.04,-0.39,0.03,0.79
2024-03-25 17:0:54.7610,1.3,1.35,-4.79,-0.38,0.31,0.85
2024-03-25 17:0:54.7710,1.66,0.85,-3.52,-0.24,0.58,0.84
2024-03-25 17:0:54.7810,2.17,0.42,-2.15,-0.14,0.76,0.76
2024-03-25 17:0:54.7910,2.47,-0.04,-1.62,-0.12,0.76,0.63
2024-03-25 17:0:54.8010,2.46,-0.41,-1.19,-0.14,0.59,0.48
2024-03-25 17:0:54.8110,2.23,-0.69,-0.44,-0.11,0.32,0.31
2024-03-25 17:0:54.8210,2.08,-0.79,0.53,0.01,0.06,0.15
2024-03-25 17:0:54.8310,1.97,-0.72,1.42,0.19,-0.11,0.01
2024-03-25 17:0:54.8410,1.89,-0.49,1.79,0.34,-0.15,-0.11
2024-03-25 17:0:54.8510,1.78,-0.16,1.44,0.42,-0.09,-0.18
2024-03-25 17:0:54.8610,1.56,0.23,0.91,0.44,0.01,-0.22
2024-03-25 17:0:54.8710,1.29,0.57,0.57,0.42,0.11,-0.24
2024-03-25 17:0:54.8810,0.99,0.82,0.47,0.37,0.22,-0.25
2024-03-25 17:0:54.8910,0.61,0.94,0.56,0.33,0.28,-0.24
2024-03-25 17:0:54.9010,0.26,0.93,0.99,0.31,0.31,-0.25
2024-03-25 17:0:54.9110,-0.01,0.72,1.68,0.34,0.35,-0.27
2024-03-25 17:0:54.9210,-0.12,0.43,2.55,0.42,0.41,-0.32
2024-03-25 17:0:54.9310,0.03,0.09,3.26,0.55,0.58,-0.38
2024-03-25 17:0:54.9410,0.31,-0.22,3.85,0.72,0.74,-0.49
2024-03-25 17:0:54.9510,0.62,-0.35,4.3,0.89,0.77,-0.66
2024-03-25 17:0:54.9610,0.89,-0.14,4.54,1.01,0.53,-0.88
2024-03-25 17:0:54.9710,0.83,0.65,4.3,0.96,0.2,-1.02
2024-03-25 17:0:54.9810,0.25,1.29,3.58,0.84,-0.12,-1.07
2024-03-25 17:0:54.9910,-0.4,1.85,3.28,0.77,-0.25,-0.97
2024-03-25 17:0:55.0010,-1.2,2.02,3.35,0.78,-0.28,-0.72
2024-03-25 17:0:55.0110,-1.85,1.98,3.36,0.89,-0.32,-0.43
2024-03-25 17:0:55.0210,-1.89,1.51,3.17,1.03,-0.39,-0.28
2024-03-25 17:0:55.0310,-1.19,0.9,2.19,1.11,-0.45,-0.24
2024-03-25 17:0:55.0410,-0.2,0.48,0.66,1.14,-0.52,-0.3
2024-03-25 17:0:55.0510,0.46,0.02,-0.75,1.08,-0.62,-0.37
2024-03-25 17:0:55.0610,0.79,-0.22,-1.95,0.94,-0.66,-0.41
2024-03-25 17:0:55.0710,0.94,-0.35,-2.92,0.59,-0.66,-0.38
2024-03-25 17:0:55.0810,0.87,-0.58,-3.95,0.07,-0.65,-0.3
2024-03-25 17:0:55.0910,0.66,-0.79,-4.42,-0.43,-0.57,-0.19
2024-03-25 17:0:55.1010,0.28,-1.1,-3.79,-0.82,-0.4,-0.04
2024-03-25 17:0:55.1110,-0.3,-1.66,-2.52,-1.11,-0.16,0.15
2024-03-25 17:0:55.1210,-0.89,-2.34,-1.13,-1.3,-0.05,0.29
2024-03-25 17:0:55.1310,-1.24,-3.05,0.02,-1.42,-0.12,0.31
2024-03-25 17:0:55.1410,-1.13,-3.57,0.78,-1.54,-0.33,0.16
2024-03-25 17:0:55.1510,-0.74,-3.82,1.12,-1.6,-0.61,-0.07
2024-03-25 17:0:55.1610,-0.4,-3.56,1.59,-1.5,-0.78,-0.29
2024-03-25 17:0:55.1710,-0.24,-2.96,2.28,-1.22,-0.76,-0.45
2024-03-25 17:0:55.1810,-0.28,-2.3,2.74,-0.85,-0.54,-0.53
2024-03-25 17:0:55.1910,-0.36,-1.64,2.48,-0.5,-0.2,-0.55
2024-03-25 17:0:55.2010,-0.35,-1.07,1.55,-0.22,0.1,-0.58
2024-03-25 17:0:55.2110,-0.28,-0.49,0.38,-0.04,0.26,-0.6
2024-03-25 17:0:55.2210,-0.3,0.01,-0.85,0.03,0.26,-0.61
2024-03-25 17:0:55.2310,-0.42,0.48,-1.96,0.03,0.14,-0.57
2024-03-25 17:0:55.2410,-0.57,0.85,-2.72,0.0,0.0,-0.49
2024-03-25 17:0:55.2510,-0.77,1.06,-3.12,-0.0,-0.1,-0.33
2024-03-25 17:0:55.2610,-1.0,1.14,-3.24,0.01,-0.13,-0.13
2024-03-25 17:0:55.2710,-0.96,1.06,-3.38,0.01,-0.11,0.06
2024-03-25 17:0:55.2810,-0.73,0.88,-3.67,-0.03,-0.04,0.21
2024-03-25 17:0:55.2910,-0.35,0.61,-3.87,-0.06,0.01,0.31
2024-03-25 17:0:55.3010,0.12,0.41,-3.76,-0.08,0.01,0.36
2024-03-25 17:0:55.3110,0.49,0.38,-3.57,-0.14,-0.03,0.4
2024-03-25 17:0:55.3210,0.74,0.46,-3.36,-0.23,-0.09,0.42
2024-03-25 17:0:55.3310,0.95,0.53,-3.1,-0.33,-0.09,0.47
2024-03-25 17:0:55.3410,0.94,0.37,-2.6,-0.35,0.0,0.54
2024-03-25 17:0:55.3510,0.89,0.18,-1.61,-0.29,0.11,0.62
2024-03-25 17:0:55.3610,0.85,-0.01,-0.66,-0.2,0.15,0.66
2024-03-25 17:0:55.3710,0.82,-0.19,-0.08,-0.15,0.09,0.64
2024-03-25 17:0:55.3810,1.01,-0.34,0.1,-0.15,-0.03,0.51
2024-03-25 17:0:55.3910,1.45,-0.42,0.08,-0.16,-0.15,0.3
2024-03-25 17:0:55.4010,1.9,-0.32,0.21,-0.16,-0.13,0.06
2024-03-25 17:0:55.4110,2.03,-0.24,0.45,-0.13,0.07,-0.14
2024-03-25 17:0:55.4210,1.74,-0.09,0.96,-0.03,0.35,-0.27
2024-03-25 17:0:55.4310,0.86,0.07,1.87,0.14,0.57,-0.31
2024-03-25 17:0:55.4410,-0.34,0.43,2.95,0.3,0.64,-0.27
2024-03-25 17:0:55.4500,-1.43,0.76,3.52,0.46,0.55,-0.23
2024-03-25 17:0:55.4610,-1.9,1.13,3.85,0.59,0.37,-0.21
2024-03-25 17:0:55.4700,-1.89,1.53,4.04,0.67,0.17,-0.24
2024-03-25 17:0:55.4810,-1.44,2.14,3.89,0.7,-0.0,-0.31
2024-03-25 17:0:55.4900,-0.95,2.63,3.62,0.66,-0.04,-0.32
2024-03-25 17:0:55.5010,-1.1,2.75,3.13,0.47,0.2,-0.14
2024-03-25 17:0:55.5100,-2.05,2.23,2.5,0.17,0.61,0.29
2024-03-25 17:0:55.5200,-2.98,1.47,2.76,0.01,0.86,0.73
2024-03-25 17:0:55.5310,-2.65,0.19,4.16,0.05,0.85,0.97
2024-03-25 17:0:55.5410,-1.93,-1.73,5.45,0.22,0.58,0.96
2024-03-25 17:0:55.5500,-1.13,-3.32,5.88,0.31,0.18,0.72
2024-03-25 17:0:55.5610,-0.25,-4.39,5.13,0.26,-0.18,0.42
2024-03-25 17:0:55.5710,0.04,-4.88,4.1,0.24,-0.43,0.17
2024-03-25 17:0:55.5800,-0.12,-4.9,3.67,0.35,-0.54,-0.03
2024-03-25 17:0:55.5900,-0.39,-4.6,3.37,0.51,-0.53,-0.15
2024-03-25 17:0:55.6010,-0.66,-4.11,2.49,0.63,-0.48,-0.23
2024-03-25 17:0:55.6110,-0.83,-3.36,1.0,0.62,-0.39,-0.24
2024-03-25 17:0:55.6210,-1.04,-2.54,-0.8,0.51,-0.29,-0.21
2024-03-25 17:0:55.6300,-1.24,-1.7,-2.2,0.37,-0.2,-0.12
2024-03-25 17:0:55.6400,-1.59,-1.08,-3.13,0.19,-0.1,0.01
2024-03-25 17:0:55.6500,-1.83,-0.78,-3.84,0.02,-0.03,0.12
2024-03-25 17:0:55.6610,-1.81,-0.62,-4.21,-0.12,0.01,0.22
2024-03-25 17:0:55.6700,-1.69,-0.56,-4.48,-0.23,0.04,0.3
2024-03-25 17:0:55.6800,-1.6,-0.51,-4.58,-0.3,0.07,0.37
2024-03-25 17:0:55.6900,-1.67,-0.56,-4.65,-0.33,0.1,0.44
2024-03-25 17:0:55.7000,-1.7,-0.6,-4.68,-0.37,0.14,0.52
2024-03-25 17:0:55.7100,-1.78,-0.64,-4.83,-0.44,0.17,0.61
2024-03-25 17:0:55.7200,-1.85,-0.65,-4.93,-0.5,0.22,0.73
2024-03-25 17:0:55.7300,-1.99,-0.7,-4.67,-0.51,0.26,0.85
2024-03-25 17:0:55.7400,-1.89,-0.61,-4.14,-0.5,0.27,0.94
2024-03-25 17:0:55.7510,-1.57,-0.5,-3.88,-0.52,0.26,0.99
2024-03-25 17:0:55.7610,-1.18,-0.4,-3.69,-0.52,0.24,0.99
2024-03-25 17:0:55.7700,-0.72,-0.36,-3.17,-0.51,0.2,0.94
2024-03-25 17:0:55.7800,-0.26,-0.27,-2.72,-0.54,0.21,0.88
2024-03-25 17:0:55.7900,-0.13,-0.18,-2.43,-0.57,0.26,0.86
2024-03-25 17:0:55.8010,-0.1,0.01,-1.86,-0.53,0.32,0.83
2024-03-25 17:0:55.8100,-0.01,0.25,-1.05,-0.48,0.38,0.82
2024-03-25 17:0:55.8200,-0.01,0.44,-0.52,-0.42,0.41,0.82
2024-03-25 17:0:55.8300,-0.06,0.67,0.01,-0.35,0.36,0.8
2024-03-25 17:0:55.8400,-0.05,0.86,0.53,-0.27,0.26,0.76
2024-03-25 17:0:55.8500,0.08,1.02,0.9,-0.19,0.13,0.68
2024-03-25 17:0:55.8600,0.21,1.14,1.22,-0.11,-0.02,0.57
2024-03-25 17:0:55.8700,0.49,1.23,1.46,-0.02,-0.12,0.44
2024-03-25 17:0:55.8800,0.71,1.28,1.63,0.07,-0.13,0.33
2024-03-25 17:0:55.8900,0.69,1.36,1.8,0.17,-0.08,0.26
2024-03-25 17:0:55.9000,0.54,1.54,1.89,0.23,0.0,0.25
2024-03-25 17:0:55.9100,0.25,1.66,1.73,0.23,0.06,0.29
2024-03-25 17:0:55.9200,0.04,1.64,1.7,0.23,0.03,0.32
2024-03-25 17:0:55.9300,0.05,1.52,2.07,0.23,-0.09,0.32
2024-03-25 17:0:55.9400,0.3,1.41,2.47,0.21,-0.26,0.25
2024-03-25 17:0:55.9500,0.85,1.3,2.61,0.19,-0.42,0.14
2024-03-25 17:0:55.9600,1.45,1.36,2.72,0.07,-0.46,0.04
2024-03-25 17:0:55.9700,1.6,1.19,2.43,-0.18,-0.25,0.05
2024-03-25 17:0:55.9800,0.95,0.56,2.48,-0.39,0.11,0.21
2024-03-25 17:0:55.9900,0.03,-0.36,3.62,-0.46,0.46,0.38
2024-03-25 17:0:56.0000,-0.39,-1.37,5.25,-0.4,0.59,0.43
2024-03-25 17:0:56.0100,-0.18,-2.31,6.41,-0.27,0.34,0.21
2024-03-25 17:0:56.0210,0.31,-2.87,6.81,-0.12,-0.14,-0.12
2024-03-25 17:0:56.0300,0.37,-2.88,6.47,0.08,-0.5,-0.4
2024-03-25 17:0:56.0410,0.19,-2.26,5.89,0.36,-0.65,-0.57
2024-03-25 17:0:56.0500,0.0,-1.45,4.8,0.62,-0.68,-0.62
2024-03-25 17:0:56.0600,-0.23,-0.68,2.95,0.73,-0.65,-0.55
2024-03-25 17:0:56.0700,-0.5,-0.04,0.63,0.65,-0.54,-0.39
2024-03-25 17:0:56.0800,-0.59,0.36,-1.57,0.44,-0.38,-0.2
2024-03-25 17:0:56.0900,-0.42,0.49,-3.12,0.18,-0.17,-0.03
2024-03-25 17:0:56.1000,-0.1,0.45,-3.75,-0.03,0.06,0.11
2024-03-25 17:0:56.1100,0.11,0.27,-3.7,-0.19,0.25,0.23
2024-03-25 17:0:56.1200,0.12,-0.15,-3.41,-0.34,0.37,0.32
2024-03-25 17:0:56.1300,0.05,-0.68,-3.01,-0.45,0.39,0.38
2024-03-25 17:0:56.1400,0.02,-1.25,-2.48,-0.5,0.34,0.4
2024-03-25 17:0:56.1500,0.15,-1.74,-1.94,-0.49,0.24,0.37
2024-03-25 17:0:56.1600,0.39,-2.04,-1.53,-0.42,0.11,0.27
2024-03-25 17:0:56.1700,0.69,-2.18,-1.43,-0.34,0.01,0.14
2024-03-25 17:0:56.1800,0.99,-2.11,-1.64,-0.25,-0.06,-0.01
2024-03-25 17:0:56.1900,1.27,-1.82,-2.05,-0.17,-0.06,-0.14
2024-03-25 17:0:56.2000,1.39,-1.35,-2.56,-0.11,-0.0,-0.22
2024-03-25 17:0:56.2100,1.24,-0.81,-3.04,-0.07,0.1,-0.22
2024-03-25 17:0:56.2200,0.88,-0.29,-3.39,-0.06,0.18,-0.16
2024-03-25 17:0:56.2300,0.51,0.15,-3.6,-0.08,0.21,-0.06
2024-03-25 17:0:56.2400,0.29,0.42,-3.77,-0.12,0.18,0.03
2024-03-25 17:0:56.2500,0.28,0.61,-3.73,-0.16,0.09,0.11
2024-03-25 17:0:56.2600,0.39,0.65,-3.58,-0.2,-0.02,0.16
2024-03-25 17:0:56.2700,0.63,0.65,-3.43,-0.24,-0.08,0.2
2024-03-25 17:0:56.2800,0.76,0.64,-3.26,-0.29,-0.08,0.27
2024-03-25 17:0:56.2900,0.85,0.68,-3.05,-0.36,-0.02,0.33
2024-03-25 17:0:56.3000,0.93,0.55,-2.85,-0.46,0.06,0.37
2024-03-25 17:0:56.3100,0.97,0.45,-2.49,-0.54,0.12,0.39
2024-03-25 17:0:56.3200,0.94,0.34,-1.88,-0.54,0.14,0.39
2024-03-25 17:0:56.3300,0.93,0.31,-0.97,-0.48,0.12,0.37
2024-03-25 17:0:56.3400,0.96,0.16,-0.01,-0.34,0.07,0.28
2024-03-25 17:0:56.3500,1.14,0.02,0.96,-0.19,0.02,0.15
2024-03-25 17:0:56.3600,1.36,0.07,1.49,-0.12,-0.0,0.02
2024-03-25 17:0:56.3700,1.26,0.26,1.58,-0.09,-0.01,-0.08
2024-03-25 17:0:56.3800,0.99,0.56,2.0,-0.02,-0.01,-0.15
2024-03-25 17:0:56.3900,0.86,0.94,2.67,0.08,0.02,-0.21
2024-03-25 17:0:56.4000,0.63,1.23,3.14,0.2,0.08,-0.21
2024-03-25 17:0:56.4100,0.23,1.49,3.37,0.33,0.17,-0.14
2024-03-25 17:0:56.4200,-0.41,1.71,3.65,0.46,0.25,-0.0
2024-03-25 17:0:56.4300,-1.15,1.87,4.01,0.59,0.26,0.21
2024-03-25 17:0:56.4400,-1.86,2.0,4.21,0.66,0.23,0.4
2024-03-25 17:0:56.4500,-1.85,1.94,4.1,0.68,0.08,0.49
2024-03-25 17:0:56.4600,-1.32,1.76,3.95,0.71,-0.11,0.48
2024-03-25 17:0:56.4700,-0.75,1.33,3.99,0.82,-0.28,0.37
2024-03-25 17:0:56.4800,-0.11,0.95,4.12,0.96,-0.37,0.2
2024-03-25 17:0:56.4900,0.34,0.87,3.97,1.06,-0.35,0.08
2024-03-25 17:0:56.5000,0.22,0.88,3.32,1.04,-0.25,0.04
2024-03-25 17:0:56.5100,-0.26,0.77,2.41,0.93,-0.11,0.08
2024-03-25 17:0:56.5200,-0.68,0.51,1.86,0.88,-0.02,0.18
2024-03-25 17:0:56.5300,-1.0,0.03,1.91,0.89,0.01,0.28
2024-03-25 17:0:56.5400,-1.12,-0.79,1.79,0.87,-0.02,0.35
2024-03-25 17:0:56.5500,-0.99,-1.71,1.13,0.82,-0.12,0.35
2024-03-25 17:0:56.5600,-0.71,-2.48,0.31,0.71,-0.23,0.29
2024-03-25 17:0:56.5700,-0.33,-3.08,-0.57,0.55,-0.29,0.16
2024-03-25 17:0:56.5800,0.03,-3.47,-1.32,0.35,-0.27,0.0
2024-03-25 17:0:56.5900,0.23,-3.76,-1.93,0.15,-0.17,-0.13
2024-03-25 17:0:56.6000,-0.07,-3.8,-2.26,-0.05,0.02,-0.19
2024-03-25 17:0:56.6100,-0.68,-3.7,-2.39,-0.27,0.27,-0.16
2024-03-25 17:0:56.6200,-1.48,-3.61,-2.52,-0.53,0.49,-0.07
2024-03-25 17:0:56.6300,-2.18,-3.34,-2.54,-0.79,0.59,0.05
2024-03-25 17:0:56.6400,-2.69,-3.18,-2.25,-0.98,0.52,0.13
2024-03-25 17:0:56.6500,-2.88,-2.92,-1.64,-1.1,0.37,0.15
2024-03-25 17:0:56.6600,-2.77,-2.56,-1.16,-1.16,0.17,0.14
2024-03-25 17:0:56.6700,-2.54,-2.02,-0.89,-1.18,0.0,0.13
2024-03-25 17:0:56.6800,-2.34,-1.47,-0.9,-1.15,-0.09,0.12
2024-03-25 17:0:56.6900,-2.16,-0.97,-0.91,-1.02,-0.1,0.13
2024-03-25 17:0:56.7000,-1.99,-0.44,-0.79,-0.83,-0.02,0.18
2024-03-25 17:0:56.7100,-1.99,0.02,-0.88,-0.64,0.08,0.27
2024-03-25 17:0:56.7200,-2.08,0.52,-1.35,-0.5,0.16,0.39
2024-03-25 17:0:56.7300,-2.09,0.92,-1.87,-0.4,0.18,0.51
2024-03-25 17:0:56.7400,-1.86,1.16,-2.39,-0.33,0.15,0.61
2024-03-25 17:0:56.7500,-1.44,1.26,-2.8,-0.3,0.08,0.69
2024-03-25 17:0:56.7600,-0.99,1.26,-3.24,-0.3,-0.0,0.72
2024-03-25 17:0:56.7700,-0.42,1.29,-3.59,-0.29,-0.07,0.73
2024-03-25 17:0:56.7800,0.07,1.22,-3.7,-0.27,-0.07,0.73
2024-03-25 17:0:56.7900,0.42,1.08,-3.6,-0.24,-0.01,0.74
2024-03-25 17:0:56.8000,0.78,0.89,-3.4,-0.24,0.05,0.73
2024-03-25 17:0:56.8100,0.98,0.75,-3.32,-0.3,0.12,0.74
2024-03-25 17:0:56.8200,1.02,0.63,-3.14,-0.35,0.18,0.75
2024-03-25 17:0:56.8300,1.08,0.47,-2.59,-0.38,0.21,0.75
2024-03-25 17:0:56.8400,1.16,0.24,-1.8,-0.37,0.22,0.71
2024-03-25 17:0:56.8500,1.27,0.05,-0.96,-0.33,0.18,0.63
2024-03-25 17:0:56.8600,1.5,-0.13,-0.17,-0.24,0.11,0.48
2024-03-25 17:0:56.8700,1.89,-0.2,0.59,-0.15,0.02,0.27
2024-03-25 17:0:56.8800,2.14,-0.1,0.91,-0.12,-0.03,0.08
2024-03-25 17:0:56.8900,1.99,0.15,0.91,-0.11,-0.03,-0.03
2024-03-25 17:0:56.9000,1.41,0.5,1.13,-0.09,0.02,-0.04
2024-03-25 17:0:56.9100,0.64,0.89,1.56,-0.1,0.08,0.02
2024-03-25 17:0:56.9200,0.14,1.17,1.7,-0.16,0.06,0.07
2024-03-25 17:0:56.9300,-0.07,1.36,1.81,-0.26,-0.05,0.11
2024-03-25 17:0:56.9400,-0.09,1.47,2.02,-0.37,-0.22,0.1
2024-03-25 17:0:56.9500,0.1,1.46,2.18,-0.47,-0.35,0.04
2024-03-25 17:0:56.9600,0.53,1.22,2.51,-0.48,-0.39,-0.1
2024-03-25 17:0:56.9700,0.97,1.05,3.3,-0.41,-0.34,-0.28
2024-03-25 17:0:56.9800,1.09,0.73,4.03,-0.26,-0.25,-0.46
2024-03-25 17:0:56.9900,1.2,0.65,4.73,0.01,-0.15,-0.68
2024-03-25 17:0:57.0000,1.24,0.84,5.22,0.3,-0.11,-0.89
2024-03-25 17:0:57.0100,1.05,1.16,4.92,0.5,-0.2,-1.05
2024-03-25 17:0:57.0200,0.72,2.15,4.05,0.54,-0.35,-1.09
2024-03-25 17:0:57.0300,0.17,3.16,2.9,0.46,-0.43,-0.92
2024-03-25 17:0:57.0400,-0.63,3.6,2.34,0.35,-0.38,-0.64
2024-03-25 17:0:57.0490,-1.07,2.78,2.27,0.32,-0.17,-0.3
2024-03-25 17:0:57.0600,-0.71,1.7,2.99,0.35,-0.04,-0.1
2024-03-25 17:0:57.0700,-0.06,-0.03,3.48,0.43,-0.12,-0.09
2024-03-25 17:0:57.0800,0.77,-1.54,3.67,0.6,-0.29,-0.18
2024-03-25 17:0:57.0890,1.17,-2.2,3.8,0.72,-0.47,-0.4
2024-03-25 17:0:57.0990,1.84,-3.2,2.92,0.74,-0.49,-0.61
2024-03-25 17:0:57.1090,1.57,-3.27,1.91,0.71,-0.4,-0.68
2024-03-25 17:0:57.1190,0.71,-2.88,1.16,0.64,-0.25,-0.63
2024-03-25 17:0:57.1290,-0.33,-2.61,0.56,0.52,-0.06,-0.49
2024-03-25 17:0:57.1390,-1.33,-2.36,-0.1,0.34,0.05,-0.27
2024-03-25 17:0:57.1490,-2.03,-2.23,-0.8,0.12,0.06,-0.12
2024-03-25 17:0:57.1600,-1.9,-2.56,-1.24,-0.07,-0.04,-0.09
2024-03-25 17:0:57.1700,-1.23,-2.79,-1.34,-0.17,-0.19,-0.17
2024-03-25 17:0:57.1790,-0.52,-2.78,-1.34,-0.2,-0.26,-0.31
2024-03-25 17:0:57.1890,0.06,-2.29,-1.52,-0.19,-0.24,-0.44
2024-03-25 17:0:57.2000,0.56,-1.78,-1.84,-0.15,-0.12,-0.54
2024-03-25 17:0:57.2090,0.53,-1.27,-2.08,-0.06,0.02,-0.59
2024-03-25 17:0:57.2190,0.39,-0.69,-2.24,0.02,0.16,-0.57
2024-03-25 17:0:57.2290,0.11,-0.3,-2.49,0.09,0.24,-0.54
2024-03-25 17:0:57.2390,-0.03,-0.01,-2.81,0.11,0.25,-0.49
2024-03-25 17:0:57.2490,-0.19,0.23,-3.32,0.09,0.21,-0.42
2024-03-25 17:0:57.2590,-0.36,0.34,-3.59,0.06,0.16,-0.32
2024-03-25 17:0:57.2700,-0.51,0.38,-3.63,0.05,0.1,-0.21
2024-03-25 17:0:57.2790,-0.46,0.31,-3.61,0.04,0.03,-0.13
2024-03-25 17:0:57.2890,-0.25,0.19,-3.64,-0.02,-0.04,-0.05
2024-03-25 17:0:57.2990,-0.05,0.09,-3.84,-0.1,-0.08,0.02
2024-03-25 17:0:57.3090,0.08,0.04,-3.85,-0.17,-0.08,0.09
2024-03-25 17:0:57.3190,0.17,-0.11,-3.54,-0.18,-0.02,0.13
2024-03-25 17:0:57.3300,0.47,-0.23,-2.95,-0.16,0.06,0.13
2024-03-25 17:0:57.3390,0.78,-0.36,-2.5,-0.19,0.13,0.11
2024-03-25 17:0:57.3490,0.75,-0.45,-2.35,-0.26,0.14,0.1
2024-03-25 17:0:57.3590,0.66,-0.44,-2.0,-0.33,0.11,0.1
2024-03-25 17:0:57.3700,0.52,-0.37,-1.34,-0.35,0.03,0.09
2024-03-25 17:0:57.3790,0.43,-0.31,-0.58,-0.32,-0.08,0.06
2024-03-25 17:0:57.3890,0.6,-0.14,0.01,-0.28,-0.17,-0.02
2024-03-25 17:0:57.3990,0.93,0.11,0.21,-0.23,-0.2,-0.14
2024-03-25 17:0:57.4090,1.2,0.42,0.3,-0.18,-0.14,-0.25
2024-03-25 17:0:57.4190,1.21,0.75,0.55,-0.11,0.0,-0.35
2024-03-25 17:0:57.4290,1.11,1.16,0.87,-0.03,0.2,-0.41
2024-03-25 17:0:57.4390,0.79,1.49,1.19,0.06,0.42,-0.43
2024-03-25 17:0:57.4490,0.38,1.82,1.8,0.2,0.58,-0.44
2024-03-25 17:0:57.4590,0.12,2.15,2.46,0.32,0.69,-0.43
2024-03-25 17:0:57.4690,-0.26,2.34,2.77,0.43,0.67,-0.39
2024-03-25 17:0:57.4790,-0.8,2.49,3.16,0.51,0.54,-0.34
2024-03-25 17:0:57.4890,-1.21,2.46,3.53,0.61,0.38,-0.27
2024-03-25 17:0:57.4990,-1.39,2.29,3.88,0.73,0.26,-0.23
2024-03-25 17:0:57.5090,-1.29,2.13,4.13,0.82,0.14,-0.21
2024-03-25 17:0:57.5190,-1.0,2.04,3.99,0.81,0.05,-0.19
2024-03-25 17:0:57.5290,-0.97,1.75,3.51,0.7,0.04,-0.09
2024-03-25 17:0:57.5390,-1.28,1.24,3.09,0.52,0.13,0.11
2024-03-25 17:0:57.5490,-1.64,0.46,3.14,0.43,0.23,0.37
2024-03-25 17:0:57.5590,-1.62,-0.53,3.8,0.48,0.23,0.51
2024-03-25 17:0:57.5690,-0.97,-1.76,4.32,0.51,0.1,0.51
2024-03-25 17:0:57.5790,-0.45,-2.8,3.88,0.44,-0.09,0.47
2024-03-25 17:0:57.5890,-0.26,-3.39,2.95,0.29,-0.22,0.4
2024-03-25 17:0:57.5990,-0.21,-3.93,2.29,0.17,-0.26,0.34
2024-03-25 17:0:57.6090,-0.23,-4.31,2.19,0.13,-0.23,0.28
2024-03-25 17:0:57.6190,-0.33,-4.65,2.24,0.14,-0.18,0.2
2024-03-25 17:0:57.6290,-0.37,-4.84,1.9,0.12,-0.14,0.07
2024-03-25 17:0:57.6390,-0.41,-4.87,1.0,0.04,-0.11,-0.07
2024-03-25 17:0:57.6490,-0.5,-4.61,-0.04,-0.07,-0.07,-0.21
2024-03-25 17:0:57.6590,-0.68,-4.02,-0.91,-0.16,-0.03,-0.29
2024-03-25 17:0:57.6690,-0.98,-3.12,-1.42,-0.22,0.01,-0.32
2024-03-25 17:0:57.6790,-1.23,-2.15,-1.85,-0.27,0.06,-0.29
2024-03-25 17:0:57.6890,-1.5,-1.37,-2.4,-0.32,0.12,-0.21
2024-03-25 17:0:57.6990,-1.67,-0.81,-2.78,-0.33,0.18,-0.12
2024-03-25 17:0:57.7090,-1.75,-0.3,-3.05,-0.34,0.21,-0.01
2024-03-25 17:0:57.7190,-1.77,0.07,-3.36,-0.34,0.18,0.09
2024-03-25 17:0:57.7290,-1.71,0.32,-3.61,-0.33,0.09,0.19
2024-03-25 17:0:57.7390,-1.68,0.52,-3.81,-0.31,-0.01,0.27
2024-03-25 17:0:57.7490,-1.52,0.68,-4.13,-0.31,-0.08,0.32
2024-03-25 17:0:57.7590,-1.21,0.76,-4.49,-0.33,-0.1,0.36
2024-03-25 17:0:57.7690,-0.87,0.84,-4.75,-0.34,-0.09,0.41
2024-03-25 17:0:57.7790,-0.66,0.92,-4.69,-0.3,0.01,0.46
2024-03-25 17:0:57.7890,-0.46,1.02,-4.36,-0.26,0.09,0.51
2024-03-25 17:0:57.7990,-0.26,1.04,-4.24,-0.25,0.17,0.54
2024-03-25 17:0:57.8090,-0.07,1.0,-4.13,-0.27,0.21,0.55
2024-03-25 17:0:57.8190,0.11,0.97,-4.0,-0.32,0.2,0.56
2024-03-25 17:0:57.8290,0.06,0.82,-3.58,-0.33,0.15,0.57
2024-03-25 17:0:57.8390,0.16,0.69,-2.75,-0.3,0.1,0.53
2024-03-25 17:0:57.8490,0.57,0.43,-1.93,-0.24,0.07,0.45
2024-03-25 17:0:57.8590,0.88,0.25,-1.36,-0.2,0.05,0.37
2024-03-25 17:0:57.8690,1.07,0.21,-1.03,-0.21,0.07,0.29
2024-03-25 17:0:57.8790,1.16,0.14,-0.8,-0.2,0.12,0.23
2024-03-25 17:0:57.8890,1.1,0.12,-0.25,-0.17,0.19,0.19
2024-03-25 17:0:57.8990,0.9,0.14,0.46,-0.11,0.23,0.16
2024-03-25 17:0:57.9090,0.75,0.18,1.08,-0.04,0.16,0.11
2024-03-25 17:0:57.9190,0.6,0.22,1.59,0.01,0.01,0.04
2024-03-25 17:0:57.9290,0.47,0.23,1.95,0.04,-0.14,-0.04
2024-03-25 17:0:57.9390,0.38,0.32,2.21,0.07,-0.22,-0.12
2024-03-25 17:0:57.9490,0.34,0.48,2.53,0.12,-0.25,-0.2
2024-03-25 17:0:57.9590,0.32,0.71,2.79,0.15,-0.23,-0.26
2024-03-25 17:0:57.9690,0.16,1.0,2.93,0.19,-0.18,-0.31
2024-03-25 17:0:57.9790,-0.01,1.22,3.18,0.26,-0.19,-0.4
2024-03-25 17:0:57.9890,0.2,1.52,3.5,0.3,-0.2,-0.51
2024-03-25 17:0:57.9990,0.33,2.01,3.44,0.29,-0.15,-0.55
2024-03-25 17:0:58.0090,0.17,2.41,3.31,0.24,0.02,-0.43
2024-03-25 17:0:58.0190,-0.59,2.23,3.62,0.19,0.27,-0.13
2024-03-25 17:0:58.0290,-1.51,1.29,4.37,0.22,0.4,0.14
2024-03-25 17:0:58.0390,-1.41,-0.02,5.37,0.32,0.26,0.2
2024-03-25 17:0:58.0490,-0.58,-1.22,5.6,0.41,-0.11,0.08
2024-03-25 17:0:58.0590,0.4,-1.96,5.0,0.48,-0.5,-0.16
2024-03-25 17:0:58.0690,1.21,-2.2,4.0,0.5,-0.66,-0.36
2024-03-25 17:0:58.0790,1.43,-2.09,2.94,0.57,-0.6,-0.43
2024-03-25 17:0:58.0890,1.15,-1.79,2.32,0.66,-0.43,-0.4
2024-03-25 17:0:58.0990,0.89,-1.52,1.64,0.67,-0.22,-0.33
2024-03-25 17:0:58.1090,0.8,-1.32,0.5,0.56,-0.05,-0.24
2024-03-25 17:0:58.1190,0.76,-1.09,-0.54,0.35,0.04,-0.15
2024-03-25 17:0:58.1290,0.67,-0.93,-1.31,0.08,0.1,-0.05
2024-03-25 17:0:58.1390,0.53,-1.01,-1.73,-0.19,0.14,0.07
2024-03-25 17:0:58.1490,0.35,-1.23,-1.62,-0.4,0.17,0.19
2024-03-25 17:0:58.1590,0.19,-1.63,-1.17,-0.53,0.18,0.26
2024-03-25 17:0:58.1690,0.32,-2.11,-0.72,-0.6,0.15,0.27
2024-03-25 17:0:58.1790,0.61,-2.48,-0.52,-0.58,0.07,0.19
2024-03-25 17:0:58.1890,1.06,-2.64,-0.41,-0.52,-0.03,0.01
2024-03-25 17:0:58.1990,1.58,-2.56,-0.67,-0.45,-0.1,-0.17
2024-03-25 17:0:58.2090,1.76,-2.33,-1.15,-0.36,-0.1,-0.33
2024-03-25 17:0:58.2190,1.64,-2.01,-1.58,-0.25,-0.05,-0.44
2024-03-25 17:0:58.2290,1.34,-1.64,-2.0,-0.16,0.03,-0.51
2024-03-25 17:0:58.2390,1.0,-1.23,-2.58,-0.1,0.09,-0.52
2024-03-25 17:0:58.2490,0.58,-0.81,-3.14,-0.07,0.13,-0.48
2024-03-25 17:0:58.2590,0.18,-0.34,-3.43,-0.04,0.13,-0.4
2024-03-25 17:0:58.2690,-0.14,0.04,-3.6,-0.04,0.09,-0.31
2024-03-25 17:0:58.2790,-0.17,0.31,-3.97,-0.11,0.01,-0.23
2024-03-25 17:0:58.2890,-0.08,0.48,-4.47,-0.2,-0.07,-0.16
2024-03-25 17:0:58.2990,0.01,0.55,-4.68,-0.28,-0.08,-0.08
2024-03-25 17:0:58.3090,0.06,0.55,-4.51,-0.33,-0.02,0.01
2024-03-25 17:0:58.3190,0.15,0.4,-3.99,-0.34,0.05,0.09
2024-03-25 17:0:58.3290,0.24,0.22,-3.4,-0.34,0.1,0.16
2024-03-25 17:0:58.3390,0.23,0.15,-2.86,-0.35,0.08,0.23
2024-03-25 17:0:58.3490,0.14,0.16,-2.22,-0.36,0.03,0.27
2024-03-25 17:0:58.3590,0.21,0.22,-1.67,-0.4,-0.07,0.29
2024-03-25 17:0:58.3690,0.38,0.28,-1.26,-0.43,-0.16,0.27
2024-03-25 17:0:58.3790,0.58,0.36,-0.74,-0.42,-0.24,0.23
2024-03-25 17:0:58.3890,0.76,0.43,-0.06,-0.35,-0.26,0.17
2024-03-25 17:0:58.3990,1.06,0.63,0.57,-0.27,-0.23,0.09
2024-03-25 17:0:58.4090,1.28,0.95,0.95,-0.19,-0.13,0.03
2024-03-25 17:0:58.4190,1.32,1.2,1.21,-0.13,0.04,0.0
2024-03-25 17:0:58.4290,1.12,1.43,1.5,-0.09,0.28,0.04
2024-03-25 17:0:58.4390,0.71,1.58,1.98,-0.05,0.5,0.13
2024-03-25 17:0:58.4490,0.32,1.61,2.76,-0.01,0.62,0.18
2024-03-25 17:0:58.4590,0.18,1.42,3.46,0.05,0.62,0.19
2024-03-25 17:0:58.4690,0.02,1.13,4.25,0.14,0.5,0.14
2024-03-25 17:0:58.4790,0.02,0.88,4.98,0.3,0.31,0.02
2024-03-25 17:0:58.4890,0.3,0.71,5.64,0.55,0.18,-0.12
2024-03-25 17:0:58.4990,0.51,0.57,5.92,0.81,0.15,-0.25
2024-03-25 17:0:58.5090,0.68,0.75,5.55,0.97,0.12,-0.35
2024-03-25 17:0:58.5190,0.71,1.17,4.55,0.98,0.07,-0.46
2024-03-25 17:0:58.5290,0.43,1.57,3.23,0.77,0.11,-0.43
2024-03-25 17:0:58.5390,-0.62,1.45,2.09,0.54,0.25,-0.14
2024-03-25 17:0:58.5490,-1.95,0.91,2.39,0.51,0.35,0.21
2024-03-25 17:0:58.5590,-2.09,0.14,3.46,0.61,0.22,0.38
2024-03-25 17:0:58.5690,-1.25,-0.89,3.57,0.62,-0.09,0.38
2024-03-25 17:0:58.5790,-0.4,-1.83,2.32,0.49,-0.38,0.31
2024-03-25 17:0:58.5890,0.11,-2.34,0.97,0.32,-0.52,0.25
2024-03-25 17:0:58.5990,0.36,-2.67,0.3,0.2,-0.5,0.22
2024-03-25 17:0:58.6090,0.45,-2.91,0.16,0.12,-0.37,0.2
2024-03-25 17:0:58.6190,0.39,-3.11,-0.03,0.01,-0.18,0.18
2024-03-25 17:0:58.6290,0.18,-3.35,-0.46,-0.16,-0.01,0.17
2024-03-25 17:0:58.6380,-0.22,-3.59,-0.82,-0.36,0.11,0.17
2024-03-25 17:0:58.6480,-0.77,-3.71,-0.85,-0.54,0.17,0.21
2024-03-25 17:0:58.6590,-1.45,-3.78,-0.6,-0.64,0.12,0.22
2024-03-25 17:0:58.6690,-1.73,-3.81,-0.21,-0.61,-0.02,0.15
2024-03-25 17:0:58.6790,-1.5,-3.51,0.15,-0.5,-0.21,0.03
2024-03-25 17:0:58.6880,-1.22,-2.84,0.21,-0.36,-0.4,-0.09
2024-03-25 17:0:58.6990,-0.99,-2.07,-0.33,-0.25,-0.51,-0.18
2024-03-25 17:0:58.7080,-0.79,-1.31,-1.33,-0.17,-0.53,-0.21
2024-03-25 17:0:58.7190,-0.69,-0.62,-2.29,-0.11,-0.49,-0.21
2024-03-25 17:0:58.7290,-0.58,0.0,-2.97,-0.07,-0.42,-0.18
2024-03-25 17:0:58.7390,-0.49,0.51,-3.68,-0.06,-0.33,-0.12
2024-03-25 17:0:58.7480,-0.44,0.92,-4.17,-0.06,-0.25,-0.04
2024-03-25 17:0:58.7590,-0.45,1.21,-4.55,-0.08,-0.18,0.05
2024-03-25 17:0:58.7680,-0.41,1.42,-4.92,-0.13,-0.13,0.15
2024-03-25 17:0:58.7780,-0.36,1.51,-5.24,-0.19,-0.09,0.24
2024-03-25 17:0:58.7880,-0.24,1.55,-5.34,-0.24,-0.05,0.33
2024-03-25 17:0:58.7990,0.01,1.52,-5.37,-0.29,0.04,0.41
2024-03-25 17:0:58.8080,0.21,1.3,-5.09,-0.29,0.12,0.45
2024-03-25 17:0:58.8180,0.58,1.05,-4.48,-0.27,0.18,0.46
2024-03-25 17:0:58.8290,0.83,0.69,-3.89,-0.25,0.21,0.4
2024-03-25 17:0:58.8390,1.26,0.43,-3.41,-0.27,0.23,0.29
2024-03-25 17:0:58.8490,1.54,0.24,-3.03,-0.33,0.22,0.19
2024-03-25 17:0:58.8590,1.59,0.23,-2.53,-0.38,0.21,0.12
2024-03-25 17:0:58.8690,1.51,0.3,-1.89,-0.38,0.2,0.03
2024-03-25 17:0:58.8780,1.39,0.37,-1.09,-0.35,0.23,0.0
2024-03-25 17:0:58.8890,1.2,0.5,-0.35,-0.31,0.26,-0.02
2024-03-25 17:0:58.8980,1.03,0.62,0.33,-0.27,0.28,-0.05
2024-03-25 17:0:58.9080,0.87,0.67,0.92,-0.26,0.28,-0.09
2024-03-25 17:0:58.9180,0.73,0.74,1.62,-0.25,0.26,-0.14
2024-03-25 17:0:58.9280,0.64,0.87,2.29,-0.29,0.23,-0.21
2024-03-25 17:0:58.9380,0.48,0.99,2.82,-0.34,0.18,-0.29
2024-03-25 17:0:58.9480,0.22,1.06,3.48,-0.34,0.13,-0.36
2024-03-25 17:0:58.9580,-0.13,1.18,4.41,-0.26,0.05,-0.42
2024-03-25 17:0:58.9680,-0.5,1.29,5.28,-0.15,-0.04,-0.49
2024-03-25 17:0:58.9780,-0.75,1.43,5.75,-0.02,-0.18,-0.54
2024-03-25 17:0:58.9880,-1.07,1.5,5.93,0.13,-0.32,-0.6
2024-03-25 17:0:58.9980,-1.07,1.66,6.01,0.3,-0.45,-0.68
2024-03-25 17:0:59.0080,-0.79,1.99,5.64,0.41,-0.5,-0.78
2024-03-25 17:0:59.0180,-0.37,2.56,4.86,0.44,-0.47,-0.85
2024-03-25 17:0:59.0290,-0.32,3.15,4.05,0.37,-0.31,-0.74
2024-03-25 17:0:59.0380,-1.04,3.13,3.58,0.31,-0.04,-0.42
2024-03-25 17:0:59.0480,-1.87,2.11,3.91,0.42,0.18,-0.1
2024-03-25 17:0:59.0580,-1.68,0.82,4.77,0.56,0.2,0.02
2024-03-25 17:0:59.0680,-0.68,-0.49,4.51,0.62,0.01,0.02
2024-03-25 17:0:59.0780,0.02,-1.57,3.49,0.62,-0.2,-0.08
2024-03-25 17:0:59.0880,0.68,-2.24,2.49,0.57,-0.33,-0.23
2024-03-25 17:0:59.0980,1.1,-2.77,1.56,0.54,-0.29,-0.34
2024-03-25 17:0:59.1080,1.12,-2.89,1.09,0.56,-0.15,-0.39
2024-03-25 17:0:59.1180,0.77,-2.78,0.78,0.59,-0.02,-0.36
2024-03-25 17:0:59.1280,0.27,-2.55,0.23,0.54,0.06,-0.31
2024-03-25 17:0:59.1380,-0.07,-2.25,-0.78,0.34,0.1,-0.22
2024-03-25 17:0:59.1480,-0.4,-2.07,-1.87,0.06,0.11,-0.11
2024-03-25 17:0:59.1580,-0.7,-2.0,-2.58,-0.23,0.11,0.03
2024-03-25 17:0:59.1680,-0.94,-2.16,-2.67,-0.43,0.1,0.14
2024-03-25 17:0:59.1780,-0.86,-2.41,-2.2,-0.51,0.04,0.15
2024-03-25 17:0:59.1880,-0.23,-2.51,-1.72,-0.51,-0.02,0.04
2024-03-25 17:0:59.1980,0.67,-2.11,-1.52,-0.41,-0.02,-0.14
2024-03-25 17:0:59.2080,1.3,-1.31,-1.21,-0.2,0.12,-0.32
2024-03-25 17:0:59.2180,1.38,-0.38,-0.98,0.06,0.32,-0.4
2024-03-25 17:0:59.2280,0.84,0.44,-1.1,0.3,0.55,-0.37
2024-03-25 17:0:59.2380,0.03,0.95,-1.57,0.44,0.71,-0.19
2024-03-25 17:0:59.2480,-0.82,1.41,-2.37,0.43,0.76,0.07
2024-03-25 17:0:59.2580,-1.3,1.77,-3.39,0.29,0.64,0.35
2024-03-25 17:0:59.2680,-1.27,1.84,-4.14,0.14,0.36,0.55
2024-03-25 17:0:59.2780,-0.46,1.77,-4.13,0.06,0.0,0.63
2024-03-25 17:0:59.2880,0.68,1.44,-3.86,0.0,-0.34,0.63
2024-03-25 17:0:59.2980,1.51,1.01,-3.83,-0.05,-0.57,0.59
2024-03-25 17:0:59.3080,2.17,0.47,-3.88,-0.1,-0.6,0.49
2024-03-25 17:0:59.3180,2.72,-0.17,-3.62,-0.12,-0.48,0.37
2024-03-25 17:0:59.3280,2.99,-0.75,-3.08,-0.13,-0.32,0.26
2024-03-25 17:0:59.3380,2.97,-1.14,-2.3,-0.11,-0.2,0.17
2024-03-25 17:0:59.3480,2.65,-1.61,-1.4,-0.05,-0.15,0.1
2024-03-25 17:0:59.3580,2.33,-2.01,-0.58,0.02,-0.17,-0.01
2024-03-25 17:0:59.3680,2.22,-2.4,-0.04,0.1,-0.27,-0.16
2024-03-25 17:0:59.3780,2.06,-2.66,0.28,0.15,-0.41,-0.33
2024-03-25 17:0:59.3880,1.81,-2.74,0.25,0.16,-0.52,-0.5
2024-03-25 17:0:59.3980,1.54,-2.62,-0.19,0.12,-0.58,-0.62
2024-03-25 17:0:59.4080,1.21,-2.26,-0.71,0.07,-0.55,-0.7
2024-03-25 17:0:59.4180,0.98,-1.82,-0.96,0.02,-0.41,-0.77
2024-03-25 17:0:59.4280,0.95,-1.27,-1.14,-0.07,-0.2,-0.83
2024-03-25 17:0:59.4380,1.01,-0.41,-1.22,-0.18,0.09,-0.85
2024-03-25 17:0:59.4480,0.88,0.52,-0.99,-0.27,0.41,-0.82
2024-03-25 17:0:59.4580,0.56,1.29,-0.32,-0.35,0.7,-0.74
2024-03-25 17:0:59.4680,0.03,1.66,0.59,-0.42,0.88,-0.62
2024-03-25 17:0:59.4780,-0.57,1.87,1.6,-0.49,0.91,-0.51
2024-03-25 17:0:59.4880,-0.98,1.89,2.48,-0.58,0.82,-0.44
2024-03-25 17:0:59.4980,-1.19,1.81,3.31,-0.64,0.65,-0.37
2024-03-25 17:0:59.5080,-1.28,1.71,4.37,-0.6,0.4,-0.37
2024-03-25 17:0:59.5180,-0.99,1.62,5.47,-0.46,0.18,-0.44
2024-03-25 17:0:59.5280,-0.47,1.8,6.28,-0.3,0.03,-0.51
2024-03-25 17:0:59.5380,-0.38,1.98,6.2,-0.28,0.05,-0.48
2024-03-25 17:0:59.5480,-0.82,1.9,5.36,-0.33,0.19,-0.31
2024-03-25 17:0:59.5580,-1.38,1.66,5.23,-0.24,0.34,-0.06
2024-03-25 17:0:59.5680,-1.5,1.03,6.32,0.05,0.38,0.05
2024-03-25 17:0:59.5780,-0.8,0.08,7.04,0.36,0.23,0.01
2024-03-25 17:0:59.5880,-0.13,-0.9,6.34,0.56,0.02,-0.1
2024-03-25 17:0:59.5980,0.13,-1.58,4.87,0.6,-0.13,-0.22
2024-03-25 17:0:59.6080,0.14,-2.03,3.32,0.6,-0.18,-0.3
2024-03-25 17:0:59.6180,-0.07,-2.4,2.42,0.68,-0.15,-0.34
2024-03-25 17:0:59.6280,-0.32,-2.65,2.06,0.81,-0.11,-0.37
2024-03-25 17:0:59.6380,-0.52,-2.82,1.42,0.93,-0.08,-0.4
2024-03-25 17:0:59.6480,-0.65,-2.86,0.27,0.97,-0.06,-0.41
2024-03-25 17:0:59.6580,-0.84,-2.77,-1.08,0.93,-0.04,-0.4
2024-03-25 17:0:59.6680,-1.01,-2.51,-2.38,0.83,-0.02,-0.35
2024-03-25 17:0:59.6780,-1.19,-2.16,-3.57,0.66,-0.01,-0.27
2024-03-25 17:0:59.6880,-1.38,-1.92,-4.56,0.43,0.0,-0.17
2024-03-25 17:0:59.6980,-1.56,-1.76,-5.28,0.18,-0.01,-0.05
2024-03-25 17:0:59.7080,-1.64,-1.72,-5.74,-0.06,-0.04,0.07
2024-03-25 17:0:59.7180,-1.58,-1.73,-5.77,-0.22,-0.09,0.13
2024-03-25 17:0:59.7280,-1.31,-1.73,-5.54,-0.33,-0.14,0.15
2024-03-25 17:0:59.7380,-0.97,-1.67,-5.36,-0.41,-0.15,0.16
2024-03-25 17:0:59.7480,-0.79,-1.49,-5.22,-0.44,-0.12,0.15
2024-03-25 17:0:59.7580,-0.67,-1.23,-5.1,-0.49,-0.05,0.18
2024-03-25 17:0:59.7680,-0.75,-0.91,-5.07,-0.55,0.02,0.24
2024-03-25 17:0:59.7780,-0.95,-0.54,-4.86,-0.6,0.04,0.31
2024-03-25 17:0:59.7880,-1.01,-0.21,-4.58,-0.66,0.02,0.39
2024-03-25 17:0:59.7980,-0.91,0.0,-4.28,-0.69,-0.03,0.44
2024-03-25 17:0:59.8080,-0.67,0.14,-3.82,-0.69,-0.08,0.44
2024-03-25 17:0:59.8180,-0.3,0.22,-3.4,-0.68,-0.09,0.43
2024-03-25 17:0:59.8280,-0.06,0.28,-3.08,-0.66,-0.09,0.42
2024-03-25 17:0:59.8380,0.06,0.4,-2.77,-0.66,-0.06,0.42
2024-03-25 17:0:59.8480,0.13,0.53,-2.41,-0.64,0.0,0.41
2024-03-25 17:0:59.8580,0.24,0.64,-1.87,-0.61,0.07,0.4
2024-03-25 17:0:59.8680,0.36,0.81,-1.39,-0.59,0.12,0.4
2024-03-25 17:0:59.8780,0.36,0.91,-1.0,-0.56,0.14,0.39
2024-03-25 17:0:59.8880,0.44,0.96,-0.38,-0.51,0.13,0.36
2024-03-25 17:0:59.8980,0.56,1.02,0.25,-0.47,0.09,0.32
2024-03-25 17:0:59.9080,0.59,1.13,0.69,-0.47,0.04,0.3
2024-03-25 17:0:59.9180,0.5,1.23,1.13,-0.48,-0.05,0.27
2024-03-25 17:0:59.9280,0.57,1.38,1.79,-0.49,-0.14,0.24
2024-03-25 17:0:59.9380,0.74,1.43,2.48,-0.49,-0.15,0.22
2024-03-25 17:0:59.9480,0.86,1.35,3.27,-0.43,-0.12,0.18
2024-03-25 17:0:59.9580,1.05,1.24,4.33,-0.31,-0.07,0.12
2024-03-25 17:0:59.9680,1.16,1.05,5.34,-0.14,-0.06,0.03
2024-03-25 17:0:59.9780,1.29,0.93,6.17,0.05,-0.1,-0.12
2024-03-25 17:0:59.9880,1.47,0.82,6.69,0.24,-0.2,-0.32
2024-03-25 17:0:59.9980,1.51,0.71,6.84,0.41,-0.32,-0.52
2024-03-25 17:1:00.0080,1.39,0.85,6.71,0.54,-0.43,-0.68
2024-03-25 17:1:00.0180,1.08,1.2,6.15,0.61,-0.42,-0.75
2024-03-25 17:1:00.0280,0.59,1.43,5.41,0.63,-0.3,-0.68
2024-03-25 17:1:00.0380,-0.23,1.16,5.0,0.67,-0.16,-0.49
2024-03-25 17:1:00.0480,-0.87,0.39,4.95,0.8,-0.17,-0.37
2024-03-25 17:1:00.0580,-0.52,-0.46,4.89,0.94,-0.33,-0.42
2024-03-25 17:1:00.0680,0.35,-1.25,3.92,1.0,-0.51,-0.56
2024-03-25 17:1:00.0780,0.87,-1.62,2.43,1.0,-0.65,-0.67
2024-03-25 17:1:00.0880,0.98,-1.69,1.18,1.04,-0.7,-0.72
2024-03-25 17:1:00.0980,0.93,-1.61,0.41,1.11,-0.65,-0.72
2024-03-25 17:1:00.1080,0.9,-1.5,-0.38,1.15,-0.54,-0.69
2024-03-25 17:1:00.1180,0.95,-1.35,-1.46,1.09,-0.39,-0.64
2024-03-25 17:1:00.1280,1.02,-1.2,-2.7,0.92,-0.24,-0.59
2024-03-25 17:1:00.1380,1.01,-0.94,-3.72,0.65,-0.08,-0.52
2024-03-25 17:1:00.1480,0.79,-0.74,-4.41,0.29,0.07,-0.42
2024-03-25 17:1:00.1580,0.34,-0.75,-4.82,-0.12,0.19,-0.25
2024-03-25 17:1:00.1680,-0.36,-0.82,-4.65,-0.51,0.23,-0.02
2024-03-25 17:1:00.1780,-0.9,-1.03,-3.91,-0.8,0.22,0.18
2024-03-25 17:1:00.1880,-0.83,-1.42,-2.91,-0.97,0.2,0.28
2024-03-25 17:1:00.1980,-0.2,-1.79,-1.86,-0.98,0.16,0.23
2024-03-25 17:1:00.2080,0.68,-1.94,-0.75,-0.85,0.1,0.09
2024-03-25 17:1:00.2180,1.3,-1.87,-0.02,-0.67,0.06,-0.08
2024-03-25 17:1:00.2280,1.6,-1.71,0.07,-0.5,0.03,-0.24
2024-03-25 17:1:00.2380,1.66,-1.43,-0.24,-0.35,-0.01,-0.38
2024-03-25 17:1:00.2480,1.55,-1.04,-0.69,-0.22,-0.03,-0.47
2024-03-25 17:1:00.2580,1.23,-0.6,-1.21,-0.14,-0.03,-0.5
2024-03-25 17:1:00.2670,0.85,-0.16,-1.82,-0.08,-0.02,-0.46
2024-03-25 17:1:00.2780,0.55,0.2,-2.36,-0.05,-0.02,-0.39
2024-03-25 17:1:00.2880,0.41,0.43,-2.8,-0.05,-0.04,-0.33
2024-03-25 17:1:00.2970,0.45,0.5,-3.24,-0.09,-0.07,-0.28
2024-03-25 17:1:00.3080,0.52,0.44,-3.63,-0.15,-0.08,-0.25
2024-03-25 17:1:00.3180,0.61,0.3,-3.77,-0.19,-0.06,-0.21
2024-03-25 17:1:00.3270,0.64,0.16,-3.53,-0.19,-0.01,-0.19
2024-03-25 17:1:00.3370,0.67,0.02,-3.13,-0.16,0.03,-0.18
2024-03-25 17:1:00.3480,0.78,-0.1,-2.79,-0.15,0.05,-0.19
2024-03-25 17:1:00.3570,0.82,-0.22,-2.58,-0.15,0.04,-0.21
2024-03-25 17:1:00.3670,0.76,-0.24,-2.37,-0.17,0.01,-0.22
2024-03-25 17:1:00.3770,0.61,-0.13,-2.03,-0.19,0.0,-0.18
2024-03-25 17:1:00.3870,0.34,0.04,-1.58,-0.2,0.02,-0.12
2024-03-25 17:1:00.3970,0.29,0.32,-1.01,-0.21,0.08,-0.07
2024-03-25 17:1:00.4070,0.37,0.5,-0.48,-0.23,0.2,-0.02
2024-03-25 17:1:00.4180,0.41,0.61,0.07,-0.24,0.34,-0.01
2024-03-25 17:1:00.4270,0.6,0.7,0.67,-0.25,0.46,-0.02
2024-03-25 17:1:00.4370,0.54,0.76,1.41,-0.23,0.56,-0.04
2024-03-25 17:1:00.4470,0.33,0.78,2.36,-0.17,0.59,-0.07
2024-03-25 17:1:00.4570,0.19,0.83,3.4,-0.09,0.57,-0.11
2024-03-25 17:1:00.4670,-0.01,1.02,4.16,-0.04,0.51,-0.11
2024-03-25 17:1:00.4770,-0.31,1.21,4.72,0.01,0.43,-0.09
2024-03-25 17:1:00.4870,-0.35,1.4,5.16,0.07,0.32,-0.08
2024-03-25 17:1:00.4970,-0.05,1.65,5.48,0.1,0.17,-0.07
2024-03-25 17:1:00.5070,0.23,2.06,5.45,0.05,0.03,-0.05
2024-03-25 17:1:00.5170,0.32,2.13,5.0,-0.07,-0.03,0.06
2024-03-25 17:1:00.5270,0.28,1.76,4.72,-0.17,0.01,0.24
2024-03-25 17:1:00.5370,0.63,0.94,5.18,-0.11,0.06,0.38
2024-03-25 17:1:00.5470,1.66,-0.28,6.22,0.1,0.07,0.39
2024-03-25 17:1:00.5580,2.99,-1.57,6.82,0.44,-0.06,0.18
2024-03-25 17:1:00.5670,4.09,-3.01,6.76,0.74,-0.24,-0.13
2024-03-25 17:1:00.5770,4.46,-3.8,5.68,0.85,-0.4,-0.41
2024-03-25 17:1:00.5870,4.03,-4.26,3.71,0.82,-0.59,-0.62
2024-03-25 17:1:00.5970,3.26,-4.21,1.99,0.77,-0.71,-0.79
2024-03-25 17:1:00.6070,2.35,-3.8,0.93,0.73,-0.71,-0.85
2024-03-25 17:1:00.6170,0.95,-3.49,-0.21,0.6,-0.6,-0.82
2024-03-25 17:1:00.6270,0.09,-3.14,-1.5,0.43,-0.48,-0.79
2024-03-25 17:1:00.6370,-0.51,-2.76,-2.45,0.26,-0.35,-0.8
2024-03-25 17:1:00.6470,-1.05,-2.55,-3.04,0.09,-0.25,-0.82
2024-03-25 17:1:00.6570,-1.77,-2.26,-3.36,-0.07,-0.17,-0.78
2024-03-25 17:1:00.6670,-2.64,-1.92,-3.34,-0.17,-0.15,-0.7
2024-03-25 17:1:00.6770,-3.38,-1.35,-3.16,-0.24,-0.17,-0.6
2024-03-25 17:1:00.6870,-3.84,-0.7,-3.09,-0.29,-0.18,-0.43
2024-03-25 17:1:00.6970,-4.12,0.09,-3.12,-0.31,-0.19,-0.26
2024-03-25 17:1:00.7070,-4.03,0.82,-3.26,-0.35,-0.19,-0.11
2024-03-25 17:1:00.7170,-3.67,1.23,-3.57,-0.39,-0.16,0.05
2024-03-25 17:1:00.7270,-3.21,1.48,-3.7,-0.39,-0.1,0.2
2024-03-25 17:1:00.7370,-2.59,1.54,-3.47,-0.35,-0.01,0.31
2024-03-25 17:1:00.7470,-1.95,1.41,-3.26,-0.26,0.09,0.39
2024-03-25 17:1:00.7570,-1.37,1.15,-2.89,-0.13,0.17,0.41
2024-03-25 17:1:00.7670,-0.82,0.77,-2.66,-0.01,0.21,0.4
2024-03-25 17:1:00.7770,-0.4,0.4,-2.61,0.07,0.21,0.35
2024-03-25 17:1:00.7870,-0.01,0.08,-2.72,0.11,0.15,0.29
2024-03-25 17:1:00.7970,0.31,-0.15,-2.93,0.12,0.04,0.21
2024-03-25 17:1:00.8070,0.58,-0.21,-3.1,0.08,-0.08,0.14
2024-03-25 17:1:00.8170,0.75,-0.2,-3.37,0.02,-0.16,0.08
2024-03-25 17:1:00.8270,0.87,-0.15,-3.42,-0.02,-0.17,0.03
2024-03-25 17:1:00.8370,1.04,-0.12,-3.24,-0.03,-0.06,0.0
2024-03-25 17:1:00.8470,1.12,-0.04,-2.88,0.02,0.11,0.01
2024-03-25 17:1:00.8570,1.05,0.08,-2.22,0.12,0.26,0.02
2024-03-25 17:1:00.8670,1.12,0.28,-1.71,0.18,0.34,0.0
2024-03-25 17:1:00.8770,1.14,0.38,-1.53,0.18,0.33,-0.03
2024-03-25 17:1:00.8870,1.13,0.48,-1.15,0.14,0.26,-0.1
2024-03-25 17:1:00.8970,1.09,0.6,-0.62,0.05,0.13,-0.15
2024-03-25 17:1:00.9070,0.8,0.71,-0.09,-0.07,0.03,-0.12
2024-03-25 17:1:00.9170,0.32,0.8,0.79,-0.12,-0.05,-0.05
2024-03-25 17:1:00.9270,0.1,0.93,1.99,-0.08,-0.1,0.0
2024-03-25 17:1:00.9370,0.22,0.89,2.93,-0.03,-0.13,0.03
2024-03-25 17:1:00.9470,0.42,0.83,3.41,0.02,-0.17,-0.0
2024-03-25 17:1:00.9570,0.69,0.71,3.63,0.05,-0.23,-0.09
2024-03-25 17:1:00.9670,0.94,0.59,3.82,0.11,-0.31,-0.23
2024-03-25 17:1:00.9770,1.11,0.61,4.08,0.13,-0.44,-0.41
2024-03-25 17:1:00.9870,1.17,0.9,4.0,0.15,-0.57,-0.55
2024-03-25 17:1:00.9970,0.98,1.41,3.92,0.16,-0.61,-0.62
2024-03-25 17:1:01.0070,0.85,1.91,3.77,0.15,-0.53,-0.62
2024-03-25 17:1:01.0170,0.65,2.25,3.73,0.15,-0.35,-0.52
2024-03-25 17:1:01.0270,0.43,2.22,3.92,0.19,-0.21,-0.38
2024-03-25 17:1:01.0370,0.38,1.84,4.25,0.26,-0.16,-0.27
2024-03-25 17:1:01.0470,0.66,1.01,4.47,0.33,-0.18,-0.26
2024-03-25 17:1:01.0570,1.21,0.02,4.11,0.39,-0.23,-0.29
2024-03-25 17:1:01.0670,1.63,-0.88,3.59,0.46,-0.26,-0.34
2024-03-25 17:1:01.0770,1.95,-1.56,3.15,0.49,-0.3,-0.41
2024-03-25 17:1:01.0870,2.22,-2.11,2.43,0.49,-0.33,-0.46
2024-03-25 17:1:01.0970,2.42,-2.37,1.7,0.46,-0.37,-0.51
2024-03-25 17:1:01.1070,2.58,-2.6,0.99,0.41,-0.37,-0.54
2024-03-25 17:1:01.1170,2.71,-2.8,0.31,0.35,-0.31,-0.6
2024-03-25 17:1:01.1270,2.82,-2.9,-0.33,0.27,-0.19,-0.66
2024-03-25 17:1:01.1370,2.64,-2.99,-0.89,0.18,-0.08,-0.72
2024-03-25 17:1:01.1470,2.28,-2.97,-1.33,0.07,-0.0,-0.76
2024-03-25 17:1:01.1570,1.61,-2.89,-1.74,-0.07,0.01,-0.73
2024-03-25 17:1:01.1670,0.79,-2.67,-2.02,-0.21,-0.07,-0.69
2024-03-25 17:1:01.1770,0.28,-2.47,-2.1,-0.33,-0.17,-0.67
2024-03-25 17:1:01.1870,0.14,-2.12,-2.28,-0.45,-0.23,-0.66
2024-03-25 17:1:01.1970,0.03,-1.66,-2.48,-0.54,-0.24,-0.65
2024-03-25 17:1:01.2070,-0.01,-1.38,-2.53,-0.56,-0.16,-0.64
2024-03-25 17:1:01.2170,-0.11,-1.12,-2.3,-0.51,-0.06,-0.64
2024-03-25 17:1:01.2270,-0.2,-0.88,-2.18,-0.44,0.01,-0.64
2024-03-25 17:1:01.2370,-0.42,-0.53,-2.22,-0.37,0.02,-0.65
2024-03-25 17:1:01.2470,-0.59,-0.18,-2.52,-0.35,-0.02,-0.64
2024-03-25 17:1:01.2570,-0.78,0.24,-2.94,-0.32,-0.02,-0.6
2024-03-25 17:1:01.2670,-0.97,0.56,-3.19,-0.26,0.01,-0.55
2024-03-25 17:1:01.2770,-1.01,0.82,-3.18,-0.2,0.07,-0.47
2024-03-25 17:1:01.2870,-1.05,1.04,-3.39,-0.2,0.11,-0.39
2024-03-25 17:1:01.2970,-1.07,1.23,-3.67,-0.23,0.12,-0.3
2024-03-25 17:1:01.3070,-1.01,1.41,-3.81,-0.29,0.08,-0.2
2024-03-25 17:1:01.3170,-0.85,1.46,-3.82,-0.33,0.07,-0.1
2024-03-25 17:1:01.3270,-0.64,1.34,-3.58,-0.33,0.1,-0.01
2024-03-25 17:1:01.3370,-0.32,1.08,-3.04,-0.29,0.15,0.03
2024-03-25 17:1:01.3470,-0.05,0.76,-2.62,-0.27,0.19,0.07
2024-03-25 17:1:01.3570,-0.08,0.56,-2.36,-0.26,0.16,0.13
2024-03-25 17:1:01.3670,-0.13,0.54,-2.0,-0.27,0.1,0.17
2024-03-25 17:1:01.3770,-0.02,0.49,-1.66,-0.31,0.02,0.19
2024-03-25 17:1:01.3870,0.15,0.57,-1.45,-0.38,-0.07,0.21
2024-03-25 17:1:01.3970,0.28,0.65,-1.24,-0.47,-0.14,0.21
2024-03-25 17:1:01.4070,0.59,0.82,-0.92,-0.54,-0.16,0.19
2024-03-25 17:1:01.4170,0.96,1.02,-0.39,-0.58,-0.07,0.15
2024-03-25 17:1:01.4270,1.37,1.29,0.35,-0.61,0.1,0.1
2024-03-25 17:1:01.4370,1.62,1.5,1.08,-0.65,0.31,0.07
2024-03-25 17:1:01.4470,1.42,1.62,2.04,-0.67,0.53,0.1
2024-03-25 17:1:01.4570,0.81,1.64,3.36,-0.64,0.74,0.18
2024-03-25 17:1:01.4670,0.14,1.48,4.87,-0.58,0.94,0.28
2024-03-25 17:1:01.4770,-0.3,1.09,6.26,-0.46,1.05,0.32
2024-03-25 17:1:01.4870,-0.39,0.75,7.6,-0.24,0.94,0.25
2024-03-25 17:1:01.4970,-0.23,0.37,8.58,0.07,0.73,0.07
2024-03-25 17:1:01.5070,-0.02,0.23,9.19,0.57,0.4,-0.12
2024-03-25 17:1:01.5170,-0.22,0.06,9.27,1.14,0.19,-0.28
2024-03-25 17:1:01.5270,-0.39,0.37,8.42,1.49,0.19,-0.32
2024-03-25 17:1:01.5370,-0.75,0.5,6.09,1.76,0.23,-0.31
2024-03-25 17:1:01.5470,-1.06,0.6,4.41,2.06,0.28,-0.27
2024-03-25 17:1:01.5570,-1.42,1.12,3.25,2.25,0.19,-0.25
2024-03-25 17:1:01.5670,-1.49,1.57,1.58,2.16,-0.07,-0.24
2024-03-25 17:1:01.5770,-2.02,1.68,-0.72,1.72,-0.34,-0.05
2024-03-25 17:1:01.5870,-3.27,1.35,-2.67,1.08,-0.4,0.44
2024-03-25 17:1:01.5970,-4.54,0.54,-3.1,0.63,-0.34,1.03
2024-03-25 17:1:01.6070,-4.39,-0.68,-1.78,0.5,-0.35,1.38
2024-03-25 17:1:01.6170,-2.89,-2.03,-0.49,0.42,-0.47,1.55
2024-03-25 17:1:01.6270,-2.02,-3.38,-0.67,0.18,-0.66,1.6
2024-03-25 17:1:01.6370,-1.19,-4.05,-1.76,-0.31,-0.8,1.53
2024-03-25 17:1:01.6470,-0.32,-4.71,-2.89,-0.85,-0.74,1.39
2024-03-25 17:1:01.6570,0.26,-5.38,-2.7,-1.19,-0.42,1.21
2024-03-25 17:1:01.6670,0.5,-6.07,-0.89,-1.17,0.06,0.99
2024-03-25 17:1:01.6770,0.56,-6.59,1.35,-0.87,0.53,0.71
2024-03-25 17:1:01.6870,0.57,-6.44,2.83,-0.42,0.7,0.39
2024-03-25 17:1:01.6970,0.31,-5.3,3.05,-0.04,0.58,0.13
2024-03-25 17:1:01.7070,-0.5,-2.08,-0.54,0.1,0.27,-0.05
2024-03-25 17:1:01.7170,-0.5,-2.08,-0.54,0.06,-0.09,-0.12
2024-03-25 17:1:01.7270,-0.65,-0.68,-2.79,-0.06,-0.4,-0.13
2024-03-25 17:1:01.7370,-0.64,0.41,-4.35,-0.2,-0.58,-0.07
2024-03-25 17:1:01.7470,-0.59,1.23,-5.37,-0.31,-0.58,0.07
2024-03-25 17:1:01.7570,-0.43,1.75,-5.94,-0.38,-0.45,0.26
2024-03-25 17:1:01.7670,-0.24,1.99,-6.12,-0.41,-0.22,0.44
2024-03-25 17:1:01.7770,0.2,2.09,-6.17,-0.46,0.04,0.6
2024-03-25 17:1:01.7870,0.68,1.95,-6.09,-0.5,0.22,0.69
2024-03-25 17:1:01.7970,1.1,1.51,-5.7,-0.57,0.32,0.71
2024-03-25 17:1:01.8070,1.36,1.05,-5.22,-0.65,0.36,0.71
2024-03-25 17:1:01.8170,1.46,0.64,-4.5,-0.67,0.35,0.68
2024-03-25 17:1:01.8270,1.5,0.19,-3.36,-0.63,0.31,0.61
2024-03-25 17:1:01.8370,1.58,-0.16,-2.14,-0.57,0.25,0.5
2024-03-25 17:1:01.8470,1.78,-0.29,-1.37,-0.53,0.17,0.36
2024-03-25 17:1:01.8570,1.9,-0.28,-0.78,-0.42,0.08,0.22
2024-03-25 17:1:01.8670,1.84,-0.14,0.08,-0.23,-0.01,0.07
2024-03-25 17:1:01.8770,1.75,0.14,0.75,-0.04,-0.08,-0.07
2024-03-25 17:1:01.8870,1.67,0.45,0.76,0.07,-0.11,-0.19
2024-03-25 17:1:01.8970,1.44,0.8,0.23,0.09,-0.1,-0.25
2024-03-25 17:1:01.9070,1.01,1.24,-0.22,0.08,-0.05,-0.25
2024-03-25 17:1:01.9170,0.5,1.65,-0.36,0.02,0.04,-0.19
2024-03-25 17:1:01.9260,0.01,1.86,-0.24,-0.03,0.14,-0.1
2024-03-25 17:1:01.9360,-0.35,1.87,0.31,-0.05,0.21,-0.06
2024-03-25 17:1:01.9470,-0.35,1.74,1.18,-0.03,0.26,-0.09
2024-03-25 17:1:01.9560,-0.23,1.43,1.94,0.04,0.29,-0.18
2024-03-25 17:1:01.9660,-0.05,1.08,2.96,0.25,0.26,-0.35
2024-03-25 17:1:01.9770,0.19,0.93,4.07,0.5,0.16,-0.55
2024-03-25 17:1:01.9860,0.02,0.9,4.56,0.7,0.03,-0.72
2024-03-25 17:1:01.9960,-0.36,1.15,4.3,0.77,-0.13,-0.82
2024-03-25 17:1:02.0060,-0.99,1.68,3.55,0.78,-0.33,-0.85
2024-03-25 17:1:02.0170,-1.45,2.35,3.2,0.78,-0.46,-0.84
2024-03-25 17:1:02.0260,-1.54,2.93,3.27,0.8,-0.46,-0.79
2024-03-25 17:1:02.0360,-1.43,3.36,3.34,0.79,-0.28,-0.65
2024-03-25 17:1:02.0460,-1.48,3.17,3.29,0.76,0.04,-0.46
2024-03-25 17:1:02.0570,-1.46,2.39,3.43,0.8,0.34,-0.33
2024-03-25 17:1:02.0660,-1.31,1.3,4.18,0.95,0.43,-0.31
2024-03-25 17:1:02.0760,-1.15,0.35,4.89,1.1,0.37,-0.33
2024-03-25 17:1:02.0860,-1.31,-0.44,4.8,1.2,0.24,-0.28
2024-03-25 17:1:02.0960,-1.68,-0.9,4.3,1.2,0.1,-0.21
2024-03-25 17:1:02.1060,-1.73,-1.13,3.29,1.07,-0.02,-0.09
2024-03-25 17:1:02.1170,-1.52,-1.16,2.27,0.89,-0.07,0.07
2024-03-25 17:1:02.1260,-1.18,-1.23,1.74,0.72,-0.01,0.25
2024-03-25 17:1:02.1360,-0.81,-1.52,1.29,0.5,0.13,0.43
2024-03-25 17:1:02.1460,-0.45,-2.01,0.7,0.26,0.25,0.6
2024-03-25 17:1:02.1560,-0.33,-2.65,0.41,0.06,0.26,0.71
2024-03-25 17:1:02.1660,-0.07,-3.31,0.55,-0.08,0.18,0.76
2024-03-25 17:1:02.1760,0.26,-3.89,0.49,-0.19,0.05,0.73
2024-03-25 17:1:02.1860,0.7,-4.31,0.17,-0.28,-0.1,0.64
2024-03-25 17:1:02.1960,1.1,-4.56,-0.33,-0.36,-0.23,0.51
2024-03-25 17:1:02.2060,1.45,-4.51,-1.02,-0.42,-0.34,0.36
2024-03-25 17:1:02.2170,1.79,-4.2,-1.8,-0.46,-0.4,0.18
2024-03-25 17:1:02.2260,2.09,-3.64,-2.47,-0.46,-0.39,0.0
2024-03-25 17:1:02.2360,2.21,-3.06,-2.99,-0.4,-0.29,-0.15
2024-03-25 17:1:02.2460,2.09,-2.51,-3.43,-0.31,-0.15,-0.27
2024-03-25 17:1:02.2560,1.85,-1.93,-3.88,-0.25,-0.02,-0.35
2024-03-25 17:1:02.2660,1.53,-1.31,-4.49,-0.24,0.06,-0.37
2024-03-25 17:1:02.2760,1.09,-0.77,-5.01,-0.27,0.1,-0.36
2024-03-25 17:1:02.2860,0.82,-0.27,-5.28,-0.33,0.12,-0.32
2024-03-25 17:1:02.2960,0.54,0.12,-5.3,-0.4,0.14,-0.24
2024-03-25 17:1:02.3060,0.27,0.37,-4.95,-0.44,0.13,-0.17
2024-03-25 17:1:02.3160,0.24,0.65,-4.33,-0.46,0.11,-0.12
2024-03-25 17:1:02.3260,0.18,0.84,-3.75,-0.46,0.13,-0.04
2024-03-25 17:1:02.3360,-0.06,0.74,-3.07,-0.38,0.16,0.04
2024-03-25 17:1:02.3460,-0.3,0.57,-2.1,-0.26,0.15,0.11
2024-03-25 17:1:02.3560,-0.49,0.35,-1.39,-0.15,0.09,0.19
2024-03-25 17:1:02.3660,-0.52,0.29,-1.0,-0.06,-0.07,0.2
2024-03-25 17:1:02.3760,-0.17,0.32,-0.82,-0.0,-0.31,0.14
2024-03-25 17:1:02.3860,0.18,0.43,-0.96,-0.04,-0.5,0.09
2024-03-25 17:1:02.3960,0.33,0.55,-1.44,-0.13,-0.55,0.09
2024-03-25 17:1:02.4060,0.48,0.7,-1.68,-0.19,-0.48,0.09
2024-03-25 17:1:02.4160,0.68,0.84,-1.54,-0.27,-0.32,0.11
2024-03-25 17:1:02.4260,0.69,0.86,-1.34,-0.32,-0.08,0.13
2024-03-25 17:1:02.4360,0.69,0.88,-0.71,-0.33,0.15,0.12
2024-03-25 17:1:02.4460,0.63,0.81,0.17,-0.33,0.31,0.08
2024-03-25 17:1:02.4560,0.45,0.84,1.05,-0.32,0.37,-0.0
2024-03-25 17:1:02.4660,0.34,0.86,1.84,-0.3,0.34,-0.16
2024-03-25 17:1:02.4760,0.27,0.9,2.56,-0.27,0.27,-0.31
2024-03-25 17:1:02.4860,-0.17,1.14,3.13,-0.23,0.18,-0.41
2024-03-25 17:1:02.4960,-0.75,1.49,3.39,-0.24,0.11,-0.43
2024-03-25 17:1:02.5060,-1.45,1.73,3.22,-0.29,-0.01,-0.33
2024-03-25 17:1:02.5160,-2.34,1.88,3.24,-0.38,-0.12,-0.16
2024-03-25 17:1:02.5260,-2.62,1.87,3.6,-0.43,-0.15,0.02
2024-03-25 17:1:02.5360,-2.28,1.24,4.34,-0.32,-0.1,0.08
2024-03-25 17:1:02.5460,-1.48,0.3,5.39,-0.09,0.05,0.1
2024-03-25 17:1:02.5560,-1.14,-0.68,6.04,0.06,0.26,0.14
2024-03-25 17:1:02.5660,-1.62,-1.74,5.74,0.07,0.39,0.21
2024-03-25 17:1:02.5760,-2.2,-2.63,5.26,0.03,0.42,0.29
2024-03-25 17:1:02.5860,-2.69,-3.45,5.47,0.1,0.33,0.36
2024-03-25 17:1:02.5960,-2.92,-4.23,6.25,0.32,0.09,0.33
2024-03-25 17:1:02.6060,-2.68,-4.79,6.39,0.53,-0.18,0.22
2024-03-25 17:1:02.6160,-2.22,-4.99,5.16,0.61,-0.37,0.12
2024-03-25 17:1:02.6260,-2.13,-4.83,3.1,0.6,-0.45,0.08
2024-03-25 17:1:02.6360,-2.3,-4.48,1.38,0.52,-0.45,0.08
2024-03-25 17:1:02.6460,-2.54,-4.11,-0.1,0.39,-0.35,0.15
2024-03-25 17:1:02.6560,-2.69,-3.67,-1.37,0.22,-0.21,0.22
2024-03-25 17:1:02.6660,-2.67,-3.26,-2.39,0.1,-0.06,0.28
2024-03-25 17:1:02.6760,-2.43,-2.71,-2.93,0.02,0.06,0.31
2024-03-25 17:1:02.6860,-2.12,-1.97,-3.21,-0.02,0.12,0.33
2024-03-25 17:1:02.6960,-1.91,-1.13,-3.48,-0.07,0.1,0.37
2024-03-25 17:1:02.7060,-1.93,-0.39,-3.87,-0.16,0.05,0.45
2024-03-25 17:1:02.7160,-2.05,0.22,-4.3,-0.28,0.0,0.59
2024-03-25 17:1:02.7260,-2.16,0.69,-4.57,-0.39,-0.03,0.76
2024-03-25 17:1:02.7360,-2.28,1.01,-4.65,-0.49,-0.01,0.98
2024-03-25 17:1:02.7460,-2.28,1.1,-4.51,-0.55,0.03,1.16
2024-03-25 17:1:02.7560,-1.92,1.07,-4.25,-0.57,0.11,1.26
2024-03-25 17:1:02.7660,-1.31,0.81,-3.95,-0.56,0.18,1.27
2024-03-25 17:1:02.7760,-0.71,0.48,-3.58,-0.5,0.22,1.25
2024-03-25 17:1:02.7860,-0.33,0.27,-3.16,-0.43,0.23,1.21
2024-03-25 17:1:02.7960,-0.12,0.01,-2.8,-0.34,0.24,1.15
2024-03-25 17:1:02.8060,0.15,-0.26,-2.43,-0.25,0.24,1.06
2024-03-25 17:1:02.8160,0.46,-0.38,-2.13,-0.2,0.23,0.96
2024-03-25 17:1:02.8260,0.62,-0.42,-2.07,-0.18,0.22,0.87
2024-03-25 17:1:02.8360,0.59,-0.3,-1.99,-0.19,0.2,0.8
2024-03-25 17:1:02.8460,0.53,-0.06,-1.89,-0.2,0.17,0.74
2024-03-25 17:1:02.8560,0.46,0.17,-1.58,-0.17,0.13,0.69
2024-03-25 17:1:02.8660,0.36,0.42,-1.18,-0.12,0.09,0.65
2024-03-25 17:1:02.8760,0.37,0.61,-0.87,-0.05,0.04,0.59
2024-03-25 17:1:02.8860,0.5,0.75,-0.79,-0.01,0.01,0.52
2024-03-25 17:1:02.8960,0.57,0.83,-0.8,0.01,-0.02,0.42
2024-03-25 17:1:02.9060,0.7,0.93,-0.71,0.03,-0.04,0.33
2024-03-25 17:1:02.9160,0.7,1.08,-0.4,0.06,-0.04,0.24
2024-03-25 17:1:02.9260,0.61,1.27,-0.06,0.08,0.02,0.16
2024-03-25 17:1:02.9360,0.49,1.43,0.27,0.09,0.12,0.13
2024-03-25 17:1:02.9460,0.05,1.57,0.84,0.15,0.22,0.15
2024-03-25 17:1:02.9560,-0.33,1.73,1.75,0.25,0.27,0.16
2024-03-25 17:1:02.9660,-0.47,1.78,2.43,0.31,0.24,0.17
2024-03-25 17:1:02.9760,-0.49,1.73,2.78,0.34,0.12,0.16
2024-03-25 17:1:02.9860,-0.26,1.68,3.0,0.32,-0.03,0.09
2024-03-25 17:1:02.9960,0.18,1.58,3.05,0.27,-0.16,-0.0
2024-03-25 17:1:03.0060,0.51,1.63,3.19,0.18,-0.16,-0.05
2024-03-25 17:1:03.0160,0.49,1.58,3.37,0.07,0.0,0.02
2024-03-25 17:1:03.0260,0.14,1.17,3.8,0.01,0.24,0.17
2024-03-25 17:1:03.0360,-0.21,0.47,4.79,0.06,0.4,0.31
2024-03-25 17:1:03.0460,-0.22,-0.58,5.8,0.18,0.35,0.35
2024-03-25 17:1:03.0560,0.09,-1.6,6.1,0.27,0.12,0.26
2024-03-25 17:1:03.0660,0.64,-2.37,5.63,0.31,-0.15,0.06
2024-03-25 17:1:03.0760,1.17,-2.83,4.8,0.32,-0.31,-0.11
2024-03-25 17:1:03.0860,1.22,-2.88,4.06,0.36,-0.32,-0.19
2024-03-25 17:1:03.0960,0.95,-2.58,3.46,0.41,-0.25,-0.18
2024-03-25 17:1:03.1060,0.81,-2.26,2.6,0.39,-0.15,-0.16
2024-03-25 17:1:03.1160,0.85,-1.96,1.43,0.27,-0.08,-0.12
2024-03-25 17:1:03.1260,0.68,-1.67,0.26,0.07,-0.03,-0.05
2024-03-25 17:1:03.1360,0.5,-1.58,-0.57,-0.15,0.02,0.04
2024-03-25 17:1:03.1460,0.35,-1.63,-0.94,-0.32,0.05,0.11
2024-03-25 17:1:03.1560,0.32,-1.79,-0.88,-0.42,0.06,0.11
2024-03-25 17:1:03.1660,0.61,-1.94,-0.62,-0.43,0.06,0.03
2024-03-25 17:1:03.1760,1.01,-1.87,-0.52,-0.39,0.05,-0.09
2024-03-25 17:1:03.1860,1.22,-1.64,-0.63,-0.32,0.05,-0.21
2024-03-25 17:1:03.1960,1.27,-1.35,-0.95,-0.25,0.05,-0.31
2024-03-25 17:1:03.2060,1.15,-1.04,-1.45,-0.16,0.06,-0.38
2024-03-25 17:1:03.2160,0.88,-0.65,-1.87,-0.08,0.08,-0.37
2024-03-25 17:1:03.2260,0.39,-0.31,-2.33,0.01,0.09,-0.3
2024-03-25 17:1:03.2360,0.04,0.02,-2.79,0.09,0.12,-0.25
2024-03-25 17:1:03.2460,-0.08,0.26,-3.33,0.11,0.09,-0.2
2024-03-25 17:1:03.2560,-0.09,0.39,-3.95,0.07,0.05,-0.14
2024-03-25 17:1:03.2660,-0.13,0.44,-4.49,-0.01,0.01,-0.07
2024-03-25 17:1:03.2760,-0.19,0.46,-4.68,-0.07,-0.01,0.02
2024-03-25 17:1:03.2860,-0.26,0.38,-4.36,-0.06,-0.02,0.11
2024-03-25 17:1:03.2960,-0.09,0.19,-3.82,-0.02,-0.03,0.17
2024-03-25 17:1:03.3060,0.08,-0.13,-3.44,0.02,-0.04,0.19
2024-03-25 17:1:03.3160,0.32,-0.41,-3.24,0.05,-0.07,0.19
2024-03-25 17:1:03.3260,0.47,-0.59,-3.15,0.03,-0.12,0.16
2024-03-25 17:1:03.3360,0.58,-0.6,-3.18,-0.02,-0.16,0.14
2024-03-25 17:1:03.3460,0.64,-0.47,-3.16,-0.09,-0.18,0.12
2024-03-25 17:1:03.3560,0.8,-0.16,-3.0,-0.18,-0.19,0.1
2024-03-25 17:1:03.3660,0.88,0.18,-2.59,-0.22,-0.17,0.12
2024-03-25 17:1:03.3760,0.8,0.42,-1.69,-0.2,-0.11,0.14
2024-03-25 17:1:03.3860,0.78,0.53,-0.71,-0.15,-0.03,0.16
2024-03-25 17:1:03.3960,0.76,0.63,0.12,-0.1,0.0,0.13
2024-03-25 17:1:03.4060,0.87,0.75,0.56,-0.11,0.01,0.05
2024-03-25 17:1:03.4160,0.86,0.83,0.53,-0.18,0.02,-0.04
2024-03-25 17:1:03.4260,0.74,0.95,0.61,-0.24,0.06,-0.12
2024-03-25 17:1:03.4360,0.62,1.17,1.23,-0.23,0.13,-0.15
2024-03-25 17:1:03.4460,0.35,1.43,2.39,-0.14,0.28,-0.14
2024-03-25 17:1:03.4560,0.07,1.5,3.48,-0.03,0.45,-0.11
2024-03-25 17:1:03.4660,-0.26,1.22,4.21,0.09,0.58,-0.1
2024-03-25 17:1:03.4750,-0.45,0.84,4.76,0.24,0.55,-0.16
2024-03-25 17:1:03.4850,-0.4,0.57,5.15,0.43,0.42,-0.28
2024-03-25 17:1:03.4950,-0.36,0.37,5.15,0.63,0.24,-0.41
2024-03-25 17:1:03.5060,-0.29,0.33,4.72,0.8,0.1,-0.52
2024-03-25 17:1:03.5160,-0.3,0.33,4.01,1.01,-0.0,-0.56
2024-03-25 17:1:03.5250,-0.43,0.43,3.64,1.21,-0.08,-0.59
2024-03-25 17:1:03.5350,-0.63,0.6,2.79,1.23,-0.1,-0.5
2024-03-25 17:1:03.5450,-1.23,0.49,1.27,1.09,-0.05,-0.28
2024-03-25 17:1:03.5560,-1.9,0.16,0.18,0.93,0.05,-0.01
2024-03-25 17:1:03.5650,-2.0,-0.55,-0.03,0.86,0.14,0.17
2024-03-25 17:1:03.5760,-1.64,-1.52,0.14,0.82,0.17,0.28
2024-03-25 17:1:03.5850,-1.4,-2.45,-0.06,0.73,0.13,0.35
2024-03-25 17:1:03.5950,-1.39,-3.0,-0.69,0.52,0.03,0.39
2024-03-25 17:1:03.6050,-1.33,-3.36,-1.44,0.24,-0.08,0.44
2024-03-25 17:1:03.6160,-1.45,-3.59,-1.84,-0.06,-0.16,0.48
2024-03-25 17:1:03.6250,-1.49,-3.68,-1.98,-0.37,-0.17,0.54
2024-03-25 17:1:03.6350,-1.55,-3.68,-1.94,-0.65,-0.09,0.63
2024-03-25 17:1:03.6450,-1.64,-3.52,-1.56,-0.85,0.02,0.72
2024-03-25 17:1:03.6550,-1.37,-3.22,-0.96,-0.99,0.13,0.74
2024-03-25 17:1:03.6650,-0.9,-2.92,-0.47,-1.06,0.2,0.7
2024-03-25 17:1:03.6750,-0.48,-2.57,-0.04,-1.09,0.23,0.6
2024-03-25 17:1:03.6850,-0.2,-2.2,0.27,-1.08,0.24,0.5
2024-03-25 17:1:03.6950,-0.11,-1.78,0.53,-1.02,0.23,0.4
2024-03-25 17:1:03.7050,-0.2,-1.25,0.76,-0.93,0.23,0.32
2024-03-25 17:1:03.7160,-0.33,-0.71,0.65,-0.88,0.24,0.28
2024-03-25 17:1:03.7250,-0.51,-0.2,0.22,-0.84,0.28,0.29
2024-03-25 17:1:03.7350,-0.79,0.23,-0.08,-0.76,0.31,0.35
2024-03-25 17:1:03.7460,-1.01,0.55,-0.1,-0.63,0.32,0.41
2024-03-25 17:1:03.7560,-1.0,0.71,-0.13,-0.46,0.3,0.47
2024-03-25 17:1:03.7650,-0.92,0.8,-0.31,-0.29,0.22,0.5
2024-03-25 17:1:03.7750,-0.74,0.81,-0.68,-0.15,0.1,0.5
2024-03-25 17:1:03.7850,-0.41,0.75,-1.28,-0.05,-0.02,0.44
2024-03-25 17:1:03.7950,0.01,0.69,-2.13,-0.02,-0.11,0.38
2024-03-25 17:1:03.8050,0.29,0.74,-2.95,-0.02,-0.12,0.36
2024-03-25 17:1:03.8160,0.25,0.85,-3.51,-0.03,-0.08,0.39
2024-03-25 17:1:03.8250,0.15,0.96,-3.75,-0.04,-0.01,0.44
2024-03-25 17:1:03.8350,0.16,1.02,-3.9,-0.08,0.06,0.5
2024-03-25 17:1:03.8450,0.26,1.06,-4.05,-0.15,0.1,0.55
2024-03-25 17:1:03.8550,0.38,0.97,-4.14,-0.22,0.14,0.58
2024-03-25 17:1:03.8650,0.42,0.78,-3.83,-0.28,0.17,0.58
2024-03-25 17:1:03.8750,0.4,0.53,-3.16,-0.31,0.2,0.57
2024-03-25 17:1:03.8850,0.32,0.37,-2.19,-0.28,0.16,0.52
2024-03-25 17:1:03.8950,0.33,0.52,-0.45,-0.25,0.08,0.45
2024-03-25 17:1:03.9060,0.33,0.52,-0.45,-0.23,-0.04,0.36
2024-03-25 17:1:03.9150,0.37,0.72,-0.07,-0.23,-0.16,0.26
2024-03-25 17:1:03.9250,0.43,0.97,0.27,-0.2,-0.21,0.18
2024-03-25 17:1:03.9350,0.39,1.11,0.76,-0.13,-0.16,0.12
2024-03-25 17:1:03.9450,0.29,1.29,1.39,-0.03,-0.07,0.1
2024-03-25 17:1:03.9550,0.12,1.5,1.94,0.06,-0.0,0.09
2024-03-25 17:1:03.9650,-0.1,1.7,2.37,0.11,-0.04,0.08
2024-03-25 17:1:03.9750,-0.16,1.88,2.65,0.1,-0.17,0.04
2024-03-25 17:1:03.9850,-0.13,1.87,2.84,0.07,-0.3,-0.01
2024-03-25 17:1:03.9950,-0.07,1.75,3.16,0.07,-0.41,-0.07
2024-03-25 17:1:04.0050,0.12,1.59,3.65,0.11,-0.47,-0.14
2024-03-25 17:1:04.0150,0.45,1.44,4.14,0.19,-0.45,-0.22
2024-03-25 17:1:04.0250,0.86,1.33,4.46,0.3,-0.41,-0.35
2024-03-25 17:1:04.0350,1.47,1.39,4.66,0.43,-0.36,-0.53
2024-03-25 17:1:04.0450,1.97,1.72,4.6,0.45,-0.26,-0.65
2024-03-25 17:1:04.0550,1.71,2.09,3.99,0.34,-0.08,-0.63
2024-03-25 17:1:04.0650,0.79,2.02,3.58,0.27,0.16,-0.43
2024-03-25 17:1:04.0750,-0.23,1.38,4.44,0.36,0.32,-0.19
2024-03-25 17:1:04.0850,-0.6,0.19,5.66,0.5,0.26,-0.1
2024-03-25 17:1:04.0950,-0.21,-1.21,5.62,0.59,0.02,-0.16
2024-03-25 17:1:04.1050,0.5,-2.14,4.82,0.64,-0.27,-0.34
2024-03-25 17:1:04.1150,1.15,-2.62,3.94,0.67,-0.44,-0.54
2024-03-25 17:1:04.1250,1.31,-2.73,3.08,0.72,-0.44,-0.64
2024-03-25 17:1:04.1350,0.93,-2.6,2.29,0.79,-0.31,-0.63
2024-03-25 17:1:04.1450,0.39,-2.39,1.49,0.83,-0.14,-0.55
2024-03-25 17:1:04.1550,0.09,-2.12,0.55,0.8,-0.03,-0.48
2024-03-25 17:1:04.1650,-0.05,-1.9,-0.47,0.67,0.04,-0.4
2024-03-25 17:1:04.1750,-0.2,-1.72,-1.48,0.48,0.09,-0.32
2024-03-25 17:1:04.1850,-0.46,-1.65,-2.21,0.26,0.12,-0.2
2024-03-25 17:1:04.1950,-0.76,-1.64,-2.57,0.06,0.12,-0.07
2024-03-25 17:1:04.2050,-0.99,-1.8,-2.68,-0.11,0.08,0.03
2024-03-25 17:1:04.2150,-0.95,-2.04,-2.63,-0.24,-0.01,0.08
2024-03-25 17:1:04.2250,-0.65,-2.29,-2.66,-0.32,-0.13,0.06
2024-03-25 17:1:04.2350,-0.25,-2.35,-2.8,-0.38,-0.21,0.02
2024-03-25 17:1:04.2450,0.08,-2.19,-3.01,-0.4,-0.19,-0.06
2024-03-25 17:1:04.2550,0.41,-1.95,-3.27,-0.39,-0.08,-0.13
2024-03-25 17:1:04.2650,0.55,-1.73,-3.54,-0.37,0.07,-0.19
2024-03-25 17:1:04.2750,0.53,-1.49,-3.7,-0.33,0.21,-0.23
2024-03-25 17:1:04.2850,0.35,-1.23,-3.8,-0.31,0.28,-0.25
2024-03-25 17:1:04.2950,0.16,-0.91,-3.88,-0.29,0.3,-0.25
2024-03-25 17:1:04.3050,-0.03,-0.6,-3.98,-0.28,0.28,-0.21
2024-03-25 17:1:04.3150,-0.23,-0.31,-4.0,-0.29,0.24,-0.17
2024-03-25 17:1:04.3250,-0.25,-0.02,-4.08,-0.33,0.16,-0.13
2024-03-25 17:1:04.3350,-0.22,0.23,-4.24,-0.39,0.11,-0.09
2024-03-25 17:1:04.3450,-0.11,0.42,-4.19,-0.45,0.11,-0.04
2024-03-25 17:1:04.3550,-0.02,0.57,-3.92,-0.45,0.18,0.02
2024-03-25 17:1:04.3650,-0.01,0.61,-3.28,-0.39,0.26,0.07
2024-03-25 17:1:04.3750,0.13,0.6,-2.5,-0.33,0.3,0.09
2024-03-25 17:1:04.3850,0.18,0.57,-2.06,-0.32,0.26,0.12
2024-03-25 17:1:04.3950,0.07,0.58,-1.82,-0.33,0.15,0.15
2024-03-25 17:1:04.4050,0.01,0.71,-1.47,-0.36,0.01,0.18
2024-03-25 17:1:04.4150,0.05,0.95,-1.14,-0.4,-0.11,0.22
2024-03-25 17:1:04.4250,0.18,1.2,-0.87,-0.44,-0.17,0.26
2024-03-25 17:1:04.4350,0.37,1.41,-0.45,-0.46,-0.15,0.29
2024-03-25 17:1:04.4450,0.59,1.45,0.14,-0.41,-0.03,0.29
2024-03-25 17:1:04.4550,0.89,1.28,1.01,-0.28,0.13,0.25
2024-03-25 17:1:04.4650,1.21,1.15,1.98,-0.13,0.29,0.17
2024-03-25 17:1:04.4750,1.39,1.01,2.63,-0.01,0.4,0.05
2024-03-25 17:1:04.4850,1.31,0.98,3.01,0.08,0.45,-0.05
2024-03-25 17:1:04.4950,0.94,0.95,3.41,0.15,0.44,-0.12
2024-03-25 17:1:04.5050,0.45,1.04,3.83,0.2,0.37,-0.13
2024-03-25 17:1:04.5150,-0.13,1.23,4.13,0.24,0.28,-0.1
2024-03-25 17:1:04.5250,-0.46,1.41,4.36,0.28,0.18,-0.07
2024-03-25 17:1:04.5350,-0.55,1.46,4.46,0.35,0.12,-0.06
2024-03-25 17:1:04.5450,-0.49,1.44,4.48,0.42,0.06,-0.08
2024-03-25 17:1:04.5550,-0.37,1.54,4.25,0.43,0.07,-0.11
2024-03-25 17:1:04.5650,-0.44,1.54,3.72,0.4,0.15,-0.08
2024-03-25 17:1:04.5750,-0.8,1.43,3.36,0.31,0.26,0.03
2024-03-25 17:1:04.5850,-1.45,1.03,3.22,0.21,0.33,0.26
2024-03-25 17:1:04.5950,-2.06,0.33,3.57,0.21,0.21,0.43
2024-03-25 17:1:04.6050,-1.78,-0.58,4.18,0.2,-0.04,0.46
2024-03-25 17:1:04.6150,-1.03,-1.71,3.78,0.13,-0.26,0.43
2024-03-25 17:1:04.6250,-0.48,-2.58,2.9,0.02,-0.36,0.34
2024-03-25 17:1:04.6350,-0.06,-3.25,2.35,-0.0,-0.33,0.24
2024-03-25 17:1:04.6450,0.18,-3.77,2.47,0.09,-0.23,0.1
2024-03-25 17:1:04.6550,0.33,-4.05,2.61,0.23,-0.14,-0.05
2024-03-25 17:1:04.6650,0.29,-4.15,2.2,0.32,-0.1,-0.21
2024-03-25 17:1:04.6750,0.07,-3.96,1.08,0.32,-0.1,-0.32
2024-03-25 17:1:04.6850,-0.36,-3.52,-0.32,0.26,-0.1,-0.36
2024-03-25 17:1:04.6950,-0.86,-2.95,-1.35,0.17,-0.1,-0.35
2024-03-25 17:1:04.7050,-1.19,-2.44,-2.26,0.06,-0.06,-0.3
2024-03-25 17:1:04.7150,-1.37,-1.99,-3.05,-0.06,-0.02,-0.24
2024-03-25 17:1:04.7250,-1.39,-1.53,-3.59,-0.17,0.03,-0.16
2024-03-25 17:1:04.7350,-1.31,-1.08,-3.99,-0.27,0.05,-0.07
2024-03-25 17:1:04.7450,-1.21,-0.69,-4.22,-0.33,0.07,0.01
2024-03-25 17:1:04.7550,-1.06,-0.41,-4.28,-0.36,0.08,0.08
2024-03-25 17:1:04.7650,-0.94,-0.21,-4.28,-0.37,0.08,0.15
2024-03-25 17:1:04.7750,-0.83,-0.05,-4.32,-0.38,0.09,0.21
2024-03-25 17:1:04.7850,-0.77,0.07,-4.4,-0.38,0.13,0.29
2024-03-25 17:1:04.7950,-0.83,0.16,-4.46,-0.38,0.2,0.37
2024-03-25 17:1:04.8050,-0.92,0.24,-4.45,-0.37,0.25,0.44
2024-03-25 17:1:04.8150,-0.97,0.33,-4.51,-0.37,0.28,0.52
2024-03-25 17:1:04.8250,-1.07,0.4,-4.4,-0.34,0.25,0.59
2024-03-25 17:1:04.8350,-1.01,0.6,-4.14,-0.35,0.19,0.64
2024-03-25 17:1:04.8450,-0.83,0.68,-4.06,-0.4,0.1,0.64
2024-03-25 17:1:04.8550,-0.46,0.71,-3.75,-0.45,0.04,0.59
2024-03-25 17:1:04.8650,-0.02,0.81,-3.27,-0.5,0.05,0.54
2024-03-25 17:1:04.8750,0.33,0.95,-2.71,-0.55,0.11,0.5
2024-03-25 17:1:04.8850,0.48,1.1,-2.02,-0.56,0.18,0.47
2024-03-25 17:1:04.8950,0.53,1.26,-1.07,-0.5,0.25,0.43
2024-03-25 17:1:04.9050,0.5,1.35,0.06,-0.41,0.3,0.41
2024-03-25 17:1:04.9150,0.35,1.34,0.98,-0.27,0.31,0.38
2024-03-25 17:1:04.9250,0.38,1.41,1.86,-0.14,0.25,0.31
2024-03-25 17:1:04.9350,0.46,1.35,2.36,-0.01,0.15,0.2
2024-03-25 17:1:04.9450,0.56,1.37,2.8,0.1,0.05,0.09
2024-03-25 17:1:04.9550,0.55,1.35,3.09,0.2,-0.03,-0.02
2024-03-25 17:1:04.9650,0.37,1.37,3.4,0.3,-0.08,-0.08
2024-03-25 17:1:04.9750,-0.01,1.47,3.68,0.37,-0.11,-0.1
2024-03-25 17:1:04.9850,-0.33,1.59,3.77,0.41,-0.13,-0.1
2024-03-25 17:1:04.9950,-0.54,1.6,3.82,0.44,-0.17,-0.08
2024-03-25 17:1:05.0050,-0.67,1.59,3.96,0.49,-0.22,-0.07
2024-03-25 17:1:05.0140,-0.69,1.5,4.02,0.54,-0.29,-0.09
2024-03-25 17:1:05.0250,-0.54,1.42,3.97,0.59,-0.38,-0.16
2024-03-25 17:1:05.0350,-0.33,1.38,3.7,0.63,-0.46,-0.25
2024-03-25 17:1:05.0450,-0.09,1.41,3.48,0.69,-0.51,-0.37
2024-03-25 17:1:05.0550,0.13,1.55,3.26,0.75,-0.47,-0.46
2024-03-25 17:1:05.0650,0.06,1.57,2.98,0.8,-0.36,-0.51
2024-03-25 17:1:05.0750,-0.07,1.66,2.82,0.86,-0.28,-0.5
2024-03-25 17:1:05.0840,-0.3,1.62,2.56,0.87,-0.21,-0.4
2024-03-25 17:1:05.0950,-0.66,1.09,1.99,0.79,-0.13,-0.26
2024-03-25 17:1:05.1050,-0.68,0.2,1.29,0.67,-0.04,-0.13
2024-03-25 17:1:05.1140,-0.46,-0.77,0.95,0.61,0.03,-0.03
2024-03-25 17:1:05.1240,-0.28,-1.66,1.04,0.58,0.1,0.01
2024-03-25 17:1:05.1350,-0.03,-2.39,1.17,0.57,0.12,-0.02
2024-03-25 17:1:05.1440,0.43,-2.77,1.08,0.51,0.1,-0.1
2024-03-25 17:1:05.1550,0.79,-2.86,0.71,0.43,0.07,-0.16
2024-03-25 17:1:05.1650,0.7,-2.72,0.45,0.35,0.09,-0.13
2024-03-25 17:1:05.1740,0.29,-2.53,0.28,0.26,0.17,-0.02
2024-03-25 17:1:05.1840,-0.02,-2.46,-0.02,0.14,0.29,0.11
2024-03-25 17:1:05.1940,-0.19,-2.55,-0.27,-0.01,0.37,0.24
2024-03-25 17:1:05.2040,-0.35,-2.82,-0.35,-0.15,0.34,0.34
2024-03-25 17:1:05.2140,-0.29,-3.1,-0.25,-0.24,0.22,0.37
2024-03-25 17:1:05.2240,-0.07,-3.37,-0.24,-0.31,0.04,0.34
2024-03-25 17:1:05.2340,0.24,-3.51,-0.59,-0.38,-0.17,0.28
2024-03-25 17:1:05.2440,0.64,-3.4,-1.21,-0.43,-0.34,0.16
2024-03-25 17:1:05.2540,1.25,-3.04,-1.96,-0.5,-0.4,0.04
2024-03-25 17:1:05.2640,1.61,-2.62,-2.72,-0.52,-0.35,-0.04
2024-03-25 17:1:05.2740,1.71,-2.14,-3.17,-0.5,-0.23,-0.1
2024-03-25 17:1:05.2840,1.67,-1.72,-3.43,-0.45,-0.08,-0.14
2024-03-25 17:1:05.2940,1.64,-1.37,-3.74,-0.41,0.05,-0.18
2024-03-25 17:1:05.3040,1.63,-1.0,-4.03,-0.37,0.12,-0.23
2024-03-25 17:1:05.3140,1.67,-0.58,-4.26,-0.35,0.14,-0.27
2024-03-25 17:1:05.3240,1.56,-0.25,-4.43,-0.33,0.13,-0.3
2024-03-25 17:1:05.3340,1.34,0.04,-4.37,-0.3,0.13,-0.3
2024-03-25 17:1:05.3450,1.17,0.29,-4.2,-0.27,0.15,-0.28
2024-03-25 17:1:05.3550,1.1,0.52,-4.1,-0.31,0.23,-0.23
2024-03-25 17:1:05.3640,1.03,0.69,-3.98,-0.37,0.3,-0.18
2024-03-25 17:1:05.3740,0.93,0.94,-3.54,-0.42,0.33,-0.11
2024-03-25 17:1:05.3840,0.68,1.13,-2.81,-0.46,0.31,-0.02
2024-03-25 17:1:05.3940,0.46,1.22,-1.92,-0.46,0.28,0.05
2024-03-25 17:1:05.4040,0.52,1.13,-1.18,-0.4,0.26,0.09
2024-03-25 17:1:05.4140,0.69,0.79,-0.19,-0.24,0.2,0.05
2024-03-25 17:1:05.4240,1.04,0.54,0.8,-0.1,0.11,-0.04
2024-03-25 17:1:05.4340,1.3,0.47,1.03,-0.07,0.04,-0.16
2024-03-25 17:1:05.4440,1.36,0.55,0.76,-0.1,-0.01,-0.24
2024-03-25 17:1:05.4540,1.27,0.84,0.78,-0.11,0.02,-0.29
2024-03-25 17:1:05.4640,1.09,1.14,1.1,-0.1,0.14,-0.28
2024-03-25 17:1:05.4740,0.76,1.38,1.52,-0.08,0.29,-0.23
2024-03-25 17:1:05.4840,0.45,1.58,2.01,-0.07,0.39,-0.21
2024-03-25 17:1:05.4940,0.28,1.55,2.51,-0.01,0.46,-0.21
2024-03-25 17:1:05.5040,0.2,1.41,3.12,0.07,0.45,-0.26
2024-03-25 17:1:05.5140,0.09,1.34,3.62,0.18,0.39,-0.32
2024-03-25 17:1:05.5240,-0.08,1.17,4.01,0.29,0.28,-0.41
2024-03-25 17:1:05.5340,-0.15,1.19,4.15,0.41,0.17,-0.49
2024-03-25 17:1:05.5440,-0.14,1.48,4.09,0.5,0.03,-0.57
2024-03-25 17:1:05.5540,-0.13,1.79,3.63,0.49,-0.06,-0.64
2024-03-25 17:1:05.5640,-0.39,1.92,2.85,0.35,-0.06,-0.58
2024-03-25 17:1:05.5740,-1.23,2.0,2.14,0.18,0.02,-0.33
2024-03-25 17:1:05.5840,-2.08,1.91,2.4,0.16,0.07,-0.01
2024-03-25 17:1:05.5940,-2.25,1.4,3.36,0.22,0.01,0.23
2024-03-25 17:1:05.6040,-1.73,0.31,3.53,0.18,-0.17,0.35
2024-03-25 17:1:05.6140,-1.11,-1.01,2.51,0.01,-0.37,0.42
2024-03-25 17:1:05.6240,-0.76,-2.01,1.7,-0.18,-0.5,0.43
2024-03-25 17:1:05.6340,-0.42,-2.93,1.58,-0.3,-0.47,0.41
2024-03-25 17:1:05.6440,-0.29,-3.92,2.03,-0.28,-0.35,0.37
2024-03-25 17:1:05.6540,-0.34,-4.73,2.76,-0.14,-0.25,0.3
2024-03-25 17:1:05.6640,-0.61,-5.28,3.03,-0.0,-0.27,0.23
2024-03-25 17:1:05.6740,-1.02,-5.5,2.42,0.06,-0.38,0.17
2024-03-25 17:1:05.6840,-1.42,-5.44,1.23,0.04,-0.55,0.13
2024-03-25 17:1:05.6940,-1.65,-4.97,-0.14,-0.03,-0.75,0.07
2024-03-25 17:1:05.7040,-1.65,-4.32,-1.52,-0.14,-0.89,0.05
2024-03-25 17:1:05.7140,-1.74,-3.43,-2.65,-0.25,-0.93,0.05
2024-03-25 17:1:05.7240,-1.6,-2.46,-3.41,-0.31,-0.85,0.06
2024-03-25 17:1:05.7340,-1.45,-1.5,-3.8,-0.34,-0.68,0.08
2024-03-25 17:1:05.7440,-1.23,-0.69,-4.05,-0.34,-0.44,0.12
2024-03-25 17:1:05.7540,-1.18,0.0,-4.18,-0.35,-0.2,0.18
2024-03-25 17:1:05.7640,-1.13,0.5,-4.19,-0.34,0.0,0.23
2024-03-25 17:1:05.7740,-1.04,0.82,-3.83,-0.34,0.09,0.29
2024-03-25 17:1:05.7840,-0.97,1.03,-3.41,-0.26,0.19,0.32
2024-03-25 17:1:05.7940,-0.95,1.09,-2.75,-0.18,0.17,0.35
2024-03-25 17:1:05.8040,-0.82,1.05,-2.14,-0.13,0.14,0.38
2024-03-25 17:1:05.8140,-0.56,0.9,-1.87,-0.08,0.12,0.38
2024-03-25 17:1:05.8240,-0.25,0.79,-1.67,-0.05,0.1,0.39
2024-03-25 17:1:05.8340,0.0,0.76,-1.58,-0.04,0.1,0.4
2024-03-25 17:1:05.8440,0.2,0.74,-1.63,-0.05,0.1,0.4
2024-03-25 17:1:05.8540,0.45,0.72,-1.71,-0.08,0.12,0.4
2024-03-25 17:1:05.8640,0.68,0.68,-1.61,-0.06,0.14,0.37
2024-03-25 17:1:05.8740,0.91,0.62,-1.3,-0.01,0.15,0.31
2024-03-25 17:1:05.8840,1.07,0.54,-1.02,0.06,0.14,0.23
2024-03-25 17:1:05.8940,1.18,0.52,-0.78,0.14,0.09,0.13
2024-03-25 17:1:05.9040,1.19,0.62,-0.77,0.18,0.01,0.04
2024-03-25 17:1:05.9140,1.11,0.77,-1.07,0.18,-0.04,-0.03
2024-03-25 17:1:05.9240,0.98,1.01,-1.34,0.18,-0.04,-0.07
2024-03-25 17:1:05.9340,0.84,1.28,-1.42,0.16,-0.0,-0.08
2024-03-25 17:1:05.9440,0.75,1.49,-1.56,0.09,0.07,-0.06
2024-03-25 17:1:05.9540,0.53,1.62,-1.6,0.01,0.14,-0.02
2024-03-25 17:1:05.9640,0.27,1.76,-1.26,-0.08,0.21,0.03
2024-03-25 17:1:05.9740,0.05,1.71,-0.59,-0.13,0.26,0.05
2024-03-25 17:1:05.9840,0.01,1.58,0.46,-0.13,0.31,0.03
2024-03-25 17:1:05.9940,0.05,1.46,1.45,-0.11,0.33,-0.01
2024-03-25 17:1:06.0040,-0.04,1.34,2.28,-0.07,0.3,-0.07
2024-03-25 17:1:06.0140,-0.1,1.22,3.04,-0.0,0.24,-0.15
2024-03-25 17:1:06.0240,-0.11,1.09,3.76,0.12,0.14,-0.25
2024-03-25 17:1:06.0340,-0.06,1.08,4.32,0.27,0.02,-0.35
2024-03-25 17:1:06.0440,-0.03,1.1,4.64,0.44,-0.09,-0.47
2024-03-25 17:1:06.0540,0.14,1.27,4.58,0.51,-0.24,-0.6
2024-03-25 17:1:06.0640,0.33,1.76,3.75,0.53,-0.35,-0.69
2024-03-25 17:1:06.0740,0.41,2.23,3.12,0.54,-0.28,-0.69
2024-03-25 17:1:06.0840,0.31,2.32,2.97,0.57,-0.03,-0.55
2024-03-25 17:1:06.0940,0.02,1.91,3.09,0.65,0.3,-0.32
2024-03-25 17:1:06.1040,-0.12,1.01,3.69,0.76,0.52,-0.14
2024-03-25 17:1:06.1140,0.01,-0.42,4.17,0.85,0.54,-0.07
2024-03-25 17:1:06.1240,0.36,-1.73,4.07,0.85,0.37,-0.13
2024-03-25 17:1:06.1340,0.82,-2.52,3.54,0.77,0.13,-0.26
2024-03-25 17:1:06.1440,1.17,-2.96,2.94,0.67,-0.1,-0.38
2024-03-25 17:1:06.1540,1.05,-3.03,2.54,0.61,-0.23,-0.4
2024-03-25 17:1:06.1640,0.57,-2.98,2.28,0.59,-0.24,-0.33
2024-03-25 17:1:06.1740,0.23,-2.91,1.88,0.58,-0.17,-0.23
2024-03-25 17:1:06.1840,0.22,-2.92,1.19,0.51,-0.11,-0.16
2024-03-25 17:1:06.1940,0.29,-2.91,0.24,0.33,-0.06,-0.1
2024-03-25 17:1:06.2040,0.25,-2.88,-0.88,0.1,-0.03,-0.03
2024-03-25 17:1:06.2140,0.13,-2.89,-1.58,-0.12,-0.08,0.02
2024-03-25 17:1:06.2240,0.13,-2.92,-1.93,-0.3,-0.15,-0.0
2024-03-25 17:1:06.2340,0.56,-2.91,-2.23,-0.42,-0.19,-0.11
2024-03-25 17:1:06.2440,1.15,-2.63,-2.33,-0.47,-0.21,-0.24
2024-03-25 17:1:06.2540,1.38,-2.15,-2.39,-0.46,-0.19,-0.34
2024-03-25 17:1:06.2640,1.31,-1.69,-2.48,-0.41,-0.16,-0.43
2024-03-25 17:1:06.2740,1.2,-1.2,-2.74,-0.38,-0.12,-0.48
2024-03-25 17:1:06.2840,1.0,-0.73,-3.28,-0.39,-0.08,-0.5
2024-03-25 17:1:06.2940,0.83,-0.21,-3.68,-0.39,-0.05,-0.49
2024-03-25 17:1:06.3040,0.7,0.25,-3.99,-0.4,-0.02,-0.46
2024-03-25 17:1:06.3140,0.57,0.64,-4.14,-0.4,0.02,-0.4
2024-03-25 17:1:06.3240,0.4,0.92,-4.14,-0.39,0.07,-0.31
2024-03-25 17:1:06.3340,0.21,1.14,-4.05,-0.37,0.14,-0.2
2024-03-25 17:1:06.3440,0.04,1.25,-3.85,-0.35,0.21,-0.1
2024-03-25 17:1:06.3540,0.04,1.15,-3.54,-0.33,0.25,-0.01
2024-03-25 17:1:06.3640,0.06,0.93,-3.26,-0.34,0.25,0.06
2024-03-25 17:1:06.3740,0.04,0.73,-3.05,-0.34,0.19,0.12
2024-03-25 17:1:06.3840,0.12,0.57,-2.71,-0.34,0.12,0.14
2024-03-25 17:1:06.3940,0.32,0.4,-2.36,-0.32,0.05,0.12
2024-03-25 17:1:06.4040,0.52,0.21,-2.07,-0.27,0.02,0.12
2024-03-25 17:1:06.4140,0.59,0.11,-1.59,-0.17,0.05,0.11
2024-03-25 17:1:06.4240,0.7,0.03,-1.03,-0.09,0.07,0.09
2024-03-25 17:1:06.4340,0.8,0.08,-0.84,-0.1,0.08,0.08
2024-03-25 17:1:06.4440,0.84,0.28,-1.0,-0.18,0.05,0.06
2024-03-25 17:1:06.4540,0.91,0.56,-1.0,-0.28,0.05,0.05
2024-03-25 17:1:06.4640,0.98,0.76,-0.7,-0.36,0.09,0.04
2024-03-25 17:1:06.4740,0.89,0.82,0.05,-0.37,0.2,0.04
2024-03-25 17:1:06.4840,0.8,0.8,1.13,-0.32,0.34,0.02
2024-03-25 17:1:06.4940,0.82,0.65,2.37,-0.19,0.43,-0.06
2024-03-25 17:1:06.5040,0.97,0.41,3.75,-0.0,0.4,-0.21
2024-03-25 17:1:06.5140,1.13,0.21,4.95,0.18,0.28,-0.41
2024-03-25 17:1:06.5240,1.11,0.05,5.55,0.32,0.12,-0.57
2024-03-25 17:1:06.5340,0.72,-0.1,5.84,0.48,-0.02,-0.68
2024-03-25 17:1:06.5440,0.32,0.13,6.33,0.65,-0.2,-0.72
2024-03-25 17:1:06.5540,-0.09,0.83,6.15,0.75,-0.36,-0.7
2024-03-25 17:1:06.5640,-0.99,1.39,5.19,0.72,-0.45,-0.51
2024-03-25 17:1:06.5740,-1.98,1.72,4.02,0.54,-0.46,-0.19
2024-03-25 17:1:06.5840,-2.4,1.82,3.17,0.39,-0.43,0.18
2024-03-25 17:1:06.5940,-2.12,1.51,3.36,0.41,-0.5,0.39
2024-03-25 17:1:06.6040,-1.33,0.18,3.77,0.52,-0.66,0.44
2024-03-25 17:1:06.6140,-0.73,-1.14,3.36,0.54,-0.82,0.46
2024-03-25 17:1:06.6240,-0.61,-1.88,2.07,0.37,-0.88,0.48
2024-03-25 17:1:06.6340,-0.46,-2.4,0.68,0.2,-0.88,0.46
2024-03-25 17:1:06.6430,-0.27,-2.85,0.24,0.08,-0.78,0.42
2024-03-25 17:1:06.6540,-0.22,-3.22,0.15,-0.02,-0.65,0.36
2024-03-25 17:1:06.6640,-0.24,-3.41,-0.24,-0.09,-0.45,0.25
2024-03-25 17:1:06.6740,-0.25,-3.37,-0.77,-0.21,-0.21,0.18
2024-03-25 17:1:06.6830,-0.57,-3.11,-1.32,-0.32,0.05,0.1
2024-03-25 17:1:06.6940,-0.78,-2.74,-1.5,-0.38,0.24,0.03
2024-03-25 17:1:06.7040,-1.05,-2.18,-1.31,-0.4,0.31,-0.01
2024-03-25 17:1:06.7130,-1.46,-1.49,-1.1,-0.43,0.28,0.05
2024-03-25 17:1:06.7230,-1.96,-0.87,-1.17,-0.47,0.18,0.12
2024-03-25 17:1:06.7330,-2.11,-0.53,-1.41,-0.5,0.08,0.23
2024-03-25 17:1:06.7440,-1.97,-0.19,-1.54,-0.48,-0.02,0.32
2024-03-25 17:1:06.7540,-1.73,-0.04,-1.58,-0.4,-0.09,0.39
2024-03-25 17:1:06.7640,-1.4,0.08,-1.65,-0.29,-0.09,0.44
2024-03-25 17:1:06.7730,-0.97,0.15,-2.01,-0.2,-0.04,0.45
2024-03-25 17:1:06.7830,-0.46,0.04,-2.4,-0.11,0.04,0.4
2024-03-25 17:1:06.7940,0.04,-0.07,-2.71,-0.04,0.12,0.34
2024-03-25 17:1:06.8030,0.33,-0.15,-3.0,0.01,0.18,0.28
2024-03-25 17:1:06.8130,0.39,-0.15,-3.16,0.07,0.2,0.22
2024-03-25 17:1:06.8230,0.48,-0.02,-3.22,0.12,0.17,0.14
2024-03-25 17:1:06.8340,0.53,0.04,-3.43,0.11,0.11,0.07
2024-03-25 17:1:06.8430,0.58,0.24,-3.76,0.07,0.06,0.04
2024-03-25 17:1:06.8540,0.49,0.37,-3.92,0.05,0.04,0.02
2024-03-25 17:1:06.8630,0.39,0.55,-3.77,0.04,0.07,0.01
2024-03-25 17:1:06.8730,0.36,0.7,-3.59,0.04,0.13,0.01
2024-03-25 17:1:06.8830,0.39,0.79,-3.28,0.05,0.2,0.0
2024-03-25 17:1:06.8930,0.41,0.9,-2.96,0.04,0.25,0.01
2024-03-25 17:1:06.9030,0.21,1.0,-2.54,0.02,0.29,0.03
2024-03-25 17:1:06.9130,0.14,1.15,-1.98,0.0,0.29,0.03
2024-03-25 17:1:06.9230,0.23,1.29,-1.42,-0.02,0.22,-0.01
2024-03-25 17:1:06.9330,0.27,1.42,-0.81,-0.05,0.17,-0.02
2024-03-25 17:1:06.9430,0.07,1.52,-0.07,-0.04,0.18,0.0
2024-03-25 17:1:06.9530,-0.1,1.59,0.77,-0.01,0.2,0.02
2024-03-25 17:1:06.9630,-0.18,1.6,1.55,0.02,0.2,0.02
2024-03-25 17:1:06.9730,-0.18,1.61,2.15,0.05,0.16,-0.0
2024-03-25 17:1:06.9830,-0.09,1.56,2.59,0.07,0.12,-0.06
2024-03-25 17:1:06.9930,0.02,1.51,3.13,0.12,0.07,-0.13
2024-03-25 17:1:07.0030,0.0,1.48,3.7,0.18,-0.03,-0.21
2024-03-25 17:1:07.0130,0.0,1.44,4.14,0.26,-0.15,-0.29
2024-03-25 17:1:07.0230,0.02,1.37,4.43,0.39,-0.28,-0.39
2024-03-25 17:1:07.0330,0.22,1.39,4.58,0.54,-0.41,-0.54
2024-03-25 17:1:07.0430,0.68,1.65,4.39,0.64,-0.49,-0.72
2024-03-25 17:1:07.0530,1.19,2.28,3.61,0.61,-0.42,-0.82
2024-03-25 17:1:07.0630,1.11,2.68,2.68,0.48,-0.16,-0.73
2024-03-25 17:1:07.0730,0.46,2.54,2.6,0.37,0.2,-0.45
2024-03-25 17:1:07.0830,-0.48,1.6,3.71,0.41,0.54,-0.1
2024-03-25 17:1:07.0930,-0.96,-0.03,5.38,0.48,0.59,0.11
2024-03-25 17:1:07.1030,-0.61,-1.75,6.0,0.45,0.31,0.15
2024-03-25 17:1:07.1130,0.14,-3.11,5.55,0.33,-0.17,0.03
2024-03-25 17:1:07.1230,1.0,-3.91,5.01,0.25,-0.61,-0.14
2024-03-25 17:1:07.1330,1.55,-4.19,4.64,0.25,-0.84,-0.24
2024-03-25 17:1:07.1430,1.68,-4.25,3.93,0.27,-0.77,-0.29
2024-03-25 17:1:07.1530,1.92,-4.16,2.66,0.25,-0.46,-0.32
2024-03-25 17:1:07.1630,2.13,-4.06,1.26,0.19,-0.03,-0.34
2024-03-25 17:1:07.1730,1.9,-3.86,0.11,0.09,0.36,-0.33
2024-03-25 17:1:07.1830,1.33,-3.63,-0.67,-0.02,0.63,-0.36
2024-03-25 17:1:07.1930,1.07,-3.32,-0.98,-0.09,0.66,-0.47
2024-03-25 17:1:07.2030,0.96,-2.84,-1.01,-0.08,0.49,-0.63
2024-03-25 17:1:07.2130,0.8,-2.28,-0.77,0.03,0.24,-0.8
2024-03-25 17:1:07.2230,0.48,-1.71,-0.67,0.18,0.0,-0.92
2024-03-25 17:1:07.2330,0.1,-1.02,-1.24,0.3,-0.08,-0.99
2024-03-25 17:1:07.2430,-0.23,-0.24,-2.41,0.38,-0.02,-0.97
2024-03-25 17:1:07.2530,-0.69,0.46,-3.57,0.46,0.11,-0.86
2024-03-25 17:1:07.2630,-1.13,1.28,-4.42,0.52,0.27,-0.67
2024-03-25 17:1:07.2730,-1.43,1.77,-5.28,0.55,0.38,-0.47
2024-03-25 17:1:07.2830,-1.6,2.08,-5.9,0.48,0.35,-0.31
2024-03-25 17:1:07.2930,-1.51,2.04,-6.81,0.27,0.23,-0.16
2024-03-25 17:1:07.3030,-1.21,1.94,-7.54,-0.0,0.1,-0.0
2024-03-25 17:1:07.3130,-1.02,1.52,-7.53,-0.21,0.03,0.15
2024-03-25 17:1:07.3240,-0.62,1.0,-6.55,-0.31,0.03,0.26
2024-03-25 17:1:07.3330,-0.22,0.37,-5.33,-0.33,0.12,0.34
2024-03-25 17:1:07.3430,0.22,-0.26,-4.3,-0.32,0.23,0.37
2024-03-25 17:1:07.3530,0.62,-0.73,-3.53,-0.32,0.32,0.36
2024-03-25 17:1:07.3630,0.91,-1.1,-2.86,-0.37,0.34,0.35
2024-03-25 17:1:07.3730,1.01,-1.24,-2.11,-0.42,0.26,0.32
2024-03-25 17:1:07.3830,1.1,-1.28,-1.34,-0.43,0.1,0.28
2024-03-25 17:1:07.3930,1.22,-1.28,-0.54,-0.43,-0.11,0.2
2024-03-25 17:1:07.4030,1.64,-1.29,-0.03,-0.4,-0.3,0.05
2024-03-25 17:1:07.4130,2.28,-1.17,0.23,-0.36,-0.41,-0.19
2024-03-25 17:1:07.4230,2.88,-0.74,0.27,-0.32,-0.36,-0.39
2024-03-25 17:1:07.4330,2.97,-0.12,0.19,-0.28,-0.16,-0.51
2024-03-25 17:1:07.4430,2.64,0.63,0.23,-0.25,0.13,-0.54
2024-03-25 17:1:07.4530,2.08,1.29,0.44,-0.24,0.46,-0.46
2024-03-25 17:1:07.4630,1.29,1.77,0.91,-0.24,0.71,-0.34
2024-03-25 17:1:07.4730,0.77,2.09,1.79,-0.23,0.78,-0.25
2024-03-25 17:1:07.4830,0.43,2.15,2.79,-0.21,0.71,-0.22
2024-03-25 17:1:07.4930,0.23,2.01,3.62,-0.13,0.54,-0.23
2024-03-25 17:1:07.5030,0.2,1.63,4.62,0.06,0.35,-0.32
2024-03-25 17:1:07.5130,0.38,1.36,5.51,0.28,0.21,-0.41
2024-03-25 17:1:07.5230,0.33,1.12,5.74,0.49,0.15,-0.46
2024-03-25 17:1:07.5330,0.12,1.13,5.39,0.64,0.12,-0.49
2024-03-25 17:1:07.5430,-0.13,1.2,4.81,0.75,0.12,-0.47
2024-03-25 17:1:07.5530,-0.5,1.34,4.29,0.75,0.11,-0.42
2024-03-25 17:1:07.5630,-0.88,1.48,3.45,0.58,0.14,-0.27
2024-03-25 17:1:07.5730,-1.82,0.94,2.55,0.36,0.23,0.02
2024-03-25 17:1:07.5830,-2.53,0.17,2.75,0.31,0.25,0.28
2024-03-25 17:1:07.5930,-2.35,-1.14,3.86,0.43,0.09,0.3
2024-03-25 17:1:07.6030,-1.14,-2.52,4.2,0.49,-0.1,0.18
2024-03-25 17:1:07.6130,-0.2,-3.42,3.04,0.37,-0.21,-0.0
2024-03-25 17:1:07.6230,0.31,-3.82,1.42,0.1,-0.17,-0.16
2024-03-25 17:1:07.6330,0.25,-3.77,0.46,-0.16,-0.02,-0.18
2024-03-25 17:1:07.6430,-0.51,-3.62,0.59,-0.27,0.09,-0.11
2024-03-25 17:1:07.6530,-1.17,-3.56,1.26,-0.31,0.12,-0.07
2024-03-25 17:1:07.6630,-1.28,-3.54,1.43,-0.34,0.06,-0.09
2024-03-25 17:1:07.6730,-1.1,-3.31,0.89,-0.4,-0.07,-0.18
2024-03-25 17:1:07.6830,-0.82,-2.79,0.14,-0.47,-0.2,-0.26
2024-03-25 17:1:07.6930,-0.83,-2.2,-0.54,-0.49,-0.28,-0.29
2024-03-25 17:1:07.7030,-1.02,-1.54,-0.98,-0.48,-0.3,-0.25
2024-03-25 17:1:07.7130,-1.17,-1.0,-1.51,-0.45,-0.28,-0.16
2024-03-25 17:1:07.7230,-1.22,-0.57,-2.09,-0.41,-0.24,-0.07
2024-03-25 17:1:07.7330,-1.05,-0.27,-2.66,-0.38,-0.19,0.0
2024-03-25 17:1:07.7430,-0.72,-0.08,-3.37,-0.38,-0.13,0.07
2024-03-25 17:1:07.7530,-0.51,0.0,-3.91,-0.38,-0.08,0.13
2024-03-25 17:1:07.7630,-0.42,0.08,-4.15,-0.35,-0.04,0.22
2024-03-25 17:1:07.7730,-0.37,0.11,-4.16,-0.3,-0.03,0.29
2024-03-25 17:1:07.7830,-0.15,0.11,-4.25,-0.3,-0.03,0.34
2024-03-25 17:1:07.7930,0.09,0.03,-4.51,-0.33,-0.05,0.39
2024-03-25 17:1:07.8030,0.28,-0.01,-4.68,-0.4,-0.05,0.44
2024-03-25 17:1:07.8130,0.42,-0.09,-4.76,-0.47,-0.03,0.48
2024-03-25 17:1:07.8230,0.63,-0.2,-4.56,-0.52,0.01,0.49
2024-03-25 17:1:07.8330,0.88,-0.17,-4.15,-0.56,0.06,0.48
2024-03-25 17:1:07.8430,1.08,-0.17,-3.72,-0.55,0.1,0.44
2024-03-25 17:1:07.8530,1.29,-0.22,-3.01,-0.49,0.15,0.36
2024-03-25 17:1:07.8630,1.49,-0.34,-2.25,-0.39,0.2,0.28
2024-03-25 17:1:07.8730,1.46,-0.46,-1.51,-0.27,0.2,0.19
2024-03-25 17:1:07.8830,1.48,-0.43,-0.86,-0.18,0.13,0.08
2024-03-25 17:1:07.8930,1.43,-0.3,-0.6,-0.14,0.02,-0.02
2024-03-25 17:1:07.9030,1.31,-0.06,-0.64,-0.16,-0.08,-0.09
2024-03-25 17:1:07.9130,1.1,0.26,-0.65,-0.18,-0.16,-0.13
2024-03-25 17:1:07.9230,0.9,0.61,-0.5,-0.21,-0.17,-0.14
2024-03-25 17:1:07.9330,0.74,0.9,-0.27,-0.23,-0.14,-0.13
2024-03-25 17:1:07.9430,0.59,1.14,0.06,-0.23,-0.07,-0.11
2024-03-25 17:1:07.9530,0.38,1.2,0.67,-0.18,-0.02,-0.11
2024-03-25 17:1:07.9630,0.35,1.19,1.56,-0.11,-0.02,-0.16
2024-03-25 17:1:07.9730,0.41,1.14,2.22,-0.05,-0.07,-0.25
2024-03-25 17:1:07.9830,0.35,1.13,2.67,0.02,-0.14,-0.34
2024-03-25 17:1:07.9930,0.27,1.27,3.16,0.1,-0.21,-0.42
2024-03-25 17:1:08.0030,0.18,1.42,3.4,0.17,-0.24,-0.48
2024-03-25 17:1:08.0130,-0.07,1.57,3.32,0.24,-0.26,-0.51
2024-03-25 17:1:08.0230,-0.2,1.85,3.19,0.29,-0.29,-0.56
2024-03-25 17:1:08.0330,-0.08,2.28,3.0,0.29,-0.27,-0.56
2024-03-25 17:1:08.0430,-0.17,2.72,2.54,0.12,-0.13,-0.43
2024-03-25 17:1:08.0530,-0.77,2.62,1.94,-0.11,0.13,-0.14
2024-03-25 17:1:08.0630,-1.51,1.75,2.47,-0.16,0.38,0.13
2024-03-25 17:1:08.0730,-1.48,0.6,4.35,-0.02,0.5,0.28
2024-03-25 17:1:08.0830,-0.93,-0.74,5.86,0.2,0.34,0.21
2024-03-25 17:1:08.0930,0.09,-1.78,6.27,0.38,-0.01,-0.04
2024-03-25 17:1:08.1030,1.07,-2.27,5.61,0.42,-0.33,-0.3
2024-03-25 17:1:08.1130,1.32,-2.31,4.35,0.39,-0.46,-0.44
2024-03-25 17:1:08.1230,1.17,-2.07,3.31,0.42,-0.38,-0.44
2024-03-25 17:1:08.1330,0.96,-1.66,2.78,0.49,-0.21,-0.36
2024-03-25 17:1:08.1430,0.84,-1.37,2.17,0.49,-0.04,-0.27
2024-03-25 17:1:08.1530,0.87,-1.17,1.09,0.34,0.08,-0.17
2024-03-25 17:1:08.1630,0.87,-1.07,-0.12,0.09,0.13,-0.08
2024-03-25 17:1:08.1730,0.74,-1.16,-0.71,-0.15,0.17,0.04
2024-03-25 17:1:08.1830,0.62,-1.46,-0.56,-0.24,0.17,0.1
2024-03-25 17:1:08.1930,0.74,-2.0,0.09,-0.22,0.09,0.1
2024-03-25 17:1:08.2030,0.93,-2.41,0.3,-0.2,-0.03,0.03
2024-03-25 17:1:08.2130,1.23,-2.57,-0.22,-0.19,-0.2,-0.11
2024-03-25 17:1:08.2230,1.61,-2.45,-0.96,-0.18,-0.33,-0.26
2024-03-25 17:1:08.2330,1.81,-2.11,-1.78,-0.17,-0.37,-0.37
2024-03-25 17:1:08.2430,1.78,-1.66,-2.56,-0.15,-0.33,-0.43
2024-03-25 17:1:08.2530,1.6,-1.27,-3.2,-0.11,-0.22,-0.47
2024-03-25 17:1:08.2630,1.48,-0.9,-3.71,-0.09,-0.1,-0.47
2024-03-25 17:1:08.2730,1.22,-0.61,-4.1,-0.07,0.0,-0.45
2024-03-25 17:1:08.2820,0.99,-0.25,-4.39,-0.09,0.05,-0.39
2024-03-25 17:1:08.2930,0.73,0.05,-4.56,-0.13,0.02,-0.34
2024-03-25 17:1:08.3020,0.7,0.39,-4.61,-0.17,-0.03,-0.29
2024-03-25 17:1:08.3120,0.62,0.5,-4.42,-0.17,-0.08,-0.23
2024-03-25 17:1:08.3230,0.61,0.54,-3.87,-0.16,-0.12,-0.18
2024-03-25 17:1:08.3320,0.62,0.53,-3.65,-0.2,-0.12,-0.1
2024-03-25 17:1:08.3420,0.54,0.44,-3.54,-0.28,-0.15,-0.03
2024-03-25 17:1:08.3530,0.61,0.42,-3.21,-0.34,-0.18,0.02
2024-03-25 17:1:08.3630,0.74,0.51,-2.68,-0.37,-0.18,0.07
2024-03-25 17:1:08.3720,0.87,0.47,-2.05,-0.36,-0.15,0.1
2024-03-25 17:1:08.3820,1.08,0.24,-1.26,-0.24,-0.08,0.08
2024-03-25 17:1:08.3920,1.39,-0.11,-0.15,-0.05,-0.05,-0.02
2024-03-25 17:1:08.4020,1.78,-0.26,0.64,0.08,-0.06,-0.15
2024-03-25 17:1:08.4120,1.91,-0.15,0.57,0.07,-0.06,-0.27
2024-03-25 17:1:08.4220,1.82,0.17,0.16,-0.03,-0.03,-0.34
2024-03-25 17:1:08.4320,1.57,0.6,0.19,-0.12,0.08,-0.33
2024-03-25 17:1:08.4420,1.04,1.0,0.84,-0.16,0.23,-0.25
2024-03-25 17:1:08.4530,0.47,1.26,1.84,-0.15,0.38,-0.16
2024-03-25 17:1:08.4630,0.22,1.23,2.88,-0.09,0.48,-0.14
2024-03-25 17:1:08.4720,0.26,0.87,3.87,0.02,0.49,-0.21
2024-03-25 17:1:08.4820,0.43,0.52,4.93,0.22,0.4,-0.35
2024-03-25 17:1:08.4920,0.58,0.22,5.98,0.49,0.27,-0.54
2024-03-25 17:1:08.5020,0.73,0.16,6.39,0.73,0.18,-0.7
2024-03-25 17:1:08.5120,0.53,0.3,6.07,0.95,0.14,-0.8
2024-03-25 17:1:08.5230,0.31,0.67,5.65,1.14,0.11,-0.88
2024-03-25 17:1:08.5320,0.03,1.39,4.92,1.17,0.12,-0.83
2024-03-25 17:1:08.5420,-0.88,1.96,3.58,1.0,0.18,-0.59
2024-03-25 17:1:08.5520,-2.27,2.18,2.42,0.8,0.23,-0.17
2024-03-25 17:1:08.5620,-3.6,2.13,2.56,0.73,0.21,0.33
2024-03-25 17:1:08.5720,-3.76,1.6,3.36,0.79,0.07,0.63
2024-03-25 17:1:08.5820,-2.76,0.33,3.54,0.88,-0.21,0.7
2024-03-25 17:1:08.5920,-1.66,-0.75,2.76,0.88,-0.47,0.63
2024-03-25 17:1:08.6020,-0.72,-1.59,1.61,0.81,-0.66,0.48
2024-03-25 17:1:08.6120,-0.25,-2.03,0.57,0.66,-0.73,0.37
2024-03-25 17:1:08.6220,-0.42,-2.33,-0.28,0.5,-0.68,0.31
2024-03-25 17:1:08.6320,-0.76,-2.44,-0.7,0.32,-0.49,0.4
2024-03-25 17:1:08.6420,-0.97,-2.38,-0.93,0.19,-0.31,0.47
2024-03-25 17:1:08.6520,-0.93,-2.62,-1.14,0.09,-0.17,0.48
2024-03-25 17:1:08.6620,-0.72,-2.79,-1.52,-0.09,-0.06,0.49
2024-03-25 17:1:08.6720,-0.53,-2.94,-2.24,-0.31,0.02,0.46
2024-03-25 17:1:08.6820,-0.26,-3.02,-2.6,-0.51,0.08,0.41
2024-03-25 17:1:08.6920,-0.15,-3.19,-2.53,-0.63,0.14,0.34
2024-03-25 17:1:08.7020,-0.1,-3.32,-2.29,-0.7,0.18,0.23
2024-03-25 17:1:08.7120,0.13,-3.33,-2.16,-0.69,0.19,0.06
2024-03-25 17:1:08.7220,0.42,-3.13,-2.09,-0.62,0.18,-0.1
2024-03-25 17:1:08.7320,0.45,-2.65,-2.02,-0.49,0.14,-0.21
2024-03-25 17:1:08.7420,0.14,-2.07,-2.13,-0.36,0.1,-0.23
2024-03-25 17:1:08.7530,-0.35,-1.49,-2.47,-0.26,0.07,-0.17
2024-03-25 17:1:08.7620,-0.86,-0.8,-2.97,-0.22,0.03,-0.04
2024-03-25 17:1:08.7720,-1.27,-0.24,-3.66,-0.25,-0.02,0.13
2024-03-25 17:1:08.7820,-1.34,0.27,-4.24,-0.31,-0.1,0.27
2024-03-25 17:1:08.7920,-1.0,0.67,-4.68,-0.4,-0.18,0.35
2024-03-25 17:1:08.8020,-0.39,0.92,-5.11,-0.5,-0.19,0.39
2024-03-25 17:1:08.8120,0.09,1.05,-5.22,-0.54,-0.13,0.4
2024-03-25 17:1:08.8220,0.5,1.18,-4.88,-0.53,0.01,0.39
2024-03-25 17:1:08.8320,0.75,1.19,-4.48,-0.54,0.19,0.39
2024-03-25 17:1:08.8420,0.74,1.13,-4.24,-0.56,0.34,0.41
2024-03-25 17:1:08.8520,0.55,1.01,-3.61,-0.55,0.46,0.46
2024-03-25 17:1:08.8620,0.16,0.89,-2.66,-0.52,0.55,0.56
2024-03-25 17:1:08.8720,-0.23,0.86,-1.87,-0.52,0.6,0.68
2024-03-25 17:1:08.8820,-0.43,0.75,-1.23,-0.5,0.57,0.74
2024-03-25 17:1:08.8920,-0.19,0.6,-0.33,-0.45,0.45,0.69
2024-03-25 17:1:08.9020,0.45,0.55,0.59,-0.38,0.27,0.54
2024-03-25 17:1:08.9120,0.96,0.45,1.34,-0.29,0.07,0.34
2024-03-25 17:1:08.9220,1.22,0.48,1.95,-0.21,-0.09,0.16
2024-03-25 17:1:08.9320,1.21,0.57,2.28,-0.15,-0.18,0.03
2024-03-25 17:1:08.9420,1.0,0.71,2.43,-0.11,-0.18,-0.04
2024-03-25 17:1:08.9520,0.57,0.92,2.58,-0.08,-0.13,-0.01
2024-03-25 17:1:08.9620,0.06,1.14,2.81,-0.07,-0.09,0.03
2024-03-25 17:1:08.9720,-0.1,1.32,3.11,-0.05,-0.12,0.04
2024-03-25 17:1:08.9820,-0.03,1.35,3.46,-0.03,-0.17,-0.03
2024-03-25 17:1:08.9920,0.21,1.29,3.78,0.01,-0.25,-0.14
2024-03-25 17:1:09.0020,0.44,1.22,4.18,0.11,-0.31,-0.3
2024-03-25 17:1:09.0120,0.63,1.4,4.54,0.22,-0.34,-0.43
2024-03-25 17:1:09.0220,0.68,1.73,4.55,0.31,-0.33,-0.5
2024-03-25 17:1:09.0320,0.63,2.01,4.29,0.3,-0.24,-0.47
2024-03-25 17:1:09.0420,0.23,1.95,3.79,0.24,-0.13,-0.35
2024-03-25 17:1:09.0520,-0.27,1.56,3.6,0.21,-0.06,-0.19
2024-03-25 17:1:09.0620,-0.72,0.73,3.96,0.28,-0.1,-0.1
2024-03-25 17:1:09.0720,-0.5,-0.06,4.47,0.35,-0.26,-0.16
2024-03-25 17:1:09.0820,0.17,-0.82,4.04,0.38,-0.44,-0.31
2024-03-25 17:1:09.0920,0.64,-1.2,3.31,0.46,-0.56,-0.45
2024-03-25 17:1:09.1020,0.7,-1.23,3.03,0.65,-0.66,-0.5
2024-03-25 17:1:09.1120,0.58,-1.23,2.93,0.86,-0.75,-0.54
2024-03-25 17:1:09.1220,0.79,-1.25,1.88,0.91,-0.74,-0.52
2024-03-25 17:1:09.1320,1.01,-1.33,0.05,0.82,-0.65,-0.47
2024-03-25 17:1:09.1420,1.06,-1.35,-1.36,0.66,-0.52,-0.37
2024-03-25 17:1:09.1520,0.96,-1.42,-2.05,0.48,-0.33,-0.28
2024-03-25 17:1:09.1620,1.08,-1.54,-2.3,0.29,-0.14,-0.22
2024-03-25 17:1:09.1720,1.17,-1.71,-2.36,0.08,0.02,-0.18
2024-03-25 17:1:09.1820,1.06,-1.96,-2.44,-0.16,0.13,-0.16
2024-03-25 17:1:09.1920,0.87,-2.28,-2.43,-0.38,0.18,-0.16
2024-03-25 17:1:09.2020,0.67,-2.61,-2.09,-0.5,0.18,-0.18
2024-03-25 17:1:09.2120,0.63,-2.76,-1.57,-0.54,0.17,-0.23
2024-03-25 17:1:09.2220,0.77,-2.69,-1.34,-0.54,0.16,-0.29
2024-03-25 17:1:09.2320,1.05,-2.4,-1.48,-0.53,0.17,-0.41
2024-03-25 17:1:09.2420,1.44,-2.03,-1.86,-0.54,0.22,-0.57
2024-03-25 17:1:09.2520,1.65,-1.54,-2.22,-0.55,0.3,-0.7
2024-03-25 17:1:09.2620,1.49,-0.81,-2.51,-0.58,0.4,-0.74
2024-03-25 17:1:09.2720,1.03,0.02,-2.78,-0.62,0.5,-0.71
2024-03-25 17:1:09.2820,0.66,0.8,-3.01,-0.66,0.63,-0.61
2024-03-25 17:1:09.2920,0.32,1.39,-3.07,-0.65,0.71,-0.44
2024-03-25 17:1:09.3020,-0.17,2.0,-2.84,-0.62,0.69,-0.28
2024-03-25 17:1:09.3120,-0.29,2.35,-2.91,-0.6,0.57,-0.2
2024-03-25 17:1:09.3220,-0.08,2.2,-2.99,-0.54,0.36,-0.25
2024-03-25 17:1:09.3320,0.27,1.61,-2.47,-0.42,0.12,-0.45
2024-03-25 17:1:09.3430,0.55,1.12,-1.93,-0.37,-0.05,-0.65
2024-03-25 17:1:09.3520,0.37,0.95,-1.75,-0.34,-0.12,-0.72
2024-03-25 17:1:09.3620,-0.27,1.12,-1.24,-0.25,-0.04,-0.63
2024-03-25 17:1:09.3720,-0.92,1.45,-0.37,-0.11,0.1,-0.42
2024-03-25 17:1:09.3820,-1.25,1.59,0.35,0.03,0.28,-0.2
2024-03-25 17:1:09.3920,-1.01,1.51,0.72,0.09,0.44,-0.06
2024-03-25 17:1:09.4020,-0.32,1.13,0.62,0.07,0.52,-0.02
2024-03-25 17:1:09.4120,0.23,0.5,0.84,0.11,0.45,-0.1
2024-03-25 17:1:09.4220,0.48,-0.14,1.74,0.21,0.3,-0.21
2024-03-25 17:1:09.4320,0.42,-0.57,2.54,0.35,0.12,-0.33
2024-03-25 17:1:09.4420,0.34,-0.73,2.7,0.42,0.05,-0.4
2024-03-25 17:1:09.4520,0.19,-0.71,2.01,0.38,0.11,-0.39
2024-03-25 17:1:09.4620,-0.19,-0.59,1.19,0.25,0.23,-0.3
2024-03-25 17:1:09.4720,-0.65,-0.42,0.78,0.07,0.37,-0.16
2024-03-25 17:1:09.4820,-0.86,-0.38,0.79,-0.08,0.5,-0.05
2024-03-25 17:1:09.4920,-0.86,-0.54,1.36,-0.15,0.57,-0.03
2024-03-25 17:1:09.5020,-0.64,-0.84,2.25,-0.11,0.58,-0.13
2024-03-25 17:1:09.5120,-0.44,-1.1,3.16,0.03,0.5,-0.29
2024-03-25 17:1:09.5220,-0.43,-0.99,3.88,0.2,0.4,-0.45
2024-03-25 17:1:09.5320,-0.58,-0.45,3.89,0.31,0.3,-0.55
2024-03-25 17:1:09.5420,-0.94,0.46,3.27,0.31,0.2,-0.54
2024-03-25 17:1:09.5520,-1.74,1.32,2.33,0.15,0.17,-0.37
2024-03-25 17:1:09.5620,-2.71,1.71,1.23,-0.15,0.26,-0.04
2024-03-25 17:1:09.5720,-3.12,1.72,0.86,-0.32,0.37,0.36
2024-03-25 17:1:09.5820,-2.81,1.33,1.8,-0.28,0.44,0.66
2024-03-25 17:1:09.5920,-1.88,0.15,2.84,-0.2,0.44,0.71
2024-03-25 17:1:09.6020,-0.57,-1.29,2.79,-0.18,0.4,0.6
2024-03-25 17:1:09.6120,0.23,-2.33,2.28,-0.24,0.38,0.43
2024-03-25 17:1:09.6220,0.43,-3.04,2.05,-0.28,0.4,0.28
2024-03-25 17:1:09.6320,0.02,-3.65,2.35,-0.19,0.43,0.2
2024-03-25 17:1:09.6420,-0.49,-3.98,3.06,0.05,0.41,0.13
2024-03-25 17:1:09.6520,-0.55,-4.02,3.31,0.3,0.3,0.01
2024-03-25 17:1:09.6620,-0.29,-3.8,2.43,0.45,0.19,-0.13
2024-03-25 17:1:09.6720,-0.16,-3.34,0.64,0.47,0.12,-0.22
2024-03-25 17:1:09.6820,-0.26,-2.83,-1.25,0.43,0.09,-0.26
2024-03-25 17:1:09.6920,-0.37,-2.22,-2.5,0.36,0.06,-0.24
2024-03-25 17:1:09.7020,-0.66,-1.59,-3.35,0.25,-0.0,-0.14
2024-03-25 17:1:09.7120,-0.95,-1.02,-4.03,0.1,-0.11,-0.01
2024-03-25 17:1:09.7220,-1.13,-0.64,-4.54,-0.06,-0.25,0.11
2024-03-25 17:1:09.7320,-1.03,-0.34,-4.75,-0.18,-0.35,0.22
2024-03-25 17:1:09.7420,-0.8,-0.16,-4.69,-0.24,-0.4,0.31
2024-03-25 17:1:09.7520,-0.56,-0.01,-4.47,-0.25,-0.39,0.39
2024-03-25 17:1:09.7620,-0.33,0.04,-4.19,-0.19,-0.36,0.45
2024-03-25 17:1:09.7720,-0.11,0.0,-3.76,-0.11,-0.33,0.45
2024-03-25 17:1:09.7820,0.22,0.01,-3.5,-0.06,-0.35,0.43
2024-03-25 17:1:09.7920,0.34,0.13,-3.54,-0.08,-0.41,0.42
2024-03-25 17:1:09.8020,0.29,0.31,-3.7,-0.14,-0.46,0.42
2024-03-25 17:1:09.8120,0.22,0.47,-3.59,-0.19,-0.48,0.45
2024-03-25 17:1:09.8220,0.15,0.55,-3.24,-0.2,-0.46,0.5
2024-03-25 17:1:09.8320,0.14,0.58,-2.66,-0.17,-0.43,0.55
2024-03-25 17:1:09.8420,0.27,0.65,-2.11,-0.16,-0.42,0.55
2024-03-25 17:1:09.8520,0.44,0.69,-1.78,-0.15,-0.41,0.49
2024-03-25 17:1:09.8610,0.62,0.71,-1.41,-0.17,-0.38,0.4
2024-03-25 17:1:09.8710,0.64,0.7,-1.11,-0.18,-0.31,0.32
2024-03-25 17:1:09.8810,0.5,0.71,-0.59,-0.1,-0.21,0.27
2024-03-25 17:1:09.8910,0.39,0.82,0.3,0.04,-0.15,0.21
2024-03-25 17:1:09.9020,0.4,1.01,0.8,0.13,-0.16,0.14
2024-03-25 17:1:09.9110,0.44,1.15,0.58,0.14,-0.22,0.06
2024-03-25 17:1:09.9210,0.53,1.31,0.3,0.14,-0.26,-0.03
2024-03-25 17:1:09.9310,0.57,1.5,0.36,0.15,-0.23,-0.09
2024-03-25 17:1:09.9410,0.54,1.6,0.64,0.2,-0.14,-0.13
2024-03-25 17:1:09.9520,0.57,1.51,1.12,0.27,0.01,-0.16
2024-03-25 17:1:09.9610,0.78,1.17,2.04,0.46,0.22,-0.19
2024-03-25 17:1:09.9710,1.22,0.5,3.71,0.76,0.43,-0.29
2024-03-25 17:1:09.9810,1.89,-0.09,5.19,1.03,0.48,-0.51
2024-03-25 17:1:09.9910,2.36,-0.51,5.47,1.21,0.36,-0.77
2024-03-25 17:1:10.0010,2.07,-0.56,5.26,1.29,0.05,-0.99
2024-03-25 17:1:10.0110,1.51,-0.1,4.81,1.27,-0.34,-1.17
2024-03-25 17:1:10.0220,0.98,0.29,4.06,1.21,-0.74,-1.31
2024-03-25 17:1:10.0320,0.5,0.59,3.35,1.15,-1.03,-1.36
2024-03-25 17:1:10.0410,0.32,1.11,2.77,1.12,-1.19,-1.36
2024-03-25 17:1:10.0510,0.43,1.54,1.97,1.05,-1.16,-1.34
2024-03-25 17:1:10.0610,0.56,1.97,0.99,0.93,-0.78,-1.19
2024-03-25 17:1:10.0710,0.1,2.22,0.25,0.87,-0.21,-0.94
2024-03-25 17:1:10.0810,-0.41,2.17,0.27,0.71,0.22,-0.65
2024-03-25 17:1:10.0910,-0.94,1.29,0.41,0.61,0.29,-0.45
2024-03-25 17:1:10.1010,-1.1,0.16,1.24,0.57,0.07,-0.39
2024-03-25 17:1:10.1110,-0.75,-0.84,1.75,0.48,-0.3,-0.43
2024-03-25 17:1:10.1210,-0.19,-1.42,1.46,0.36,-0.64,-0.48
2024-03-25 17:1:10.1310,0.28,-1.59,1.08,0.25,-0.86,-0.48
2024-03-25 17:1:10.1410,0.55,-1.5,0.78,0.17,-0.88,-0.42
2024-03-25 17:1:10.1510,0.73,-1.49,0.45,0.09,-0.79,-0.34
2024-03-25 17:1:10.1610,0.91,-1.57,-0.01,-0.0,-0.61,-0.25
2024-03-25 17:1:10.1710,1.09,-1.66,-0.44,-0.1,-0.38,-0.17
2024-03-25 17:1:10.1810,1.06,-1.88,-0.64,-0.21,-0.2,-0.12
2024-03-25 17:1:10.1910,0.94,-2.1,-0.78,-0.36,-0.11,-0.08
2024-03-25 17:1:10.2010,0.68,-2.34,-0.95,-0.51,-0.05,-0.04
2024-03-25 17:1:10.2110,0.46,-2.65,-0.89,-0.61,-0.05,-0.03
2024-03-25 17:1:10.2210,0.4,-2.85,-0.66,-0.66,-0.08,-0.07
2024-03-25 17:1:10.2310,0.59,-2.77,-0.6,-0.66,-0.15,-0.14
2024-03-25 17:1:10.2410,0.75,-2.27,-0.7,-0.62,-0.22,-0.19
2024-03-25 17:1:10.2510,0.78,-1.69,-0.99,-0.58,-0.25,-0.24
2024-03-25 17:1:10.2610,0.85,-1.27,-1.48,-0.54,-0.26,-0.29
2024-03-25 17:1:10.2710,0.91,-0.9,-2.13,-0.5,-0.26,-0.34
2024-03-25 17:1:10.2810,0.96,-0.54,-2.65,-0.5,-0.2,-0.37
2024-03-25 17:1:10.2910,0.92,-0.18,-3.15,-0.47,-0.13,-0.39
2024-03-25 17:1:10.3010,0.88,0.11,-3.34,-0.41,-0.08,-0.41
2024-03-25 17:1:10.3110,0.8,0.35,-3.42,-0.37,-0.01,-0.42
2024-03-25 17:1:10.3210,0.71,0.49,-3.58,-0.33,0.05,-0.39
2024-03-25 17:1:10.3310,0.52,0.63,-3.55,-0.31,0.12,-0.34
2024-03-25 17:1:10.3410,0.35,0.8,-3.4,-0.32,0.16,-0.25
2024-03-25 17:1:10.3510,0.08,0.9,-3.26,-0.36,0.17,-0.12
2024-03-25 17:1:10.3610,-0.17,1.0,-3.04,-0.44,0.12,0.0
2024-03-25 17:1:10.3710,-0.19,1.02,-2.74,-0.51,0.06,0.11
2024-03-25 17:1:10.3810,-0.13,0.91,-2.27,-0.51,0.02,0.18
2024-03-25 17:1:10.3910,0.06,0.61,-1.45,-0.44,-0.03,0.2
2024-03-25 17:1:10.4010,0.26,0.3,-0.67,-0.34,-0.05,0.19
2024-03-25 17:1:10.4110,0.38,0.02,-0.29,-0.25,-0.09,0.17
2024-03-25 17:1:10.4210,0.43,-0.09,-0.22,-0.21,-0.15,0.14
2024-03-25 17:1:10.4310,0.38,-0.06,-0.5,-0.27,-0.26,0.13
2024-03-25 17:1:10.4410,0.34,0.14,-0.89,-0.37,-0.38,0.13
2024-03-25 17:1:10.4510,0.44,0.5,-0.98,-0.48,-0.46,0.15
2024-03-25 17:1:10.4610,0.55,0.74,-0.72,-0.51,-0.44,0.16
2024-03-25 17:1:10.4710,0.87,0.96,-0.1,-0.47,-0.32,0.15
2024-03-25 17:1:10.4810,1.27,1.12,0.5,-0.4,-0.13,0.11
2024-03-25 17:1:10.4910,1.64,1.27,0.97,-0.32,0.12,0.02
2024-03-25 17:1:10.5010,1.82,1.35,1.25,-0.32,0.35,-0.1
2024-03-25 17:1:10.5110,1.7,1.3,1.4,-0.37,0.5,-0.15
2024-03-25 17:1:10.5210,1.03,1.14,2.08,-0.37,0.54,-0.13
2024-03-25 17:1:10.5310,0.46,1.07,3.5,-0.24,0.51,-0.11
2024-03-25 17:1:10.5410,0.35,0.9,4.99,-0.02,0.39,-0.14
2024-03-25 17:1:10.5510,0.62,0.76,5.86,0.23,0.21,-0.25
2024-03-25 17:1:10.5610,1.17,0.78,5.88,0.47,0.04,-0.43
2024-03-25 17:1:10.5710,1.7,0.91,5.33,0.68,-0.11,-0.61
2024-03-25 17:1:10.5810,1.97,1.25,4.55,0.78,-0.15,-0.71
2024-03-25 17:1:10.5910,1.68,1.61,3.4,0.74,-0.12,-0.7
2024-03-25 17:1:10.6010,1.01,1.76,2.48,0.72,-0.01,-0.56
2024-03-25 17:1:10.6110,0.36,1.7,2.58,0.82,0.19,-0.31
2024-03-25 17:1:10.6210,0.11,1.2,3.13,0.96,0.32,-0.12
2024-03-25 17:1:10.6310,0.35,0.11,3.06,0.99,0.29,-0.07
2024-03-25 17:1:10.6410,0.63,-1.18,2.14,0.9,0.11,-0.08
2024-03-25 17:1:10.6510,0.55,-2.03,1.38,0.73,-0.08,-0.12
2024-03-25 17:1:10.6610,0.43,-2.58,0.89,0.54,-0.2,-0.15
2024-03-25 17:1:10.6710,0.14,-3.02,0.67,0.36,-0.24,-0.14
2024-03-25 17:1:10.6810,-0.22,-3.23,0.57,0.2,-0.18,-0.08
2024-03-25 17:1:10.6910,-0.62,-3.35,0.51,0.06,-0.08,0.01
2024-03-25 17:1:10.7010,-0.96,-3.35,0.53,-0.08,0.01,0.1
2024-03-25 17:1:10.7110,-0.93,-3.25,0.46,-0.21,0.07,0.1
2024-03-25 17:1:10.7210,-0.6,-3.1,0.17,-0.32,0.06,0.02
2024-03-25 17:1:10.7310,-0.29,-2.78,-0.17,-0.4,0.01,-0.09
2024-03-25 17:1:10.7410,-0.18,-2.26,-0.53,-0.44,-0.02,-0.16
2024-03-25 17:1:10.7510,-0.26,-1.65,-0.94,-0.45,-0.01,-0.2
2024-03-25 17:1:10.7610,-0.29,-1.05,-1.4,-0.44,0.03,-0.21
2024-03-25 17:1:10.7710,-0.27,-0.54,-1.95,-0.43,0.03,-0.2
2024-03-25 17:1:10.7810,-0.28,-0.21,-2.52,-0.43,0.08,-0.15
2024-03-25 17:1:10.7910,-0.35,0.14,-2.88,-0.38,0.09,-0.08
2024-03-25 17:1:10.8010,-0.38,0.37,-2.93,-0.29,0.08,-0.02
2024-03-25 17:1:10.8110,-0.34,0.41,-2.88,-0.18,0.06,0.02
2024-03-25 17:1:10.8210,-0.12,0.38,-3.01,-0.11,0.01,0.01
2024-03-25 17:1:10.8310,0.16,0.28,-3.36,-0.07,-0.05,-0.02
2024-03-25 17:1:10.8410,0.41,0.26,-3.73,-0.06,-0.07,-0.06
2024-03-25 17:1:10.8510,0.58,0.2,-3.93,-0.04,-0.05,-0.11
2024-03-25 17:1:10.8610,0.81,0.16,-3.86,-0.01,-0.01,-0.14
2024-03-25 17:1:10.8710,0.88,0.19,-3.8,0.01,0.04,-0.15
2024-03-25 17:1:10.8810,0.88,0.25,-3.71,0.03,0.06,-0.16
2024-03-25 17:1:10.8910,0.99,0.3,-3.64,0.01,0.07,-0.17
2024-03-25 17:1:10.9010,1.03,0.31,-3.54,-0.04,0.09,-0.14
2024-03-25 17:1:10.9110,0.97,0.34,-3.16,-0.07,0.1,-0.13
2024-03-25 17:1:10.9210,1.04,0.44,-2.53,-0.07,0.1,-0.13
2024-03-25 17:1:10.9310,1.18,0.54,-1.82,-0.04,0.08,-0.16
2024-03-25 17:1:10.9410,1.52,0.66,-1.1,0.03,0.01,-0.25
2024-03-25 17:1:10.9510,2.07,0.84,-0.33,0.09,-0.11,-0.41
2024-03-25 17:1:10.9610,2.6,1.04,0.21,0.09,-0.25,-0.56
2024-03-25 17:1:10.9710,2.6,1.29,0.49,0.05,-0.35,-0.62
2024-03-25 17:1:10.9810,2.15,1.49,0.93,0.03,-0.36,-0.59
2024-03-25 17:1:10.9910,1.54,1.6,1.67,0.05,-0.27,-0.49
2024-03-25 17:1:11.0010,1.13,1.53,2.4,0.08,-0.15,-0.38
2024-03-25 17:1:11.0110,0.97,1.3,3.0,0.12,-0.1,-0.34
2024-03-25 17:1:11.0210,1.07,0.74,3.78,0.21,-0.21,-0.44
2024-03-25 17:1:11.0310,1.48,0.05,4.59,0.37,-0.46,-0.71
2024-03-25 17:1:11.0410,2.07,-0.57,5.17,0.57,-0.73,-1.08
2024-03-25 17:1:11.0510,2.33,-0.94,5.33,0.76,-0.93,-1.43
2024-03-25 17:1:11.0610,1.96,-0.93,4.85,0.91,-1.0,-1.72
2024-03-25 17:1:11.0710,1.59,-0.5,3.99,1.04,-0.97,-1.93
2024-03-25 17:1:11.0810,0.89,0.28,3.21,1.13,-0.73,-1.92
2024-03-25 17:1:11.0910,-0.17,1.33,2.38,1.12,-0.45,-1.72
2024-03-25 17:1:11.1010,-1.52,1.68,1.36,0.98,-0.13,-1.33
2024-03-25 17:1:11.1110,-2.66,1.6,0.63,0.76,0.13,-0.84
2024-03-25 17:1:11.1210,-3.0,0.62,0.36,0.59,0.26,-0.52
2024-03-25 17:1:11.1310,-2.27,-0.7,0.7,0.49,0.21,-0.41
2024-03-25 17:1:11.1410,-1.41,-2.02,1.04,0.41,0.01,-0.45
2024-03-25 17:1:11.1510,-0.5,-2.9,1.23,0.32,-0.23,-0.61
2024-03-25 17:1:11.1610,0.22,-3.3,1.17,0.22,-0.34,-0.73
2024-03-25 17:1:11.1710,0.16,-3.43,1.02,0.15,-0.27,-0.72
2024-03-25 17:1:11.1810,-0.3,-3.25,0.94,0.07,-0.16,-0.64
2024-03-25 17:1:11.1910,-0.56,-2.97,0.68,-0.07,-0.03,-0.52
2024-03-25 17:1:11.2010,-0.71,-2.73,0.28,-0.24,0.09,-0.38
2024-03-25 17:1:11.2110,-0.71,-2.55,-0.06,-0.43,0.18,-0.26
2024-03-25 17:1:11.2210,-0.59,-2.47,-0.26,-0.58,0.22,-0.18
2024-03-25 17:1:11.2310,-0.3,-2.34,-0.27,-0.69,0.19,-0.18
2024-03-25 17:1:11.2410,0.1,-2.18,-0.15,-0.7,0.11,-0.23
2024-03-25 17:1:11.2510,0.5,-1.94,-0.02,-0.67,-0.0,-0.31
2024-03-25 17:1:11.2610,0.74,-1.67,-0.27,-0.64,-0.12,-0.41
2024-03-25 17:1:11.2710,0.94,-1.35,-0.8,-0.6,-0.19,-0.5
2024-03-25 17:1:11.2810,1.13,-0.9,-1.36,-0.54,-0.17,-0.57
2024-03-25 17:1:11.2910,1.18,-0.44,-1.8,-0.46,-0.09,-0.61
2024-03-25 17:1:11.3010,1.11,-0.02,-2.12,-0.36,0.02,-0.62
2024-03-25 17:1:11.3110,1.03,0.34,-2.45,-0.28,0.14,-0.6
2024-03-25 17:1:11.3210,0.88,0.64,-2.7,-0.18,0.21,-0.56
2024-03-25 17:1:11.3310,0.72,0.92,-2.84,-0.11,0.23,-0.51
2024-03-25 17:1:11.3410,0.65,1.07,-2.99,-0.08,0.19,-0.46
2024-03-25 17:1:11.3510,0.61,1.17,-3.21,-0.08,0.12,-0.39
2024-03-25 17:1:11.3610,0.49,1.24,-3.32,-0.09,0.06,-0.29
2024-03-25 17:1:11.3710,0.43,1.19,-3.11,-0.08,0.01,-0.2
2024-03-25 17:1:11.3810,0.49,1.05,-2.83,-0.08,0.0,-0.1
2024-03-25 17:1:11.3910,0.53,0.77,-2.69,-0.06,0.02,-0.03
2024-03-25 17:1:11.4010,0.62,0.42,-2.3,-0.04,0.0,-0.01
2024-03-25 17:1:11.4110,0.87,0.13,-2.01,-0.06,-0.02,-0.03
2024-03-25 17:1:11.4210,0.99,-0.14,-1.96,-0.11,-0.08,-0.06
2024-03-25 17:1:11.4310,0.97,-0.23,-1.71,-0.13,-0.15,-0.1
2024-03-25 17:1:11.4410,0.89,-0.3,-1.32,-0.14,-0.2,-0.13
2024-03-25 17:1:11.4530,0.87,-0.26,-0.86,-0.14,-0.18,-0.18
2024-03-25 17:1:11.4610,1.07,-0.11,-0.64,-0.18,-0.07,-0.25
2024-03-25 17:1:11.4710,1.3,0.08,-0.54,-0.24,0.11,-0.33
2024-03-25 17:1:11.4830,1.42,0.36,-0.15,-0.28,0.35,-0.41
2024-03-25 17:1:11.4920,1.28,0.59,0.56,-0.27,0.65,-0.45
2024-03-25 17:1:11.5030,0.88,0.69,1.77,-0.18,0.92,-0.48
2024-03-25 17:1:11.5110,0.4,0.78,3.12,-0.07,1.08,-0.52
2024-03-25 17:1:11.5200,0.04,0.87,4.08,0.02,1.11,-0.59
2024-03-25 17:1:11.5300,-0.22,0.99,4.66,0.11,1.02,-0.66
2024-03-25 17:1:11.5400,-0.62,1.11,5.19,0.28,0.82,-0.69
2024-03-25 17:1:11.5500,-1.05,1.36,5.74,0.44,0.58,-0.65
2024-03-25 17:1:11.5600,-1.53,1.76,5.61,0.58,0.37,-0.55
2024-03-25 17:1:11.5700,-1.7,2.16,5.11,0.69,0.23,-0.45
2024-03-25 17:1:11.5800,-1.57,2.72,4.35,0.72,0.22,-0.36
2024-03-25 17:1:11.5900,-1.25,2.84,3.47,0.67,0.3,-0.25
2024-03-25 17:1:11.6000,-1.22,2.74,2.88,0.58,0.45,-0.01
2024-03-25 17:1:11.6100,-1.88,2.02,2.8,0.57,0.55,0.34
2024-03-25 17:1:11.6200,-2.14,1.1,3.51,0.65,0.42,0.57
2024-03-25 17:1:11.6300,-1.49,-0.25,3.72,0.66,0.04,0.61
2024-03-25 17:1:11.6400,-0.39,-1.52,2.75,0.54,-0.39,0.54
2024-03-25 17:1:11.6500,0.48,-2.16,1.4,0.3,-0.69,0.48
2024-03-25 17:1:11.6600,0.84,-2.56,0.31,0.05,-0.76,0.46
2024-03-25 17:1:11.6710,1.1,-2.88,0.1,-0.07,-0.61,0.45
2024-03-25 17:1:11.6800,1.3,-3.38,0.52,-0.05,-0.35,0.4
2024-03-25 17:1:11.6900,1.44,-4.01,0.98,0.05,-0.07,0.28
2024-03-25 17:1:11.7000,1.57,-4.48,1.08,0.14,0.11,0.09
2024-03-25 17:1:11.7100,1.47,-4.61,0.69,0.18,0.1,-0.12
2024-03-25 17:1:11.7200,1.09,-4.34,0.01,0.18,-0.03,-0.28
2024-03-25 17:1:11.7310,0.52,-3.77,-0.79,0.16,-0.19,-0.36
2024-03-25 17:1:11.7400,0.05,-2.86,-1.74,0.08,-0.33,-0.39
2024-03-25 17:1:11.7510,-0.14,-2.05,-2.88,-0.02,-0.43,-0.36
2024-03-25 17:1:11.7600,-0.23,-1.33,-3.72,-0.08,-0.46,-0.27
2024-03-25 17:1:11.7700,-0.31,-0.73,-4.05,-0.12,-0.42,-0.16
2024-03-25 17:1:11.7800,-0.3,-0.26,-4.4,-0.16,-0.32,-0.02
2024-03-25 17:1:11.7900,-0.23,-0.02,-4.79,-0.21,-0.22,0.09
2024-03-25 17:1:11.8000,-0.07,0.09,-4.95,-0.24,-0.16,0.17
2024-03-25 17:1:11.8100,0.11,0.06,-4.86,-0.23,-0.13,0.22
2024-03-25 17:1:11.8200,0.28,-0.02,-4.67,-0.19,-0.11,0.24
2024-03-25 17:1:11.8300,0.34,-0.12,-4.4,-0.15,-0.13,0.24
2024-03-25 17:1:11.8400,0.43,-0.07,-4.24,-0.17,-0.18,0.25
2024-03-25 17:1:11.8500,0.46,0.03,-4.48,-0.29,-0.21,0.26
2024-03-25 17:1:11.8600,0.43,0.13,-4.63,-0.43,-0.22,0.28
2024-03-25 17:1:11.8700,0.42,0.17,-4.34,-0.53,-0.17,0.3
2024-03-25 17:1:11.8800,0.41,0.22,-3.62,-0.56,-0.04,0.33
2024-03-25 17:1:11.8900,0.35,0.2,-2.6,-0.5,0.1,0.32
2024-03-25 17:1:11.9000,0.58,0.04,-1.6,-0.39,0.2,0.23
2024-03-25 17:1:11.9100,0.84,-0.12,-0.77,-0.29,0.25,0.09
2024-03-25 17:1:11.9200,0.89,-0.24,-0.11,-0.18,0.21,-0.08
2024-03-25 17:1:11.9300,0.84,-0.16,0.55,-0.07,0.12,-0.25
2024-03-25 17:1:11.9400,0.66,0.07,1.07,0.02,0.04,-0.38
2024-03-25 17:1:11.9500,0.29,0.47,1.35,0.09,-0.01,-0.43
2024-03-25 17:1:11.9600,-0.05,0.94,1.56,0.12,-0.0,-0.42
2024-03-25 17:1:11.9700,-0.35,1.35,1.61,0.11,0.03,-0.37
2024-03-25 17:1:11.9800,-0.65,1.67,1.76,0.09,0.07,-0.3
2024-03-25 17:1:11.9900,-0.8,1.88,2.04,0.07,0.05,-0.25
2024-03-25 17:1:12.0000,-0.79,1.97,2.41,0.07,-0.01,-0.25
2024-03-25 17:1:12.0100,-0.69,1.97,2.78,0.11,-0.11,-0.27
2024-03-25 17:1:12.0200,-0.54,1.88,3.07,0.17,-0.2,-0.33
2024-03-25 17:1:12.0300,-0.34,1.78,3.28,0.3,-0.31,-0.43
2024-03-25 17:1:12.0400,-0.11,1.71,3.48,0.46,-0.39,-0.56
2024-03-25 17:1:12.0500,0.1,1.74,3.36,0.61,-0.47,-0.7
2024-03-25 17:1:12.0600,0.42,2.0,2.89,0.7,-0.53,-0.83
2024-03-25 17:1:12.0700,0.65,2.53,2.2,0.68,-0.48,-0.83
2024-03-25 17:1:12.0800,0.35,3.04,1.47,0.51,-0.28,-0.62
2024-03-25 17:1:12.0900,-0.23,2.83,1.02,0.33,0.04,-0.26
2024-03-25 17:1:12.1000,-0.6,1.79,1.53,0.27,0.31,0.07
2024-03-25 17:1:12.1100,-0.16,0.49,2.52,0.24,0.4,0.22
2024-03-25 17:1:12.1200,0.68,-0.8,2.92,0.17,0.3,0.2
2024-03-25 17:1:12.1300,1.5,-1.7,2.73,0.06,0.08,0.04
2024-03-25 17:1:12.1400,2.13,-2.39,2.61,-0.02,-0.1,-0.13
2024-03-25 17:1:12.1500,2.23,-2.8,2.91,0.02,-0.17,-0.22
2024-03-25 17:1:12.1600,1.93,-3.11,3.42,0.16,-0.15,-0.27
2024-03-25 17:1:12.1700,1.72,-3.24,3.41,0.27,-0.13,-0.32
2024-03-25 17:1:12.1800,1.63,-3.14,2.39,0.22,-0.12,-0.34
2024-03-25 17:1:12.1900,1.46,-2.84,0.83,0.05,-0.17,-0.33
2024-03-25 17:1:12.2000,1.15,-2.49,-0.41,-0.15,-0.22,-0.29
2024-03-25 17:1:12.2100,0.97,-2.29,-1.13,-0.29,-0.24,-0.25
2024-03-25 17:1:12.2200,1.1,-2.13,-1.42,-0.36,-0.26,-0.26
2024-03-25 17:1:12.2300,1.5,-1.89,-1.64,-0.39,-0.26,-0.32
2024-03-25 17:1:12.2400,1.86,-1.64,-1.97,-0.39,-0.25,-0.4
2024-03-25 17:1:12.2500,2.03,-1.43,-2.34,-0.37,-0.22,-0.48
2024-03-25 17:1:12.2600,2.03,-1.24,-2.6,-0.34,-0.18,-0.56
2024-03-25 17:1:12.2700,1.93,-0.96,-2.93,-0.33,-0.14,-0.61
2024-03-25 17:1:12.2800,1.83,-0.68,-3.3,-0.3,-0.11,-0.66
2024-03-25 17:1:12.2900,1.74,-0.39,-3.49,-0.29,-0.08,-0.69
2024-03-25 17:1:12.3000,1.59,-0.12,-3.74,-0.29,-0.06,-0.69
2024-03-25 17:1:12.3100,1.4,0.11,-3.93,-0.28,-0.02,-0.66
2024-03-25 17:1:12.3200,1.15,0.31,-3.95,-0.26,0.02,-0.6
2024-03-25 17:1:12.3300,0.97,0.44,-3.79,-0.24,0.05,-0.53
2024-03-25 17:1:12.3400,0.92,0.42,-3.61,-0.24,0.08,-0.47
2024-03-25 17:1:12.3500,0.88,0.32,-3.52,-0.25,0.09,-0.41
2024-03-25 17:1:12.3600,0.81,0.09,-3.21,-0.24,0.06,-0.39
2024-03-25 17:1:12.3700,0.92,-0.06,-2.6,-0.24,-0.02,-0.4
2024-03-25 17:1:12.3800,1.07,-0.11,-2.34,-0.3,-0.11,-0.41
2024-03-25 17:1:12.3900,1.14,-0.05,-2.16,-0.36,-0.21,-0.43
2024-03-25 17:1:12.4000,1.16,0.06,-1.73,-0.39,-0.23,-0.41
2024-03-25 17:1:12.4100,0.98,0.11,-0.98,-0.36,-0.18,-0.35
2024-03-25 17:1:12.4200,0.87,0.25,-0.17,-0.31,-0.12,-0.3
2024-03-25 17:1:12.4300,0.99,0.39,0.34,-0.28,-0.11,-0.3
2024-03-25 17:1:12.4400,1.16,0.53,0.52,-0.29,-0.13,-0.34
2024-03-25 17:1:12.4500,1.3,0.69,0.6,-0.31,-0.15,-0.42
2024-03-25 17:1:12.4600,1.46,0.86,0.95,-0.3,-0.1,-0.52
2024-03-25 17:1:12.4700,1.57,1.09,1.42,-0.28,0.01,-0.59
2024-03-25 17:1:12.4800,1.31,1.37,1.96,-0.26,0.16,-0.61
2024-03-25 17:1:12.4900,0.85,1.67,2.59,-0.24,0.35,-0.58
2024-03-25 17:1:12.5000,0.41,1.81,3.3,-0.19,0.5,-0.54
2024-03-25 17:1:12.5100,-0.05,1.82,4.22,-0.1,0.55,-0.5
2024-03-25 17:1:12.5200,-0.38,1.73,5.04,-0.02,0.46,-0.53
2024-03-25 17:1:12.5300,-0.27,1.74,5.49,0.06,0.24,-0.62
2024-03-25 17:1:12.5400,-0.04,1.91,5.55,0.09,0.06,-0.7
2024-03-25 17:1:12.5500,-0.16,2.12,5.13,0.03,0.06,-0.62
2024-03-25 17:1:12.5600,-0.77,2.11,4.68,-0.04,0.18,-0.4
2024-03-25 17:1:12.5700,-1.27,1.63,5.11,0.07,0.22,-0.16
2024-03-25 17:1:12.5800,-1.13,0.72,6.36,0.32,0.17,-0.12
2024-03-25 17:1:12.5900,-0.2,-0.5,6.66,0.49,-0.02,-0.17
2024-03-25 17:1:12.6000,0.08,-1.34,5.52,0.46,-0.2,-0.2
2024-03-25 17:1:12.6100,-0.04,-1.99,4.0,0.37,-0.29,-0.21
2024-03-25 17:1:12.6200,-0.29,-2.73,3.36,0.42,-0.38,-0.23
2024-03-25 17:1:12.6300,-0.44,-3.39,3.59,0.59,-0.5,-0.31
2024-03-25 17:1:12.6400,-0.46,-3.92,3.2,0.74,-0.62,-0.43
2024-03-25 17:1:12.6500,-0.51,-4.09,1.69,0.79,-0.75,-0.54
2024-03-25 17:1:12.6600,-0.63,-3.83,-0.18,0.73,-0.81,-0.62
2024-03-25 17:1:12.6700,-0.9,-3.33,-1.94,0.58,-0.79,-0.61
2024-03-25 17:1:12.6800,-1.32,-2.83,-3.35,0.39,-0.66,-0.52
2024-03-25 17:1:12.6900,-1.61,-2.41,-4.26,0.22,-0.45,-0.38
2024-03-25 17:1:12.7000,-1.8,-2.19,-4.79,0.06,-0.25,-0.25
2024-03-25 17:1:12.7100,-1.72,-1.99,-5.17,-0.08,-0.09,-0.15
2024-03-25 17:1:12.7200,-1.51,-1.85,-5.4,-0.17,0.01,-0.09
2024-03-25 17:1:12.7300,-1.4,-1.67,-5.33,-0.22,0.03,-0.05
2024-03-25 17:1:12.7400,-1.45,-1.43,-5.12,-0.24,-0.01,-0.0
2024-03-25 17:1:12.7500,-1.59,-1.23,-5.02,-0.26,-0.07,0.04
2024-03-25 17:1:12.7600,-1.59,-1.04,-5.0,-0.27,-0.12,0.07
2024-03-25 17:1:12.7700,-1.53,-0.79,-5.02,-0.3,-0.14,0.13
2024-03-25 17:1:12.7800,-1.54,-0.41,-5.07,-0.33,-0.13,0.22
2024-03-25 17:1:12.7900,-1.51,0.01,-4.98,-0.36,-0.11,0.3
2024-03-25 17:1:12.8000,-1.18,0.31,-4.87,-0.41,-0.08,0.36
2024-03-25 17:1:12.8100,-0.69,0.43,-4.57,-0.42,-0.04,0.38
2024-03-25 17:1:12.8200,-0.23,0.63,-4.09,-0.44,0.03,0.41
2024-03-25 17:1:12.8300,-0.08,0.75,-3.67,-0.47,0.11,0.45
2024-03-25 17:1:12.8400,0.1,0.87,-2.91,-0.47,0.18,0.46
2024-03-25 17:1:12.8500,0.44,0.96,-1.97,-0.46,0.24,0.45
2024-03-25 17:1:12.8590,0.46,0.94,-1.03,-0.43,0.27,0.45
2024-03-25 17:1:12.8700,0.46,1.0,0.05,-0.37,0.23,0.44
2024-03-25 17:1:12.8800,0.48,1.12,0.84,-0.33,0.13,0.4
2024-03-25 17:1:12.8900,0.53,1.13,1.31,-0.3,0.02,0.35
2024-03-25 17:1:12.9000,0.72,1.11,1.8,-0.23,-0.08,0.24
2024-03-25 17:1:12.9100,0.97,1.07,2.34,-0.14,-0.13,0.1
2024-03-25 17:1:12.9190,1.07,1.03,2.81,-0.03,-0.15,-0.04
2024-03-25 17:1:12.9290,1.13,1.06,3.23,0.1,-0.15,-0.19
2024-03-25 17:1:12.9390,0.96,1.2,3.6,0.26,-0.13,-0.3
2024-03-25 17:1:12.9500,0.67,1.41,3.75,0.38,-0.13,-0.4
2024-03-25 17:1:12.9600,0.51,1.66,3.58,0.47,-0.14,-0.49
2024-03-25 17:1:12.9700,0.37,1.86,3.3,0.52,-0.14,-0.53
2024-03-25 17:1:12.9800,0.14,2.12,3.06,0.55,-0.13,-0.53
2024-03-25 17:1:12.9900,-0.17,2.19,2.86,0.57,-0.1,-0.5
2024-03-25 17:1:12.9990,-0.25,2.17,2.92,0.6,-0.07,-0.49
2024-03-25 17:1:13.0100,-0.17,2.18,2.86,0.56,-0.02,-0.46
2024-03-25 17:1:13.0200,-0.19,2.0,2.62,0.46,0.02,-0.39
2024-03-25 17:1:13.0300,-0.47,1.54,2.47,0.32,0.08,-0.24
2024-03-25 17:1:13.0400,-0.9,0.68,2.82,0.26,0.08,-0.1
2024-03-25 17:1:13.0490,-0.78,-0.34,3.59,0.33,-0.07,-0.07
2024-03-25 17:1:13.0600,-0.08,-1.26,3.98,0.4,-0.34,-0.18
2024-03-25 17:1:13.0700,0.86,-1.78,3.42,0.39,-0.56,-0.35
2024-03-25 17:1:13.0800,1.57,-1.84,2.17,0.3,-0.55,-0.43
2024-03-25 17:1:13.0900,1.74,-1.86,1.17,0.24,-0.34,-0.41
2024-03-25 17:1:13.1000,1.58,-1.96,0.97,0.26,-0.08,-0.35
2024-03-25 17:1:13.1100,1.54,-2.19,0.94,0.3,0.1,-0.33
2024-03-25 17:1:13.1190,1.71,-2.3,0.57,0.26,0.1,-0.35
2024-03-25 17:1:13.1290,1.83,-2.23,-0.28,0.11,-0.01,-0.38
2024-03-25 17:1:13.1390,1.8,-1.95,-1.16,-0.07,-0.1,-0.39
2024-03-25 17:1:13.1500,1.67,-1.63,-1.61,-0.24,-0.07,-0.35
2024-03-25 17:1:13.1590,1.51,-1.35,-1.66,-0.38,0.05,-0.27
2024-03-25 17:1:13.1690,1.34,-1.24,-1.5,-0.45,0.17,-0.18
2024-03-25 17:1:13.1790,1.16,-1.23,-1.06,-0.49,0.21,-0.13
2024-03-25 17:1:13.1890,1.17,-1.22,-0.72,-0.51,0.16,-0.14
2024-03-25 17:1:13.1990,1.31,-1.24,-0.74,-0.5,0.06,-0.18
2024-03-25 17:1:13.2090,1.35,-1.28,-0.73,-0.44,-0.05,-0.25
2024-03-25 17:1:13.2190,1.46,-1.3,-0.74,-0.36,-0.12,-0.34
2024-03-25 17:1:13.2290,1.58,-1.29,-1.03,-0.28,-0.15,-0.43
2024-03-25 17:1:13.2390,1.68,-1.22,-1.57,-0.22,-0.13,-0.54
2024-03-25 17:1:13.2490,1.7,-1.11,-2.12,-0.16,-0.08,-0.63
2024-03-25 17:1:13.2600,1.63,-0.88,-2.5,-0.1,-0.0,-0.69
2024-03-25 17:1:13.2690,1.38,-0.51,-2.77,-0.07,0.08,-0.68
2024-03-25 17:1:13.2790,1.02,-0.16,-2.99,-0.05,0.15,-0.63
2024-03-25 17:1:13.2890,0.77,0.07,-3.21,-0.08,0.19,-0.56
2024-03-25 17:1:13.2990,0.61,0.19,-3.29,-0.1,0.23,-0.5
2024-03-25 17:1:13.3090,0.53,0.19,-3.13,-0.11,0.25,-0.45
2024-03-25 17:1:13.3190,0.57,0.1,-2.73,-0.1,0.25,-0.45
2024-03-25 17:1:13.3290,0.65,0.06,-2.4,-0.11,0.23,-0.44
2024-03-25 17:1:13.3390,0.62,0.12,-2.03,-0.1,0.17,-0.43
2024-03-25 17:1:13.3490,0.58,0.26,-1.52,-0.08,0.08,-0.42
2024-03-25 17:1:13.3590,0.52,0.43,-1.11,-0.07,0.0,-0.41
2024-03-25 17:1:13.3690,0.51,0.66,-0.89,-0.08,-0.06,-0.38
2024-03-25 17:1:13.3790,0.49,0.88,-0.81,-0.11,-0.07,-0.33
2024-03-25 17:1:13.3890,0.43,1.2,-0.63,-0.14,-0.03,-0.27
2024-03-25 17:1:13.3990,0.42,1.4,-0.35,-0.16,0.05,-0.2
2024-03-25 17:1:13.4090,0.48,1.5,0.1,-0.16,0.16,-0.15
2024-03-25 17:1:13.4190,0.6,1.55,0.7,-0.14,0.25,-0.16
2024-03-25 17:1:13.4290,0.76,1.44,1.33,-0.08,0.33,-0.24
2024-03-25 17:1:13.4390,0.96,1.3,2.19,0.03,0.38,-0.37
2024-03-25 17:1:13.4490,0.95,1.25,2.95,0.12,0.43,-0.49
2024-03-25 17:1:13.4590,0.6,1.29,3.42,0.22,0.45,-0.54
2024-03-25 17:1:13.4690,-0.01,1.54,3.78,0.25,0.41,-0.54
2024-03-25 17:1:13.4790,-0.56,1.91,3.77,0.25,0.34,-0.48
2024-03-25 17:1:13.4890,-0.93,2.16,3.82,0.3,0.28,-0.4
2024-03-25 17:1:13.4990,-1.1,2.19,4.15,0.44,0.27,-0.32
2024-03-25 17:1:13.5090,-0.94,2.11,4.52,0.59,0.24,-0.3
2024-03-25 17:1:13.5190,-0.47,2.01,4.34,0.66,0.17,-0.3
2024-03-25 17:1:13.5290,-0.36,1.84,3.67,0.62,0.13,-0.25
2024-03-25 17:1:13.5390,-0.63,1.42,3.12,0.57,0.11,-0.1
2024-03-25 17:1:13.5490,-1.0,0.68,3.14,0.57,0.04,0.05
2024-03-25 17:1:13.5590,-0.9,-0.3,3.31,0.59,-0.14,0.11
2024-03-25 17:1:13.5690,-0.43,-1.37,2.93,0.55,-0.39,0.13
2024-03-25 17:1:13.5790,-0.15,-2.21,1.99,0.4,-0.63,0.15
2024-03-25 17:1:13.5890,-0.01,-2.77,0.95,0.19,-0.78,0.17
2024-03-25 17:1:13.5990,0.11,-3.3,0.22,-0.0,-0.81,0.17
2024-03-25 17:1:13.6090,0.29,-3.8,-0.01,-0.11,-0.75,0.14
2024-03-25 17:1:13.6190,0.38,-4.16,-0.02,-0.16,-0.66,0.06
2024-03-25 17:1:13.6290,0.39,-4.36,-0.3,-0.25,-0.57,-0.05
2024-03-25 17:1:13.6390,0.21,-4.37,-0.96,-0.37,-0.53,-0.17
2024-03-25 17:1:13.6490,-0.2,-3.97,-1.39,-0.46,-0.64,-0.27
2024-03-25 17:1:13.6590,-0.72,-3.14,-1.71,-0.57,-0.86,-0.34
2024-03-25 17:1:13.6690,-1.18,-2.32,-2.39,-0.63,-1.1,-0.29
2024-03-25 17:1:13.6790,-1.76,-1.47,-2.99,-0.66,-1.31,-0.2
2024-03-25 17:1:13.6890,-1.82,-0.71,-3.58,-0.64,-1.45,-0.09
2024-03-25 17:1:13.6990,-1.68,-0.09,-4.27,-0.65,-1.49,0.06
2024-03-25 17:1:13.7090,-1.46,0.42,-5.16,-0.72,-1.4,0.22
2024-03-25 17:1:13.7190,-1.23,0.68,-5.95,-0.83,-1.16,0.4
2024-03-25 17:1:13.7300,-1.09,0.63,-6.09,-0.88,-0.82,0.62
2024-03-25 17:1:13.7390,-0.99,0.2,-5.35,-0.81,-0.45,0.76
2024-03-25 17:1:13.7490,-0.6,-0.51,-4.02,-0.63,-0.11,0.78
2024-03-25 17:1:13.7590,-0.17,-1.27,-2.74,-0.4,0.13,0.68
2024-03-25 17:1:13.7690,0.25,-1.82,-1.83,-0.19,0.2,0.47
2024-03-25 17:1:13.7790,0.64,-2.07,-1.46,-0.04,0.16,0.24
2024-03-25 17:1:13.7890,0.6,-1.95,-1.52,0.02,0.06,0.07
2024-03-25 17:1:13.7990,0.12,-1.48,-1.7,0.06,-0.03,-0.0
2024-03-25 17:1:13.8090,-0.33,-0.7,-1.74,0.09,-0.06,0.01
2024-03-25 17:1:13.8190,-0.62,0.12,-1.71,0.09,-0.05,0.09
2024-03-25 17:1:13.8290,-0.76,0.81,-1.78,0.07,0.02,0.21
2024-03-25 17:1:13.8390,-0.8,1.35,-1.75,0.05,0.12,0.32
2024-03-25 17:1:13.8490,-0.54,1.69,-1.48,0.01,0.23,0.38
2024-03-25 17:1:13.8590,-0.17,1.82,-1.14,-0.02,0.34,0.38
2024-03-25 17:1:13.8690,0.1,1.91,-0.49,0.0,0.45,0.36
2024-03-25 17:1:13.8790,0.18,2.0,0.38,0.05,0.55,0.34
2024-03-25 17:1:13.8890,0.27,2.04,1.33,0.11,0.61,0.3
2024-03-25 17:1:13.8990,0.39,2.14,2.07,0.1,0.64,0.26
2024-03-25 17:1:13.9090,0.42,2.32,2.45,0.05,0.64,0.25
2024-03-25 17:1:13.9190,0.12,2.41,2.87,-0.01,0.64,0.31
2024-03-25 17:1:13.9290,-0.18,2.55,3.62,-0.07,0.62,0.36
2024-03-25 17:1:13.9390,-0.13,2.47,4.23,-0.07,0.57,0.34
2024-03-25 17:1:13.9490,0.24,2.22,4.91,-0.02,0.49,0.25
2024-03-25 17:1:13.9590,0.63,1.83,5.45,0.1,0.41,0.09
2024-03-25 17:1:13.9690,1.06,1.59,5.8,0.26,0.35,-0.11
2024-03-25 17:1:13.9790,1.36,1.5,5.76,0.39,0.32,-0.28
2024-03-25 17:1:13.9890,1.33,1.57,5.24,0.41,0.32,-0.35
2024-03-25 17:1:13.9990,0.97,1.59,4.55,0.37,0.36,-0.33
2024-03-25 17:1:14.0090,0.65,1.33,4.29,0.34,0.43,-0.24
2024-03-25 17:1:14.0190,0.4,0.73,4.53,0.43,0.49,-0.16
2024-03-25 17:1:14.0290,0.53,-0.13,5.03,0.61,0.48,-0.14
2024-03-25 17:1:14.0390,0.88,-1.18,5.03,0.78,0.38,-0.23
2024-03-25 17:1:14.0490,1.24,-1.92,4.29,0.88,0.2,-0.35
2024-03-25 17:1:14.0590,1.26,-2.28,3.03,0.89,-0.04,-0.43
2024-03-25 17:1:14.0690,1.05,-2.27,1.7,0.85,-0.25,-0.45
2024-03-25 17:1:14.0790,0.87,-2.15,0.47,0.79,-0.41,-0.45
2024-03-25 17:1:14.0890,0.92,-2.09,-0.62,0.73,-0.47,-0.43
2024-03-25 17:1:14.0990,0.95,-2.0,-1.62,0.65,-0.44,-0.4
2024-03-25 17:1:14.1090,1.04,-1.79,-2.62,0.51,-0.34,-0.34
2024-03-25 17:1:14.1190,0.98,-1.58,-3.52,0.33,-0.2,-0.25
2024-03-25 17:1:14.1290,0.85,-1.42,-4.16,0.1,-0.02,-0.13
2024-03-25 17:1:14.1390,0.7,-1.4,-4.6,-0.13,0.15,-0.01
2024-03-25 17:1:14.1490,0.49,-1.55,-4.61,-0.33,0.29,0.11
2024-03-25 17:1:14.1590,0.37,-1.79,-4.09,-0.44,0.35,0.19
2024-03-25 17:1:14.1690,0.42,-2.15,-3.36,-0.48,0.33,0.18
2024-03-25 17:1:14.1790,0.73,-2.44,-2.81,-0.48,0.26,0.11
2024-03-25 17:1:14.1890,1.0,-2.58,-2.57,-0.44,0.14,-0.0
2024-03-25 17:1:14.1990,1.22,-2.5,-2.49,-0.41,0.03,-0.16
2024-03-25 17:1:14.2090,1.45,-2.33,-2.72,-0.41,-0.02,-0.3
2024-03-25 17:1:14.2190,1.38,-2.05,-3.05,-0.42,0.0,-0.38
2024-03-25 17:1:14.2290,1.1,-1.58,-3.14,-0.4,0.07,-0.39
2024-03-25 17:1:14.2390,0.74,-1.1,-3.05,-0.36,0.13,-0.35
2024-03-25 17:1:14.2490,0.55,-0.64,-3.02,-0.32,0.17,-0.31
2024-03-25 17:1:14.2590,0.51,-0.34,-2.99,-0.26,0.18,-0.28
2024-03-25 17:1:14.2690,0.61,-0.2,-2.66,-0.15,0.15,-0.29
2024-03-25 17:1:14.2790,0.77,-0.1,-2.31,-0.07,0.09,-0.3
2024-03-25 17:1:14.2890,0.8,0.07,-2.15,-0.03,0.01,-0.31
2024-03-25 17:1:14.2990,0.83,0.38,-2.17,-0.08,-0.03,-0.29
2024-03-25 17:1:14.3090,0.77,0.73,-2.34,-0.19,-0.04,-0.23
2024-03-25 17:1:14.3190,0.66,1.19,-2.41,-0.35,0.04,-0.14
2024-03-25 17:1:14.3290,0.78,1.35,-2.33,-0.41,0.16,-0.07
2024-03-25 17:1:14.3390,1.06,1.41,-1.55,-0.38,0.3,-0.06
2024-03-25 17:1:14.3490,1.32,1.26,-0.64,-0.32,0.34,-0.12
2024-03-25 17:1:14.3590,1.45,1.15,-0.16,-0.29,0.31,-0.18
2024-03-25 17:1:14.3690,1.25,1.11,0.28,-0.3,0.23,-0.21
2024-03-25 17:1:14.3790,0.88,1.24,0.85,-0.34,0.16,-0.21
2024-03-25 17:1:14.3890,0.56,1.46,1.45,-0.38,0.11,-0.18
2024-03-25 17:1:14.3990,0.15,1.66,2.19,-0.4,0.09,-0.13
2024-03-25 17:1:14.4090,-0.13,1.92,2.96,-0.38,0.12,-0.08
2024-03-25 17:1:14.4190,-0.22,2.01,3.51,-0.33,0.19,-0.06
2024-03-25 17:1:14.4290,-0.12,1.96,4.0,-0.24,0.26,-0.07
2024-03-25 17:1:14.4390,-0.06,1.85,4.49,-0.11,0.3,-0.12
2024-03-25 17:1:14.4490,-0.01,1.74,4.89,0.07,0.34,-0.17
2024-03-25 17:1:14.4590,-0.03,1.62,5.26,0.29,0.34,-0.22
2024-03-25 17:1:14.4690,-0.24,1.55,5.41,0.49,0.31,-0.22
2024-03-25 17:1:14.4790,-0.6,1.54,5.23,0.63,0.21,-0.21
2024-03-25 17:1:14.4890,-0.78,1.66,4.63,0.69,0.08,-0.21
2024-03-25 17:1:14.4990,-0.69,1.88,3.87,0.65,-0.06,-0.19
2024-03-25 17:1:14.5080,-0.98,1.88,2.92,0.48,-0.11,-0.02
2024-03-25 17:1:14.5180,-1.69,1.47,2.28,0.29,-0.01,0.35
2024-03-25 17:1:14.5290,-2.14,0.49,2.51,0.27,0.06,0.65
2024-03-25 17:1:14.5380,-1.44,-1.12,3.36,0.4,-0.01,0.74
2024-03-25 17:1:14.5480,-0.54,-2.83,3.57,0.48,-0.18,0.65
2024-03-25 17:1:14.5580,0.2,-3.95,2.54,0.39,-0.33,0.45
2024-03-25 17:1:14.5690,0.71,-4.57,1.17,0.22,-0.39,0.3
2024-03-25 17:1:14.5780,0.55,-4.81,0.44,0.13,-0.36,0.23
2024-03-25 17:1:14.5890,0.22,-4.95,0.41,0.16,-0.29,0.13
2024-03-25 17:1:14.5990,0.12,-5.13,0.25,0.21,-0.2,-0.03
2024-03-25 17:1:14.6080,0.13,-5.19,-0.56,0.22,-0.07,-0.25
2024-03-25 17:1:14.6180,0.2,-4.87,-1.55,0.24,0.05,-0.51
2024-03-25 17:1:14.6290,0.12,-4.1,-2.18,0.28,0.1,-0.77
2024-03-25 17:1:14.6380,-0.01,-3.1,-2.75,0.25,0.1,-0.96
2024-03-25 17:1:14.6480,-0.36,-2.28,-3.67,0.16,0.11,-1.02
2024-03-25 17:1:14.6580,-0.98,-1.4,-4.32,0.08,0.13,-0.94
2024-03-25 17:1:14.6680,-1.54,-0.62,-4.68,-0.02,0.14,-0.76
2024-03-25 17:1:14.6780,-1.8,-0.01,-4.99,-0.16,0.17,-0.55
2024-03-25 17:1:14.6880,-1.9,0.27,-5.19,-0.31,0.17,-0.29
2024-03-25 17:1:14.6980,-1.95,0.5,-5.16,-0.44,0.17,-0.03
2024-03-25 17:1:14.7080,-1.92,0.6,-4.94,-0.55,0.17,0.22
2024-03-25 17:1:14.7180,-1.8,0.52,-4.55,-0.61,0.18,0.44
2024-03-25 17:1:14.7280,-1.51,0.25,-3.95,-0.59,0.19,0.58
2024-03-25 17:1:14.7380,-0.93,-0.03,-3.24,-0.54,0.18,0.62
2024-03-25 17:1:14.7480,-0.34,-0.32,-3.02,-0.51,0.17,0.61
2024-03-25 17:1:14.7590,0.02,-0.41,-2.88,-0.48,0.14,0.58
2024-03-25 17:1:14.7690,0.18,-0.35,-2.61,-0.46,0.11,0.57
2024-03-25 17:1:14.7780,0.21,-0.13,-2.34,-0.45,0.08,0.58
2024-03-25 17:1:14.7880,0.24,0.15,-2.13,-0.46,0.02,0.59
2024-03-25 17:1:14.7980,0.26,0.41,-1.86,-0.47,-0.04,0.61
2024-03-25 17:1:14.8080,0.37,0.63,-1.53,-0.46,-0.09,0.61
2024-03-25 17:1:14.8180,0.55,0.79,-1.19,-0.42,-0.14,0.58
2024-03-25 17:1:14.8290,0.84,0.87,-0.75,-0.37,-0.17,0.48
2024-03-25 17:1:14.8390,1.31,0.98,-0.43,-0.32,-0.15,0.36
2024-03-25 17:1:14.8480,1.6,1.07,-0.05,-0.23,-0.11,0.21
2024-03-25 17:1:14.8580,1.77,1.28,0.53,-0.15,-0.06,0.07
2024-03-25 17:1:14.8680,1.65,1.49,0.98,-0.1,0.01,-0.04
2024-03-25 17:1:14.8780,1.35,1.75,1.43,-0.08,0.07,-0.07
2024-03-25 17:1:14.8880,0.79,2.09,1.96,-0.09,0.13,-0.03
2024-03-25 17:1:14.9020,0.14,2.29,2.65,-0.13,0.12,0.02
2024-03-25 17:1:14.9080,-0.19,2.26,3.31,-0.2,0.09,0.04
2024-03-25 17:1:14.9180,-0.4,1.86,4.07,-0.23,0.09,0.0
2024-03-25 17:1:14.9280,-0.43,1.18,5.28,-0.11,0.07,-0.12
2024-03-25 17:1:14.9380,-0.3,0.49,6.71,0.1,-0.01,-0.35
2024-03-25 17:1:14.9480,-0.17,0.0,7.5,0.32,-0.21,-0.59
2024-03-25 17:1:14.9580,-0.23,-0.15,7.38,0.55,-0.41,-0.8
2024-03-25 17:1:14.9680,-0.39,0.2,6.93,0.68,-0.47,-0.89
2024-03-25 17:1:14.9780,-0.68,0.6,5.75,0.67,-0.43,-0.86
2024-03-25 17:1:14.9880,-0.89,0.97,4.47,0.59,-0.34,-0.75
2024-03-25 17:1:14.9980,-1.01,0.97,3.63,0.53,-0.2,-0.61
2024-03-25 17:1:15.0080,-0.81,0.6,3.41,0.59,-0.11,-0.55
2024-03-25 17:1:15.0180,-0.38,0.07,3.37,0.7,-0.11,-0.55
2024-03-25 17:1:15.0280,0.03,-0.42,2.81,0.8,-0.19,-0.61
2024-03-25 17:1:15.0380,0.39,-0.55,1.81,0.88,-0.32,-0.67
2024-03-25 17:1:15.0480,0.63,-0.49,0.78,0.95,-0.44,-0.68
2024-03-25 17:1:15.0580,0.65,-0.36,-0.23,0.95,-0.49,-0.6
2024-03-25 17:1:15.0680,0.57,-0.24,-1.41,0.81,-0.48,-0.45
2024-03-25 17:1:15.0780,0.58,-0.17,-2.67,0.54,-0.39,-0.27
2024-03-25 17:1:15.0880,0.73,-0.17,-3.52,0.24,-0.25,-0.08
2024-03-25 17:1:15.0980,0.81,-0.16,-3.66,-0.03,-0.1,0.11
2024-03-25 17:1:15.1080,0.94,-0.24,-3.37,-0.24,0.07,0.28
2024-03-25 17:1:15.1180,1.11,-0.57,-2.74,-0.36,0.23,0.4
2024-03-25 17:1:15.1280,1.28,-1.08,-1.93,-0.42,0.32,0.44
2024-03-25 17:1:15.1380,1.49,-1.75,-1.14,-0.4,0.33,0.37
2024-03-25 17:1:15.1480,1.7,-2.33,-0.41,-0.32,0.25,0.23
2024-03-25 17:1:15.1580,1.77,-2.69,0.01,-0.22,0.12,0.07
2024-03-25 17:1:15.1680,1.61,-2.7,0.0,-0.13,-0.02,-0.07
2024-03-25 17:1:15.1780,1.28,-2.48,-0.42,-0.08,-0.13,-0.18
2024-03-25 17:1:15.1880,0.99,-2.13,-1.16,-0.09,-0.2,-0.25
2024-03-25 17:1:15.1980,0.76,-1.77,-1.94,-0.11,-0.23,-0.29
2024-03-25 17:1:15.2080,0.6,-1.52,-2.46,-0.07,-0.16,-0.32
2024-03-25 17:1:15.2180,0.78,-1.39,-2.48,0.06,-0.03,-0.42
2024-03-25 17:1:15.2280,1.21,-1.42,-2.3,0.21,0.13,-0.56
2024-03-25 17:1:15.2380,1.5,-1.51,-2.29,0.35,0.26,-0.7
2024-03-25 17:1:15.2480,1.55,-1.46,-2.28,0.45,0.29,-0.81
2024-03-25 17:1:15.2580,1.35,-1.22,-2.24,0.47,0.22,-0.89
2024-03-25 17:1:15.2680,1.04,-0.78,-2.39,0.38,0.09,-0.91
2024-03-25 17:1:15.2780,0.58,-0.35,-2.66,0.26,-0.04,-0.83
2024-03-25 17:1:15.2880,0.02,0.15,-2.54,0.17,-0.13,-0.68
2024-03-25 17:1:15.2980,-0.36,0.52,-2.16,0.13,-0.21,-0.5
2024-03-25 17:1:15.3080,-0.53,0.73,-1.83,0.1,-0.31,-0.35
2024-03-25 17:1:15.3180,-0.41,0.84,-1.83,0.04,-0.45,-0.24
2024-03-25 17:1:15.3280,-0.21,0.83,-2.07,-0.05,-0.57,-0.18
2024-03-25 17:1:15.3380,0.06,0.85,-2.18,-0.13,-0.62,-0.16
2024-03-25 17:1:15.3480,0.28,0.9,-1.91,-0.16,-0.58,-0.13
2024-03-25 17:1:15.3580,0.35,0.99,-1.18,-0.14,-0.45,-0.12
2024-03-25 17:1:15.3680,0.43,1.16,-0.6,-0.19,-0.25,-0.08
2024-03-25 17:1:15.3780,0.25,1.46,-0.42,-0.32,-0.04,0.01
2024-03-25 17:1:15.3880,-0.22,1.78,-0.09,-0.48,0.13,0.13
2024-03-25 17:1:15.3980,-0.67,1.77,0.79,-0.58,0.26,0.23
2024-03-25 17:1:15.4080,-0.9,1.43,2.31,-0.56,0.3,0.25
2024-03-25 17:1:15.4180,-1.03,0.92,3.87,-0.47,0.28,0.19
2024-03-25 17:1:15.4280,-1.03,0.36,5.11,-0.32,0.25,0.06
2024-03-25 17:1:15.4380,-1.01,-0.14,5.99,-0.03,0.24,-0.1
2024-03-25 17:1:15.4480,-0.97,-0.28,6.71,0.34,0.24,-0.25
2024-03-25 17:1:15.4580,-1.12,0.1,6.67,0.64,0.25,-0.32
2024-03-25 17:1:15.4680,-1.5,0.88,5.46,0.77,0.28,-0.25
2024-03-25 17:1:15.4780,-2.0,1.37,3.83,0.8,0.36,-0.07
2024-03-25 17:1:15.4880,-2.27,1.43,2.68,0.75,0.47,0.2
2024-03-25 17:1:15.4980,-2.35,0.94,1.85,0.65,0.51,0.47
2024-03-25 17:1:15.5080,-1.98,-0.14,1.18,0.51,0.39,0.61
2024-03-25 17:1:15.5180,-1.23,-1.36,0.66,0.34,0.23,0.68
2024-03-25 17:1:15.5280,-0.78,-2.29,0.21,0.17,0.07,0.72
2024-03-25 17:1:15.5380,-0.49,-2.92,0.02,0.02,-0.03,0.73
2024-03-25 17:1:15.5480,-0.16,-3.38,-0.11,-0.13,-0.05,0.71
2024-03-25 17:1:15.5580,0.1,-3.7,-0.36,-0.31,-0.03,0.67
2024-03-25 17:1:15.5680,0.19,-3.84,-0.64,-0.49,0.04,0.63
2024-03-25 17:1:15.5780,0.1,-3.85,-0.66,-0.63,0.11,0.58
2024-03-25 17:1:15.5880,-0.04,-3.6,-0.34,-0.72,0.15,0.53
2024-03-25 17:1:15.5980,-0.22,-3.2,0.09,-0.66,0.16,0.48
2024-03-25 17:1:15.6080,-0.39,-2.7,0.56,-0.56,0.15,0.46
2024-03-25 17:1:15.6180,-0.49,-2.22,0.4,-0.47,0.14,0.45
2024-03-25 17:1:15.6280,-0.37,-1.77,-0.28,-0.41,0.09,0.44
2024-03-25 17:1:15.6380,-0.3,-1.37,-1.08,-0.4,0.08,0.45
2024-03-25 17:1:15.6480,-0.17,-1.06,-1.82,-0.33,0.08,0.46
2024-03-25 17:1:15.6580,-0.02,-0.82,-2.29,-0.28,0.14,0.48
2024-03-25 17:1:15.6680,0.04,-0.72,-2.9,-0.26,0.2,0.52
2024-03-25 17:1:15.6780,0.03,-0.67,-3.4,-0.25,0.23,0.53
2024-03-25 17:1:15.6880,0.03,-0.58,-3.64,-0.26,0.25,0.56
2024-03-25 17:1:15.6980,-0.05,-0.57,-3.79,-0.2,0.26,0.58
2024-03-25 17:1:15.7080,-0.15,-0.57,-3.44,-0.13,0.2,0.58
2024-03-25 17:1:15.7180,-0.06,-0.53,-3.32,-0.1,0.11,0.54
2024-03-25 17:1:15.7280,0.17,-0.47,-3.62,-0.13,0.03,0.5
2024-03-25 17:1:15.7380,0.26,-0.33,-3.95,-0.19,-0.01,0.47
2024-03-25 17:1:15.7480,0.27,-0.09,-3.96,-0.24,0.03,0.45
2024-03-25 17:1:15.7580,0.35,0.17,-3.65,-0.27,0.14,0.45
2024-03-25 17:1:15.7680,0.39,0.41,-3.15,-0.28,0.27,0.46
2024-03-25 17:1:15.7780,0.47,0.67,-2.64,-0.31,0.37,0.46
2024-03-25 17:1:15.7870,0.46,0.74,-2.11,-0.31,0.41,0.46
2024-03-25 17:1:15.7980,0.48,0.71,-1.21,-0.25,0.38,0.42
2024-03-25 17:1:15.8080,0.54,0.67,-0.18,-0.16,0.29,0.37
2024-03-25 17:1:15.8180,0.54,0.71,0.65,-0.08,0.16,0.33
2024-03-25 17:1:15.8280,0.52,0.85,1.21,-0.02,0.01,0.28
2024-03-25 17:1:15.8380,0.62,1.04,1.56,0.01,-0.1,0.21
2024-03-25 17:1:15.8480,0.77,1.26,1.78,0.01,-0.14,0.16
2024-03-25 17:1:15.8580,0.85,1.48,2.0,-0.01,-0.08,0.12
2024-03-25 17:1:15.8680,0.84,1.7,2.29,-0.02,0.05,0.13
2024-03-25 17:1:15.8780,0.66,1.81,2.73,0.0,0.17,0.15
2024-03-25 17:1:15.8880,0.65,1.73,3.43,0.08,0.22,0.13
2024-03-25 17:1:15.8980,0.69,1.52,4.23,0.2,0.16,0.07
2024-03-25 17:1:15.9080,0.6,1.25,4.99,0.31,-0.02,-0.06
2024-03-25 17:1:15.9180,0.56,1.0,5.33,0.4,-0.24,-0.22
2024-03-25 17:1:15.9280,0.34,0.83,5.48,0.52,-0.45,-0.39
2024-03-25 17:1:15.9380,0.06,0.91,5.56,0.68,-0.59,-0.51
2024-03-25 17:1:15.9480,-0.24,1.18,5.27,0.81,-0.69,-0.6
2024-03-25 17:1:15.9580,-0.43,1.61,4.27,0.88,-0.77,-0.66
2024-03-25 17:1:15.9680,-0.48,2.08,3.11,0.89,-0.8,-0.69
2024-03-25 17:1:15.9780,-0.51,2.47,2.04,0.86,-0.77,-0.67
2024-03-25 17:1:15.9880,-0.54,2.72,1.25,0.85,-0.66,-0.58
2024-03-25 17:1:15.9980,-0.67,2.53,1.01,0.88,-0.51,-0.43
2024-03-25 17:1:16.0080,-0.81,1.85,1.07,0.89,-0.41,-0.28
2024-03-25 17:1:16.0180,-0.67,0.78,0.77,0.84,-0.43,-0.19
2024-03-25 17:1:16.0280,-0.24,-0.27,0.31,0.77,-0.5,-0.16
2024-03-25 17:1:16.0380,0.17,-1.11,-0.01,0.67,-0.57,-0.15
2024-03-25 17:1:16.0480,0.51,-1.74,-0.35,0.57,-0.6,-0.18
2024-03-25 17:1:16.0580,0.92,-2.13,-0.7,0.44,-0.54,-0.2
2024-03-25 17:1:16.0680,1.15,-2.34,-1.06,0.3,-0.37,-0.18
2024-03-25 17:1:16.0780,1.16,-2.4,-1.43,0.16,-0.14,-0.13
2024-03-25 17:1:16.0880,1.08,-2.41,-1.61,0.05,0.08,-0.07
2024-03-25 17:1:16.0980,0.94,-2.52,-1.55,-0.06,0.24,-0.04
2024-03-25 17:1:16.1070,0.81,-2.65,-1.51,-0.19,0.28,-0.03
2024-03-25 17:1:16.1180,0.66,-2.73,-1.53,-0.34,0.25,-0.05
2024-03-25 17:1:16.1280,0.52,-2.96,-1.45,-0.47,0.14,-0.1
2024-03-25 17:1:16.1380,0.43,-3.07,-1.23,-0.53,-0.01,-0.15
2024-03-25 17:1:16.1480,0.37,-3.02,-0.94,-0.55,-0.13,-0.25
2024-03-25 17:1:16.1580,0.65,-2.9,-0.84,-0.53,-0.19,-0.37
2024-03-25 17:1:16.1670,0.95,-2.54,-0.83,-0.45,-0.16,-0.49
2024-03-25 17:1:16.1770,1.11,-2.07,-0.91,-0.34,-0.06,-0.6
2024-03-25 17:1:16.1870,1.02,-1.66,-1.16,-0.26,0.04,-0.66
2024-03-25 17:1:16.1970,0.73,-1.14,-1.51,-0.21,0.08,-0.68
2024-03-25 17:1:16.2070,0.34,-0.64,-1.91,-0.19,0.07,-0.66
2024-03-25 17:1:16.2170,0.04,-0.2,-2.12,-0.17,0.03,-0.62
2024-03-25 17:1:16.2270,-0.14,0.13,-2.18,-0.12,-0.02,-0.59
2024-03-25 17:1:16.2370,-0.19,0.33,-2.21,-0.07,-0.07,-0.55
2024-03-25 17:1:16.2470,-0.23,0.46,-2.31,-0.03,-0.11,-0.5
2024-03-25 17:1:16.2570,-0.27,0.56,-2.54,-0.03,-0.14,-0.43
2024-03-25 17:1:16.2670,-0.36,0.65,-2.75,-0.04,-0.18,-0.36
2024-03-25 17:1:16.2770,-0.36,0.68,-2.75,-0.08,-0.22,-0.28
2024-03-25 17:1:16.2870,-0.3,0.74,-2.53,-0.1,-0.21,-0.18
2024-03-25 17:1:16.2970,-0.25,0.67,-2.05,-0.08,-0.24,-0.11
2024-03-25 17:1:16.3070,-0.1,0.6,-1.56,-0.04,-0.29,-0.07
2024-03-25 17:1:16.3180,0.03,0.46,-1.25,-0.01,-0.35,-0.05
2024-03-25 17:1:16.3270,0.14,0.3,-1.18,0.01,-0.39,-0.05
2024-03-25 17:1:16.3370,0.34,0.16,-1.16,0.02,-0.4,-0.07
2024-03-25 17:1:16.3480,0.43,0.04,-1.08,0.02,-0.35,-0.08
2024-03-25 17:1:16.3570,0.37,-0.05,-0.91,0.03,-0.27,-0.08
2024-03-25 17:1:16.3670,0.3,-0.04,-0.69,0.0,-0.18,-0.08
2024-03-25 17:1:16.3770,0.27,-0.05,-0.66,-0.07,-0.09,-0.09
2024-03-25 17:1:16.3870,0.22,-0.03,-0.55,-0.17,-0.01,-0.11
2024-03-25 17:1:16.3970,0.12,-0.08,-0.31,-0.3,0.1,-0.14
2024-03-25 17:1:16.4070,-0.03,-0.16,0.14,-0.4,0.26,-0.19
2024-03-25 17:1:16.4170,-0.29,-0.22,1.04,-0.41,0.45,-0.24
2024-03-25 17:1:16.4270,-0.71,-0.22,2.31,-0.3,0.62,-0.3
2024-03-25 17:1:16.4370,-1.18,-0.1,3.49,-0.16,0.67,-0.34
2024-03-25 17:1:16.4470,-1.65,0.28,4.02,-0.1,0.6,-0.37
2024-03-25 17:1:16.4570,-1.97,0.75,3.78,-0.12,0.47,-0.36
2024-03-25 17:1:16.4670,-1.97,1.4,3.34,-0.21,0.34,-0.34
2024-03-25 17:1:16.4770,-1.79,2.37,3.1,-0.29,0.21,-0.27
2024-03-25 17:1:16.4870,-2.03,3.03,2.99,-0.33,0.24,-0.16
2024-03-25 17:1:16.4970,-2.26,3.29,3.21,-0.44,0.45,0.13
2024-03-25 17:1:16.5070,-2.92,3.09,3.18,-0.5,0.63,0.48
2024-03-25 17:1:16.5170,-3.09,2.4,4.02,-0.33,0.64,0.72
2024-03-25 17:1:16.5270,-2.27,0.94,5.27,-0.02,0.54,0.79
2024-03-25 17:1:16.5370,-1.06,-0.79,5.5,0.19,0.33,0.7
2024-03-25 17:1:16.5470,0.02,-2.02,4.36,0.22,0.13,0.54
2024-03-25 17:1:16.5570,0.64,-2.88,2.89,0.18,0.03,0.39
2024-03-25 17:1:16.5670,0.86,-3.39,2.33,0.24,0.03,0.27
2024-03-25 17:1:16.5770,0.75,-3.75,2.48,0.4,0.13,0.18
2024-03-25 17:1:16.5870,0.43,-4.02,2.36,0.55,0.23,0.13
2024-03-25 17:1:16.5970,0.09,-4.09,1.46,0.6,0.24,0.08
2024-03-25 17:1:16.6070,-0.3,-4.02,0.14,0.59,0.17,0.04
2024-03-25 17:1:16.6170,-0.63,-3.68,-1.05,0.54,0.06,0.02
2024-03-25 17:1:16.6270,-0.81,-3.12,-2.16,0.49,-0.03,-0.0
2024-03-25 17:1:16.6370,-0.86,-2.47,-3.17,0.41,-0.12,0.01
2024-03-25 17:1:16.6470,-0.89,-1.55,-4.15,0.27,-0.2,0.08
2024-03-25 17:1:16.6570,-1.01,-0.81,-5.15,0.05,-0.24,0.2
2024-03-25 17:1:16.6670,-0.99,-0.29,-5.97,-0.2,-0.25,0.33
2024-03-25 17:1:16.6770,-0.83,0.06,-6.37,-0.45,-0.17,0.48
2024-03-25 17:1:16.6870,-0.61,0.13,-6.24,-0.6,-0.0,0.62
2024-03-25 17:1:16.6970,-0.45,-0.04,-5.47,-0.62,0.19,0.74
2024-03-25 17:1:16.7070,-0.26,-0.28,-4.49,-0.61,0.39,0.81
2024-03-25 17:1:16.7170,-0.12,-0.69,-3.79,-0.53,0.49,0.82
2024-03-25 17:1:16.7270,0.01,-1.04,-2.8,-0.43,0.45,0.76
2024-03-25 17:1:16.7370,0.11,-1.12,-2.07,-0.36,0.33,0.67
2024-03-25 17:1:16.7470,0.19,-1.05,-1.82,-0.33,0.16,0.54
2024-03-25 17:1:16.7570,0.38,-0.8,-1.77,-0.33,0.03,0.42
2024-03-25 17:1:16.7670,0.36,-0.41,-1.63,-0.32,-0.02,0.37
2024-03-25 17:1:16.7770,0.14,0.07,-1.32,-0.28,0.02,0.38
2024-03-25 17:1:16.7870,-0.11,0.55,-0.87,-0.23,0.06,0.44
2024-03-25 17:1:16.7970,-0.25,0.91,-0.48,-0.19,0.08,0.47
2024-03-25 17:1:16.8070,-0.05,1.13,-0.27,-0.15,0.06,0.47
2024-03-25 17:1:16.8170,0.11,1.17,0.05,-0.08,-0.0,0.42
2024-03-25 17:1:16.8270,0.4,1.17,0.5,0.01,-0.04,0.33
2024-03-25 17:1:16.8370,0.63,1.18,0.83,0.07,-0.08,0.23
2024-03-25 17:1:16.8470,0.71,1.34,0.95,0.1,-0.07,0.16
2024-03-25 17:1:16.8570,0.64,1.49,1.1,0.13,0.0,0.13
2024-03-25 17:1:16.8670,0.51,1.68,1.48,0.17,0.1,0.12
2024-03-25 17:1:16.8770,0.41,1.82,1.93,0.21,0.16,0.11
2024-03-25 17:1:16.8870,0.33,1.87,2.29,0.21,0.15,0.1
2024-03-25 17:1:16.8970,0.24,1.87,2.54,0.19,0.12,0.09
2024-03-25 17:1:16.9070,0.18,1.77,2.87,0.19,0.04,0.06
2024-03-25 17:1:16.9170,0.16,1.63,3.34,0.22,-0.07,0.01
2024-03-25 17:1:16.9270,0.18,1.48,3.71,0.3,-0.18,-0.08
2024-03-25 17:1:16.9370,0.48,1.26,4.06,0.43,-0.27,-0.21
2024-03-25 17:1:16.9470,0.79,1.06,4.08,0.57,-0.33,-0.37
2024-03-25 17:1:16.9570,1.04,0.97,3.81,0.71,-0.35,-0.53
2024-03-25 17:1:16.9670,1.16,0.97,3.26,0.82,-0.32,-0.7
2024-03-25 17:1:16.9770,1.31,0.98,2.65,0.94,-0.3,-0.89
2024-03-25 17:1:16.9870,1.39,1.19,2.19,1.02,-0.31,-1.07
2024-03-25 17:1:16.9970,1.37,1.75,1.52,1.0,-0.31,-1.2
2024-03-25 17:1:17.0070,1.05,2.28,0.59,0.87,-0.21,-1.15
2024-03-25 17:1:17.0170,0.3,2.53,0.01,0.7,0.07,-0.87
2024-03-25 17:1:17.0270,-0.75,2.14,0.26,0.66,0.38,-0.49
2024-03-25 17:1:17.0370,-1.32,0.9,1.38,0.68,0.48,-0.2
2024-03-25 17:1:17.0470,-0.94,-0.56,1.81,0.69,0.34,-0.11
2024-03-25 17:1:17.0570,0.04,-1.74,1.46,0.65,0.02,-0.22
2024-03-25 17:1:17.0670,1.1,-2.23,0.84,0.52,-0.34,-0.41
2024-03-25 17:1:17.0770,1.73,-2.31,-0.05,0.31,-0.47,-0.52
2024-03-25 17:1:17.0870,1.63,-2.13,-0.75,0.16,-0.31,-0.46
2024-03-25 17:1:17.0970,1.12,-1.86,-0.62,0.12,0.01,-0.28
2024-03-25 17:1:17.1070,0.6,-1.84,-0.18,0.1,0.3,-0.07
2024-03-25 17:1:17.1170,0.25,-2.12,-0.05,0.0,0.38,0.07
2024-03-25 17:1:17.1270,0.16,-2.54,-0.36,-0.18,0.27,0.15
2024-03-25 17:1:17.1370,0.05,-2.98,-0.65,-0.37,0.02,0.18
2024-03-25 17:1:17.1470,-0.03,-3.22,-0.77,-0.49,-0.27,0.21
2024-03-25 17:1:17.1570,0.02,-3.46,-0.67,-0.51,-0.55,0.15
2024-03-25 17:1:17.1670,0.59,-3.56,-0.83,-0.48,-0.73,0.01
2024-03-25 17:1:17.1770,1.27,-3.4,-1.49,-0.45,-0.76,-0.15
2024-03-25 17:1:17.1870,1.69,-2.96,-2.35,-0.42,-0.67,-0.28
2024-03-25 17:1:17.1970,1.76,-2.46,-3.14,-0.37,-0.5,-0.37
2024-03-25 17:1:17.2070,1.72,-1.96,-3.72,-0.33,-0.29,-0.44
2024-03-25 17:1:17.2170,1.55,-1.49,-4.17,-0.31,-0.12,-0.47
2024-03-25 17:1:17.2270,1.33,-1.02,-4.52,-0.33,0.0,-0.49
2024-03-25 17:1:17.2370,1.15,-0.59,-4.8,-0.37,0.07,-0.47
2024-03-25 17:1:17.2470,0.93,-0.24,-4.89,-0.41,0.09,-0.46
2024-03-25 17:1:17.2570,0.79,0.05,-4.72,-0.42,0.12,-0.43
2024-03-25 17:1:17.2670,0.64,0.24,-4.35,-0.41,0.16,-0.38
2024-03-25 17:1:17.2770,0.5,0.43,-3.91,-0.45,0.19,-0.32
2024-03-25 17:1:17.2870,0.43,0.58,-3.66,-0.52,0.23,-0.23
2024-03-25 17:1:17.2970,0.26,0.7,-3.07,-0.54,0.28,-0.12
2024-03-25 17:1:17.3070,0.31,0.81,-1.95,-0.49,0.33,-0.05
2024-03-25 17:1:17.3170,0.57,0.78,-0.95,-0.42,0.33,-0.02
2024-03-25 17:1:17.3270,0.77,0.65,-0.27,-0.36,0.25,-0.04
2024-03-25 17:1:17.3370,0.86,0.53,0.26,-0.3,0.13,-0.07
2024-03-25 17:1:17.3470,0.8,0.6,0.67,-0.28,-0.01,-0.07
2024-03-25 17:1:17.3570,0.65,0.73,0.9,-0.27,-0.13,-0.07
2024-03-25 17:1:17.3670,0.69,0.91,1.0,-0.29,-0.21,-0.07
2024-03-25 17:1:17.3770,0.87,1.01,0.95,-0.32,-0.2,-0.08
2024-03-25 17:1:17.3870,1.06,1.13,0.99,-0.37,-0.1,-0.09
2024-03-25 17:1:17.3970,1.2,1.25,1.21,-0.4,0.05,-0.09
2024-03-25 17:1:17.4070,1.22,1.35,1.6,-0.44,0.19,-0.11
2024-03-25 17:1:17.4170,1.12,1.33,2.09,-0.47,0.36,-0.13
2024-03-25 17:1:17.4270,0.95,1.21,2.77,-0.44,0.53,-0.16
2024-03-25 17:1:17.4370,0.74,1.0,3.63,-0.35,0.66,-0.22
2024-03-25 17:1:17.4470,0.41,0.88,4.44,-0.23,0.69,-0.29
2024-03-25 17:1:17.4570,0.06,0.87,5.03,-0.09,0.62,-0.37
2024-03-25 17:1:17.4670,-0.39,0.91,5.25,0.04,0.5,-0.41
2024-03-25 17:1:17.4770,-0.96,0.93,5.24,0.22,0.29,-0.43
2024-03-25 17:1:17.4870,-1.28,1.21,5.14,0.39,0.07,-0.4
2024-03-25 17:1:17.4970,-1.56,1.67,4.46,0.54,-0.08,-0.35
2024-03-25 17:1:17.5060,-1.7,1.98,3.52,0.62,-0.15,-0.23
2024-03-25 17:1:17.5170,-1.82,2.02,2.46,0.67,-0.11,-0.1
2024-03-25 17:1:17.5260,-1.69,1.99,1.74,0.76,-0.05,0.01
2024-03-25 17:1:17.5360,-1.58,1.78,1.33,0.79,0.02,0.17
2024-03-25 17:1:17.5470,-1.82,1.04,0.57,0.68,0.12,0.4
2024-03-25 17:1:17.5570,-1.96,-0.14,-0.29,0.47,0.17,0.6
2024-03-25 17:1:17.5670,-1.89,-1.57,-0.59,0.33,0.16,0.75
2024-03-25 17:1:17.5770,-1.63,-2.93,-0.01,0.27,0.04,0.75
2024-03-25 17:1:17.5870,-1.16,-4.09,0.46,0.21,-0.15,0.63
2024-03-25 17:1:17.5960,-0.63,-4.85,0.28,0.1,-0.33,0.46
2024-03-25 17:1:17.6070,-0.25,-5.08,-0.27,-0.08,-0.4,0.31
2024-03-25 17:1:17.6160,-0.09,-4.9,-0.89,-0.25,-0.26,0.2
2024-03-25 17:1:17.6270,-0.06,-4.63,-0.99,-0.3,-0.01,0.11
2024-03-25 17:1:17.6360,-0.06,-4.16,-0.47,-0.21,0.23,0.01
2024-03-25 17:1:17.6460,-0.23,-3.39,0.02,-0.12,0.32,-0.06
2024-03-25 17:1:17.6570,-0.62,-2.44,-0.38,-0.13,0.27,-0.08
2024-03-25 17:1:17.6670,-0.93,-1.59,-1.35,-0.2,0.17,-0.08
2024-03-25 17:1:17.6770,-0.99,-0.82,-2.15,-0.3,0.06,-0.03
2024-03-25 17:1:17.6870,-1.1,-0.2,-2.67,-0.37,-0.0,0.06
2024-03-25 17:1:17.6970,-1.15,0.27,-2.95,-0.42,0.01,0.17
2024-03-25 17:1:17.7070,-1.03,0.57,-3.11,-0.46,0.09,0.3
2024-03-25 17:1:17.7170,-0.94,0.67,-3.21,-0.48,0.2,0.42
2024-03-25 17:1:17.7260,-0.77,0.63,-3.16,-0.47,0.27,0.51
2024-03-25 17:1:17.7360,-0.52,0.5,-2.94,-0.43,0.28,0.55
2024-03-25 17:1:17.7460,-0.21,0.2,-2.69,-0.36,0.26,0.54
2024-03-25 17:1:17.7570,0.09,-0.01,-2.52,-0.31,0.19,0.5
2024-03-25 17:1:17.7670,0.23,-0.06,-2.59,-0.3,0.1,0.49
2024-03-25 17:1:17.7760,0.2,-0.02,-2.71,-0.33,0.01,0.5
2024-03-25 17:1:17.7870,0.18,0.09,-2.77,-0.36,-0.03,0.53
2024-03-25 17:1:17.7960,0.3,0.22,-2.61,-0.35,-0.03,0.54
2024-03-25 17:1:17.8070,0.56,0.33,-2.37,-0.35,-0.02,0.52
2024-03-25 17:1:17.8160,0.86,0.37,-2.21,-0.31,-0.02,0.45
2024-03-25 17:1:17.8270,1.15,0.37,-1.91,-0.24,-0.02,0.32
2024-03-25 17:1:17.8370,1.39,0.4,-1.57,-0.17,-0.03,0.19
2024-03-25 17:1:17.8460,1.35,0.52,-1.35,-0.1,-0.04,0.09
2024-03-25 17:1:17.8560,1.16,0.75,-1.14,-0.07,-0.06,0.03
2024-03-25 17:1:17.8660,0.81,1.04,-0.98,-0.08,-0.05,0.05
2024-03-25 17:1:17.8760,0.33,1.32,-0.65,-0.1,-0.05,0.1
2024-03-25 17:1:17.8860,0.08,1.58,-0.04,-0.11,-0.07,0.12
2024-03-25 17:1:17.8960,0.22,1.64,0.66,-0.08,-0.08,0.07
2024-03-25 17:1:17.9060,0.5,1.54,1.48,0.0,-0.06,-0.01
2024-03-25 17:1:17.9160,0.6,1.37,2.47,0.11,-0.06,-0.1
2024-03-25 17:1:17.9260,0.61,1.23,3.27,0.19,-0.11,-0.2
2024-03-25 17:1:17.9360,0.55,1.09,3.72,0.23,-0.21,-0.31
2024-03-25 17:1:17.9460,0.42,1.13,3.95,0.22,-0.32,-0.38
2024-03-25 17:1:17.9570,0.21,1.45,3.98,0.18,-0.43,-0.42
2024-03-25 17:1:17.9660,0.0,1.7,4.09,0.2,-0.5,-0.46
2024-03-25 17:1:17.9760,0.07,1.96,4.37,0.25,-0.51,-0.48
2024-03-25 17:1:17.9860,0.19,2.15,4.35,0.27,-0.45,-0.44
2024-03-25 17:1:17.9960,0.11,2.08,4.02,0.23,-0.31,-0.31
2024-03-25 17:1:18.0060,-0.19,1.47,3.9,0.26,-0.19,-0.14
2024-03-25 17:1:18.0160,-0.26,0.3,4.42,0.34,-0.17,-0.05
2024-03-25 17:1:18.0260,0.28,-1.02,4.49,0.39,-0.26,-0.11
2024-03-25 17:1:18.0360,0.86,-2.06,3.99,0.4,-0.39,-0.22
2024-03-25 17:1:18.0460,1.25,-2.63,3.45,0.43,-0.46,-0.38
2024-03-25 17:1:18.0560,1.39,-3.02,3.08,0.54,-0.44,-0.5
2024-03-25 17:1:18.0660,1.21,-3.09,2.74,0.67,-0.35,-0.57
2024-03-25 17:1:18.0760,0.8,-2.89,1.88,0.72,-0.26,-0.59
2024-03-25 17:1:18.0860,0.46,-2.55,0.6,0.67,-0.22,-0.59
2024-03-25 17:1:18.0960,0.2,-2.09,-0.78,0.5,-0.21,-0.55
2024-03-25 17:1:18.1060,-0.1,-1.6,-2.0,0.26,-0.18,-0.46
2024-03-25 17:1:18.1160,-0.42,-1.31,-2.85,0.0,-0.1,-0.32
2024-03-25 17:1:18.1260,-0.68,-1.18,-3.19,-0.22,0.0,-0.16
2024-03-25 17:1:18.1360,-0.86,-1.22,-3.05,-0.39,0.09,-0.01
2024-03-25 17:1:18.1460,-0.87,-1.26,-2.62,-0.5,0.1,0.07
2024-03-25 17:1:18.1560,-0.55,-1.22,-2.21,-0.55,0.06,0.07
2024-03-25 17:1:18.1660,-0.12,-1.1,-1.84,-0.54,0.02,0.04
2024-03-25 17:1:18.1760,0.15,-1.04,-1.53,-0.47,0.04,-0.0
2024-03-25 17:1:18.1860,0.3,-0.99,-1.32,-0.38,0.08,-0.06
2024-03-25 17:1:18.1960,0.37,-0.87,-1.4,-0.3,0.11,-0.11
2024-03-25 17:1:18.2060,0.33,-0.69,-1.74,-0.25,0.11,-0.14
2024-03-25 17:1:18.2160,0.17,-0.42,-2.05,-0.22,0.11,-0.14
2024-03-25 17:1:18.2260,-0.02,-0.14,-2.36,-0.19,0.1,-0.1
2024-03-25 17:1:18.2360,-0.27,0.14,-2.52,-0.16,0.09,-0.02
2024-03-25 17:1:18.2460,-0.35,0.39,-2.68,-0.17,0.07,0.05
2024-03-25 17:1:18.2560,-0.31,0.5,-2.99,-0.19,0.05,0.14
2024-03-25 17:1:18.2660,-0.3,0.56,-3.1,-0.19,0.04,0.22
2024-03-25 17:1:18.2760,-0.11,0.53,-2.97,-0.16,0.04,0.24
2024-03-25 17:1:18.2860,0.34,0.43,-2.72,-0.13,0.02,0.22
2024-03-25 17:1:18.2960,0.83,0.51,-2.57,-0.13,0.01,0.18
2024-03-25 17:1:18.3060,1.22,0.62,-2.39,-0.15,0.01,0.15
2024-03-25 17:1:18.3160,1.31,0.73,-2.07,-0.15,0.02,0.18
2024-03-25 17:1:18.3260,1.15,0.78,-1.47,-0.12,0.02,0.23
2024-03-25 17:1:18.3360,1.12,0.84,-0.84,-0.1,-0.02,0.26
2024-03-25 17:1:18.3460,1.22,0.86,-0.57,-0.09,-0.1,0.27
2024-03-25 17:1:18.3560,1.37,0.82,-0.33,-0.06,-0.19,0.25
2024-03-25 17:1:18.3660,1.58,0.82,-0.11,-0.04,-0.23,0.2
2024-03-25 17:1:18.3760,1.83,0.71,0.02,-0.03,-0.18,0.11
2024-03-25 17:1:18.3860,2.05,0.51,0.24,-0.02,-0.07,0.01
2024-03-25 17:1:18.3960,2.2,0.36,0.58,-0.0,0.09,-0.12
2024-03-25 17:1:18.4060,2.22,0.31,1.27,0.06,0.26,-0.26
2024-03-25 17:1:18.4160,2.04,0.41,2.06,0.14,0.39,-0.35
2024-03-25 17:1:18.4260,1.42,0.53,2.71,0.19,0.48,-0.38
2024-03-25 17:1:18.4360,0.58,0.69,3.22,0.24,0.48,-0.37
2024-03-25 17:1:18.4460,-0.18,0.81,3.84,0.33,0.35,-0.37
2024-03-25 17:1:18.4560,-0.66,0.95,4.43,0.44,0.15,-0.4
2024-03-25 17:1:18.4660,-0.88,1.13,4.55,0.53,-0.02,-0.45
2024-03-25 17:1:18.4760,-0.85,1.43,4.19,0.61,-0.11,-0.51
2024-03-25 17:1:18.4860,-0.73,1.83,3.68,0.65,-0.09,-0.51
2024-03-25 17:1:18.4960,-1.0,2.21,3.06,0.61,0.0,-0.42
2024-03-25 17:1:18.5060,-1.41,2.39,2.29,0.49,0.12,-0.23
2024-03-25 17:1:18.5160,-1.73,2.46,1.94,0.36,0.19,0.02
2024-03-25 17:1:18.5260,-1.86,2.15,2.02,0.23,0.18,0.27
2024-03-25 17:1:18.5360,-1.77,1.17,2.11,0.11,0.12,0.46
2024-03-25 17:1:18.5460,-1.17,-0.33,2.26,0.05,0.01,0.53
2024-03-25 17:1:18.5560,-0.62,-1.76,2.4,0.04,-0.1,0.5
2024-03-25 17:1:18.5660,-0.13,-2.96,2.35,0.04,-0.2,0.39
2024-03-25 17:1:18.5760,0.32,-3.93,2.27,0.07,-0.26,0.22
2024-03-25 17:1:18.5860,0.63,-4.49,2.13,0.09,-0.26,0.04
2024-03-25 17:1:18.5960,0.61,-4.78,1.72,0.09,-0.19,-0.09
2024-03-25 17:1:18.6060,0.32,-4.86,1.22,0.08,-0.09,-0.17
2024-03-25 17:1:18.6160,-0.19,-4.76,0.68,0.06,-0.02,-0.18
2024-03-25 17:1:18.6260,-0.78,-4.6,0.11,0.02,-0.01,-0.16
2024-03-25 17:1:18.6360,-1.12,-4.41,-0.55,-0.03,-0.06,-0.17
2024-03-25 17:1:18.6460,-1.13,-4.14,-1.31,-0.08,-0.15,-0.22
2024-03-25 17:1:18.6560,-0.91,-3.57,-2.09,-0.13,-0.22,-0.27
2024-03-25 17:1:18.6660,-0.84,-2.77,-2.78,-0.17,-0.26,-0.28
2024-03-25 17:1:18.6760,-0.92,-2.05,-3.43,-0.22,-0.22,-0.24
2024-03-25 17:1:18.6860,-1.05,-1.4,-4.0,-0.26,-0.12,-0.16
2024-03-25 17:1:18.6960,-1.22,-0.83,-4.41,-0.31,0.02,-0.04
2024-03-25 17:1:18.7060,-1.32,-0.36,-4.75,-0.37,0.14,0.07
2024-03-25 17:1:18.7160,-1.36,0.01,-4.93,-0.43,0.21,0.18
2024-03-25 17:1:18.7260,-1.32,0.37,-5.0,-0.51,0.23,0.27
2024-03-25 17:1:18.7360,-1.19,0.64,-4.98,-0.59,0.22,0.33
2024-03-25 17:1:18.7460,-1.04,0.8,-4.73,-0.66,0.18,0.37
2024-03-25 17:1:18.7560,-0.82,0.99,-4.36,-0.74,0.19,0.39
2024-03-25 17:1:18.7660,-0.6,1.09,-3.97,-0.81,0.27,0.43
2024-03-25 17:1:18.7760,-0.49,1.11,-3.25,-0.84,0.4,0.47
2024-03-25 17:1:18.7860,-0.38,1.12,-2.28,-0.81,0.55,0.5
2024-03-25 17:1:18.7960,-0.2,1.03,-1.11,-0.73,0.69,0.51
2024-03-25 17:1:18.8060,-0.06,0.85,0.01,-0.61,0.76,0.5
2024-03-25 17:1:18.8160,-0.02,0.65,0.92,-0.46,0.7,0.45
2024-03-25 17:1:18.8260,0.13,0.44,1.76,-0.27,0.53,0.35
2024-03-25 17:1:18.8360,0.35,0.35,2.35,-0.08,0.29,0.21
2024-03-25 17:1:18.8460,0.37,0.42,2.58,0.08,0.03,0.09
2024-03-25 17:1:18.8560,0.26,0.68,2.32,0.17,-0.16,0.02
2024-03-25 17:1:18.8660,0.12,1.05,1.68,0.21,-0.21,0.02
2024-03-25 17:1:18.8760,-0.03,1.39,1.16,0.26,-0.16,0.07
2024-03-25 17:1:18.8860,-0.16,1.63,0.98,0.3,-0.1,0.13
2024-03-25 17:1:18.8960,-0.11,1.82,0.82,0.3,-0.07,0.15
2024-03-25 17:1:18.9060,-0.02,1.89,0.57,0.27,-0.09,0.16
2024-03-25 17:1:18.9160,0.02,1.87,0.51,0.25,-0.14,0.14
2024-03-25 17:1:18.9260,0.06,1.8,0.82,0.28,-0.2,0.09
2024-03-25 17:1:18.9360,0.17,1.69,1.38,0.33,-0.26,0.02
2024-03-25 17:1:18.9460,0.22,1.59,1.72,0.35,-0.3,-0.04
2024-03-25 17:1:18.9560,0.16,1.51,1.84,0.35,-0.37,-0.09
2024-03-25 17:1:18.9660,0.09,1.47,1.97,0.38,-0.46,-0.14
2024-03-25 17:1:18.9760,0.07,1.39,2.21,0.46,-0.56,-0.2
2024-03-25 17:1:18.9860,0.39,1.47,2.36,0.56,-0.67,-0.32
2024-03-25 17:1:18.9960,1.03,1.8,2.08,0.56,-0.71,-0.43
2024-03-25 17:1:19.0060,1.43,2.12,1.31,0.47,-0.65,-0.44
2024-03-25 17:1:19.0160,1.42,2.13,0.96,0.4,-0.4,-0.31
2024-03-25 17:1:19.0260,1.07,1.5,1.49,0.38,-0.02,-0.08
2024-03-25 17:1:19.0360,0.85,0.4,2.4,0.42,0.28,0.08
2024-03-25 17:1:19.0460,1.02,-0.86,3.08,0.41,0.36,0.14
2024-03-25 17:1:19.0560,1.16,-1.88,3.22,0.32,0.28,0.11
2024-03-25 17:1:19.0660,1.18,-2.54,3.13,0.23,0.12,0.06
2024-03-25 17:1:19.0760,1.07,-3.04,3.41,0.25,-0.05,0.02
2024-03-25 17:1:19.0860,0.81,-3.42,3.94,0.36,-0.18,0.01
2024-03-25 17:1:19.0960,0.5,-3.76,3.93,0.46,-0.24,0.01
2024-03-25 17:1:19.1060,0.27,-3.86,3.0,0.45,-0.22,0.06
2024-03-25 17:1:19.1160,-0.23,-3.79,1.61,0.4,-0.18,0.18
2024-03-25 17:1:19.1260,-0.9,-3.36,0.38,0.29,-0.16,0.34
2024-03-25 17:1:19.1360,-1.24,-3.08,-0.91,0.12,-0.18,0.44
2024-03-25 17:1:19.1460,-0.97,-3.05,-2.13,-0.04,-0.27,0.4
2024-03-25 17:1:19.1560,-0.26,-3.0,-2.94,-0.16,-0.38,0.21
2024-03-25 17:1:19.1650,0.53,-2.65,-3.59,-0.26,-0.44,-0.0
2024-03-25 17:1:19.1760,0.92,-2.03,-4.01,-0.29,-0.4,-0.18
2024-03-25 17:1:19.1860,0.93,-1.32,-4.22,-0.27,-0.31,-0.31
2024-03-25 17:1:19.1960,0.72,-0.72,-4.4,-0.29,-0.17,-0.38
2024-03-25 17:1:19.2050,0.57,0.01,-4.77,-0.37,-0.01,-0.38
2024-03-25 17:1:19.2160,0.47,0.61,-5.08,-0.44,0.14,-0.37
2024-03-25 17:1:19.2250,0.34,0.89,-4.88,-0.49,0.27,-0.33
2024-03-25 17:1:19.2360,0.26,1.04,-4.27,-0.5,0.35,-0.29
2024-03-25 17:1:19.2450,0.17,1.04,-3.52,-0.5,0.4,-0.23
2024-03-25 17:1:19.2560,-0.01,0.87,-2.74,-0.46,0.4,-0.14
2024-03-25 17:1:19.2650,-0.25,0.64,-1.77,-0.38,0.34,-0.04
2024-03-25 17:1:19.2750,-0.43,0.33,-0.9,-0.3,0.25,0.06
2024-03-25 17:1:19.2860,-0.42,0.03,-0.33,-0.23,0.14,0.12
2024-03-25 17:1:19.2950,-0.16,-0.21,0.01,-0.17,0.04,0.15
2024-03-25 17:1:19.3050,0.17,-0.44,0.29,-0.07,-0.04,0.12
2024-03-25 17:1:19.3150,0.59,-0.68,0.61,0.05,-0.13,0.03
2024-03-25 17:1:19.3250,1.03,-0.78,0.66,0.13,-0.23,-0.08
2024-03-25 17:1:19.3350,1.21,-0.74,0.22,0.17,-0.29,-0.17
2024-03-25 17:1:19.3460,1.24,-0.47,-0.43,0.18,-0.32,-0.23
2024-03-25 17:1:19.3550,1.2,-0.04,-0.96,0.14,-0.29,-0.26
2024-03-25 17:1:19.3650,1.17,0.4,-1.51,0.07,-0.19,-0.26
2024-03-25 17:1:19.3750,1.18,0.85,-1.83,-0.03,-0.01,-0.26
2024-03-25 17:1:19.3850,1.13,1.19,-1.91,-0.15,0.23,-0.19
2024-03-25 17:1:19.3950,0.69,1.39,-1.43,-0.22,0.46,-0.09
2024-03-25 17:1:19.4050,0.38,1.49,-0.27,-0.21,0.59,-0.04
2024-03-25 17:1:19.4150,0.37,1.35,0.95,-0.18,0.62,-0.07
2024-03-25 17:1:19.4250,0.52,1.07,1.79,-0.13,0.58,-0.17
2024-03-25 17:1:19.4350,0.54,0.81,2.49,-0.07,0.54,-0.26
2024-03-25 17:1:19.4450,0.3,0.64,3.18,0.07,0.49,-0.33
2024-03-25 17:1:19.4550,-0.06,0.49,3.93,0.28,0.4,-0.38
2024-03-25 17:1:19.4650,-0.39,0.5,4.39,0.49,0.27,-0.4
2024-03-25 17:1:19.4750,-0.72,0.7,4.12,0.59,0.11,-0.39
2024-03-25 17:1:19.4850,-0.77,1.1,3.33,0.6,-0.1,-0.38
2024-03-25 17:1:19.4950,-0.72,1.44,2.65,0.5,-0.21,-0.31
2024-03-25 17:1:19.5050,-0.98,1.38,1.97,0.34,-0.2,-0.13
2024-03-25 17:1:19.5150,-1.36,1.05,1.66,0.25,-0.09,0.14
2024-03-25 17:1:19.5250,-1.46,0.5,2.15,0.28,0.01,0.37
2024-03-25 17:1:19.5350,-0.92,-0.49,2.65,0.32,-0.0,0.43
2024-03-25 17:1:19.5450,-0.12,-1.74,2.17,0.23,-0.1,0.42
2024-03-25 17:1:19.5550,0.19,-2.67,1.22,0.04,-0.2,0.4
2024-03-25 17:1:19.5650,0.32,-3.19,0.6,-0.17,-0.2,0.36
2024-03-25 17:1:19.5750,0.39,-3.65,0.53,-0.3,-0.1,0.32
2024-03-25 17:1:19.5850,0.23,-4.06,1.03,-0.36,0.05,0.3
2024-03-25 17:1:19.5950,-0.08,-4.35,1.42,-0.42,0.19,0.24
2024-03-25 17:1:19.6050,-0.42,-4.35,1.41,-0.46,0.24,0.18
2024-03-25 17:1:19.6150,-0.93,-3.98,1.27,-0.46,0.19,0.11
2024-03-25 17:1:19.6250,-1.43,-3.31,1.14,-0.43,0.09,0.07
2024-03-25 17:1:19.6350,-1.87,-2.4,0.67,-0.41,-0.03,0.09
2024-03-25 17:1:19.6450,-2.29,-1.46,-0.2,-0.43,-0.14,0.18
2024-03-25 17:1:19.6550,-2.57,-0.53,-1.27,-0.48,-0.2,0.34
2024-03-25 17:1:19.6650,-2.65,0.25,-2.28,-0.55,-0.22,0.52
2024-03-25 17:1:19.6750,-2.44,0.73,-3.08,-0.61,-0.17,0.69
2024-03-25 17:1:19.6850,-2.11,1.02,-3.53,-0.64,-0.07,0.83
2024-03-25 17:1:19.6950,-1.72,1.07,-3.74,-0.65,0.06,0.92
2024-03-25 17:1:19.7050,-1.22,0.9,-3.67,-0.57,0.2,0.94
2024-03-25 17:1:19.7150,-0.67,0.53,-3.02,-0.39,0.29,0.89
2024-03-25 17:1:19.7250,-0.17,0.12,-2.39,-0.19,0.32,0.77
2024-03-25 17:1:19.7350,0.24,-0.21,-2.18,-0.08,0.28,0.62
2024-03-25 17:1:19.7450,0.64,-0.36,-2.43,-0.08,0.19,0.46
2024-03-25 17:1:19.7550,0.92,-0.4,-2.87,-0.11,0.11,0.3
2024-03-25 17:1:19.7650,1.09,-0.41,-2.93,-0.11,0.07,0.18
2024-03-25 17:1:19.7750,1.16,-0.26,-2.61,-0.06,0.1,0.08
2024-03-25 17:1:19.7850,1.23,0.03,-2.26,-0.0,0.16,0.03
2024-03-25 17:1:19.7950,1.14,0.33,-2.18,0.01,0.21,0.02
2024-03-25 17:1:19.8050,0.86,0.62,-2.1,0.01,0.21,0.05
2024-03-25 17:1:19.8150,0.64,0.81,-1.84,-0.01,0.2,0.09
2024-03-25 17:1:19.8250,0.44,0.86,-1.42,0.01,0.21,0.18
2024-03-25 17:1:19.8350,0.16,0.87,-0.62,0.07,0.18,0.23
2024-03-25 17:1:19.8450,0.26,0.84,0.15,0.1,0.12,0.19
2024-03-25 17:1:19.8550,0.59,0.7,0.39,0.11,0.03,0.13
2024-03-25 17:1:19.8650,0.64,0.56,0.81,0.17,-0.07,0.05
2024-03-25 17:1:19.8750,0.6,0.52,1.5,0.24,-0.16,-0.03
2024-03-25 17:1:19.8850,0.54,0.48,1.85,0.25,-0.24,-0.1
2024-03-25 17:1:19.8950,0.49,0.58,1.76,0.19,-0.28,-0.15
2024-03-25 17:1:19.9050,0.4,0.83,1.69,0.09,-0.3,-0.19
2024-03-25 17:1:19.9150,0.38,1.04,1.9,0.02,-0.27,-0.24
2024-03-25 17:1:19.9250,0.22,1.08,2.47,0.03,-0.2,-0.29
2024-03-25 17:1:19.9350,0.14,1.1,3.35,0.12,-0.17,-0.38
2024-03-25 17:1:19.9450,0.05,1.13,4.09,0.25,-0.19,-0.48
2024-03-25 17:1:19.9550,0.02,1.24,4.33,0.36,-0.27,-0.6
2024-03-25 17:1:19.9650,0.12,1.48,4.12,0.43,-0.38,-0.74
2024-03-25 17:1:19.9750,0.38,1.95,3.58,0.37,-0.37,-0.8
2024-03-25 17:1:19.9850,0.13,2.32,2.86,0.18,-0.15,-0.63
2024-03-25 17:1:19.9950,-0.87,2.06,2.65,0.01,0.18,-0.26
2024-03-25 17:1:20.0050,-1.87,0.94,3.6,0.04,0.36,0.04
2024-03-25 17:1:20.0150,-1.77,-0.44,5.07,0.15,0.34,0.14
2024-03-25 17:1:20.0250,-0.9,-1.84,5.43,0.28,0.12,0.03
2024-03-25 17:1:20.0350,0.05,-2.74,5.09,0.38,-0.23,-0.25
2024-03-25 17:1:20.0450,0.77,-3.01,4.28,0.43,-0.48,-0.48
2024-03-25 17:1:20.0550,0.73,-2.91,3.32,0.55,-0.54,-0.57
2024-03-25 17:1:20.0650,0.25,-2.41,2.58,0.71,-0.46,-0.55
2024-03-25 17:1:20.0750,0.0,-2.03,1.49,0.81,-0.33,-0.5
2024-03-25 17:1:20.0850,-0.06,-1.83,-0.03,0.79,-0.2,-0.43
2024-03-25 17:1:20.0950,-0.1,-1.53,-1.63,0.64,-0.11,-0.34
2024-03-25 17:1:20.1050,-0.26,-1.25,-2.97,0.42,-0.06,-0.22
2024-03-25 17:1:20.1150,-0.44,-1.05,-3.8,0.17,0.04,-0.1
2024-03-25 17:1:20.1250,-0.53,-1.0,-4.22,-0.08,0.12,0.01
2024-03-25 17:1:20.1350,-0.62,-1.12,-4.24,-0.28,0.17,0.1
2024-03-25 17:1:20.1450,-0.62,-1.31,-3.77,-0.4,0.17,0.11
2024-03-25 17:1:20.1550,-0.38,-1.35,-3.04,-0.43,0.14,0.07
2024-03-25 17:1:20.1650,-0.15,-1.26,-2.48,-0.4,0.14,0.03
2024-03-25 17:1:20.1750,-0.02,-1.11,-2.15,-0.35,0.16,-0.01
2024-03-25 17:1:20.1850,-0.03,-0.85,-2.01,-0.29,0.2,-0.04
2024-03-25 17:1:20.1950,-0.14,-0.54,-2.14,-0.26,0.25,-0.05
2024-03-25 17:1:20.2050,-0.26,-0.21,-2.4,-0.26,0.27,-0.04
2024-03-25 17:1:20.2150,-0.42,0.17,-2.56,-0.28,0.26,0.01
2024-03-25 17:1:20.2250,-0.57,0.57,-2.58,-0.29,0.22,0.08
2024-03-25 17:1:20.2350,-0.69,0.96,-2.51,-0.3,0.15,0.17
2024-03-25 17:1:20.2450,-0.7,1.14,-2.34,-0.28,0.07,0.25
2024-03-25 17:1:20.2550,-0.49,1.16,-1.98,-0.23,-0.01,0.29
2024-03-25 17:1:20.2650,-0.17,1.02,-1.7,-0.17,-0.04,0.31
2024-03-25 17:1:20.2750,0.21,0.71,-1.48,-0.11,-0.02,0.3
2024-03-25 17:1:20.2850,0.54,0.38,-1.25,-0.06,0.02,0.29
2024-03-25 17:1:20.2950,0.66,0.11,-1.01,0.01,0.01,0.27
2024-03-25 17:1:20.3050,0.73,-0.01,-0.74,0.06,-0.07,0.23
2024-03-25 17:1:20.3150,0.86,-0.04,-0.71,0.07,-0.2,0.18
2024-03-25 17:1:20.3250,1.04,-0.1,-0.94,0.08,-0.31,0.09
2024-03-25 17:1:20.3350,1.27,-0.1,-1.11,0.1,-0.38,0.01
2024-03-25 17:1:20.3460,1.37,-0.05,-1.2,0.15,-0.42,-0.07
2024-03-25 17:1:20.3550,1.44,0.05,-1.31,0.19,-0.39,-0.15
2024-03-25 17:1:20.3650,1.53,0.16,-1.57,0.2,-0.28,-0.21
2024-03-25 17:1:20.3750,1.46,0.36,-1.81,0.18,-0.11,-0.24
2024-03-25 17:1:20.3850,1.22,0.64,-1.8,0.13,0.1,-0.23
2024-03-25 17:1:20.3950,0.98,1.0,-1.62,0.04,0.31,-0.19
2024-03-25 17:1:20.4050,0.6,1.29,-1.23,-0.04,0.45,-0.12
2024-03-25 17:1:20.4150,0.17,1.54,-0.31,-0.08,0.49,-0.05
2024-03-25 17:1:20.4250,-0.08,1.62,0.94,-0.08,0.41,-0.05
2024-03-25 17:1:20.4350,-0.05,1.59,1.93,-0.08,0.28,-0.09
2024-03-25 17:1:20.4450,0.04,1.55,2.58,-0.07,0.15,-0.14
2024-03-25 17:1:20.4550,0.04,1.5,3.09,-0.0,0.11,-0.17
2024-03-25 17:1:20.4650,0.05,1.54,3.65,0.1,0.16,-0.17
2024-03-25 17:1:20.4750,-0.06,1.55,3.91,0.2,0.27,-0.14
2024-03-25 17:1:20.4850,0.07,1.57,3.85,0.27,0.37,-0.12
2024-03-25 17:1:20.4950,0.03,1.6,3.65,0.28,0.44,-0.07
2024-03-25 17:1:20.5050,-0.39,1.58,3.36,0.19,0.49,0.06
2024-03-25 17:1:20.5140,-1.03,1.22,3.25,0.12,0.46,0.23
2024-03-25 17:1:20.5250,-1.42,0.58,3.86,0.18,0.29,0.34
2024-03-25 17:1:20.5350,-1.31,-0.35,4.74,0.33,0.03,0.35
2024-03-25 17:1:20.5450,-0.81,-1.31,4.77,0.42,-0.18,0.28
2024-03-25 17:1:20.5550,-0.26,-2.19,3.77,0.42,-0.29,0.2
2024-03-25 17:1:20.5650,-0.02,-2.7,2.63,0.37,-0.29,0.15
2024-03-25 17:1:20.5750,-0.12,-3.07,1.78,0.32,-0.21,0.13
2024-03-25 17:1:20.5850,-0.2,-3.32,1.35,0.29,-0.09,0.11
2024-03-25 17:1:20.5950,-0.32,-3.57,0.99,0.24,0.0,0.08
2024-03-25 17:1:20.6050,-0.49,-3.69,0.46,0.15,0.05,0.03
2024-03-25 17:1:20.6150,-0.7,-3.71,-0.23,0.03,0.07,-0.02
2024-03-25 17:1:20.6250,-0.91,-3.54,-0.84,-0.08,0.07,-0.07
2024-03-25 17:1:20.6350,-1.16,-3.16,-1.23,-0.14,0.04,-0.09
2024-03-25 17:1:20.6450,-1.32,-2.58,-1.48,-0.18,0.01,-0.09
2024-03-25 17:1:20.6550,-1.41,-1.9,-1.89,-0.24,-0.02,-0.06
2024-03-25 17:1:20.6650,-1.4,-1.31,-2.58,-0.3,-0.05,-0.0
2024-03-25 17:1:20.6750,-1.34,-0.79,-3.08,-0.34,-0.05,0.07
2024-03-25 17:1:20.6850,-1.2,-0.39,-3.38,-0.38,-0.03,0.14
2024-03-25 17:1:20.6950,-1.01,-0.09,-3.69,-0.42,0.05,0.23
2024-03-25 17:1:20.7050,-0.9,0.11,-3.82,-0.43,0.13,0.34
2024-03-25 17:1:20.7150,-0.82,0.26,-3.67,-0.41,0.21,0.44
2024-03-25 17:1:20.7240,-0.56,0.27,-3.43,-0.38,0.23,0.48
2024-03-25 17:1:20.7350,-0.16,0.24,-3.3,-0.36,0.19,0.48
2024-03-25 17:1:20.7450,0.13,0.21,-3.24,-0.35,0.09,0.46
2024-03-25 17:1:20.7550,0.35,0.26,-3.08,-0.37,0.02,0.44
2024-03-25 17:1:20.7650,0.49,0.32,-3.04,-0.4,-0.02,0.45
2024-03-25 17:1:20.7750,0.61,0.35,-2.97,-0.44,-0.01,0.44
2024-03-25 17:1:20.7840,0.78,0.34,-2.73,-0.46,0.03,0.43
2024-03-25 17:1:20.7940,0.95,0.33,-2.37,-0.44,0.1,0.42
2024-03-25 17:1:20.8050,0.99,0.3,-1.83,-0.36,0.15,0.4
2024-03-25 17:1:20.8140,1.06,0.31,-1.17,-0.26,0.13,0.34
2024-03-25 17:1:20.8240,1.29,0.27,-0.81,-0.19,0.06,0.22
2024-03-25 17:1:20.8340,1.6,0.2,-0.73,-0.14,-0.03,0.05
2024-03-25 17:1:20.8450,1.8,0.25,-0.65,-0.1,-0.05,-0.09
2024-03-25 17:1:20.8550,1.71,0.38,-0.5,-0.06,-0.05,-0.18
2024-03-25 17:1:20.8640,1.33,0.57,-0.18,-0.04,0.0,-0.2
2024-03-25 17:1:20.8750,0.78,0.75,0.13,-0.03,0.05,-0.17
2024-03-25 17:1:20.8840,0.42,0.87,0.51,-0.02,0.06,-0.13
2024-03-25 17:1:20.8940,0.2,0.9,0.97,-0.03,0.02,-0.12
2024-03-25 17:1:20.9040,0.09,0.93,1.35,-0.05,-0.07,-0.12
2024-03-25 17:1:20.9140,0.02,0.9,1.91,-0.03,-0.17,-0.18
2024-03-25 17:1:20.9240,0.18,0.89,2.58,0.01,-0.26,-0.27
2024-03-25 17:1:20.9340,0.35,0.81,3.01,0.06,-0.3,-0.38
2024-03-25 17:1:20.9450,0.33,0.86,3.29,0.1,-0.27,-0.46
2024-03-25 17:1:20.9540,0.12,0.94,3.57,0.17,-0.23,-0.53
2024-03-25 17:1:20.9640,0.06,1.12,3.9,0.26,-0.22,-0.63
2024-03-25 17:1:20.9750,0.13,1.42,4.05,0.34,-0.21,-0.73
2024-03-25 17:1:20.9840,0.19,1.86,3.86,0.34,-0.14,-0.77
2024-03-25 17:1:20.9940,-0.06,2.14,3.5,0.27,-0.01,-0.7
2024-03-25 17:1:21.0050,-0.79,2.07,3.46,0.21,0.1,-0.47
2024-03-25 17:1:21.0140,-1.74,1.34,4.15,0.3,0.06,-0.24
2024-03-25 17:1:21.0240,-1.81,0.21,5.13,0.47,-0.12,-0.18
2024-03-25 17:1:21.0340,-0.98,-0.95,4.92,0.6,-0.33,-0.24
2024-03-25 17:1:21.0440,-0.04,-1.82,4.0,0.67,-0.51,-0.38
2024-03-25 17:1:21.0540,0.58,-2.07,2.81,0.68,-0.55,-0.46
2024-03-25 17:1:21.0640,0.68,-2.11,1.59,0.68,-0.45,-0.44
2024-03-25 17:1:21.0740,0.48,-2.03,0.81,0.69,-0.29,-0.37
2024-03-25 17:1:21.0840,0.36,-1.99,0.12,0.65,-0.13,-0.28
2024-03-25 17:1:21.0940,0.35,-1.93,-0.74,0.55,-0.02,-0.21
2024-03-25 17:1:21.1040,0.36,-1.82,-1.55,0.37,0.02,-0.16
2024-03-25 17:1:21.1140,0.25,-1.69,-2.28,0.12,0.04,-0.07
2024-03-25 17:1:21.1240,-0.01,-1.61,-2.88,-0.15,0.07,0.04
2024-03-25 17:1:21.1340,-0.34,-1.64,-3.05,-0.39,0.1,0.18
2024-03-25 17:1:21.1440,-0.61,-1.83,-2.73,-0.55,0.13,0.28
2024-03-25 17:1:21.1540,-0.44,-2.07,-2.21,-0.65,0.11,0.28
2024-03-25 17:1:21.1640,0.06,-2.13,-1.8,-0.69,0.06,0.21
2024-03-25 17:1:21.1740,0.47,-1.97,-1.53,-0.65,0.04,0.11
2024-03-25 17:1:21.1840,0.69,-1.7,-1.24,-0.56,0.06,-0.01
2024-03-25 17:1:21.1940,0.86,-1.51,-1.17,-0.44,0.11,-0.13
2024-03-25 17:1:21.2040,0.92,-1.24,-1.3,-0.34,0.17,-0.23
2024-03-25 17:1:21.2140,0.77,-0.87,-1.62,-0.27,0.22,-0.29
2024-03-25 17:1:21.2240,0.47,-0.39,-1.91,-0.19,0.23,-0.29
2024-03-25 17:1:21.2340,0.18,0.05,-2.11,-0.14,0.21,-0.27
2024-03-25 17:1:21.2440,0.0,0.43,-2.41,-0.1,0.16,-0.22
2024-03-25 17:1:21.2540,-0.02,0.71,-2.74,-0.09,0.11,-0.16
2024-03-25 17:1:21.2640,0.04,0.89,-3.08,-0.1,0.08,-0.09
2024-03-25 17:1:21.2740,0.11,0.94,-3.24,-0.09,0.09,-0.02
2024-03-25 17:1:21.2840,0.31,0.91,-3.2,-0.09,0.11,0.04
2024-03-25 17:1:21.2940,0.55,0.81,-3.05,-0.08,0.12,0.08
2024-03-25 17:1:21.3040,0.76,0.67,-2.79,-0.09,0.11,0.1
2024-03-25 17:1:21.3140,0.85,0.5,-2.54,-0.09,0.09,0.12
2024-03-25 17:1:21.3240,0.85,0.33,-2.11,-0.08,0.05,0.13
2024-03-25 17:1:21.3340,0.85,0.18,-1.63,-0.06,0.01,0.13
2024-03-25 17:1:21.3450,0.82,0.08,-1.29,-0.07,-0.04,0.14
2024-03-25 17:1:21.3540,0.85,0.06,-1.13,-0.11,-0.1,0.12
2024-03-25 17:1:21.3640,0.97,0.12,-1.03,-0.19,-0.12,0.09
2024-03-25 17:1:21.3740,1.22,0.2,-0.86,-0.26,-0.05,0.03
2024-03-25 17:1:21.3840,1.4,0.26,-0.48,-0.31,0.12,-0.03
2024-03-25 17:1:21.3940,1.4,0.29,0.28,-0.29,0.36,-0.08
2024-03-25 17:1:21.4040,1.06,0.4,1.5,-0.23,0.61,-0.08
2024-03-25 17:1:21.4140,0.46,0.57,2.68,-0.15,0.75,-0.07
2024-03-25 17:1:21.4240,-0.12,0.7,3.8,-0.05,0.73,-0.08
2024-03-25 17:1:21.4340,-0.5,0.79,4.77,0.05,0.59,-0.13
2024-03-25 17:1:21.4440,-0.68,0.92,5.53,0.2,0.38,-0.2
2024-03-25 17:1:21.4540,-0.76,1.18,6.02,0.35,0.19,-0.27
2024-03-25 17:1:21.4640,-0.83,1.41,6.06,0.5,0.11,-0.3
2024-03-25 17:1:21.4740,-0.93,1.72,5.78,0.65,0.11,-0.28
2024-03-25 17:1:21.4840,-1.02,2.11,5.4,0.82,0.15,-0.25
2024-03-25 17:1:21.4940,-1.17,2.45,4.97,0.89,0.21,-0.14
2024-03-25 17:1:21.5040,-1.79,2.47,4.13,0.84,0.29,0.1
2024-03-25 17:1:21.5140,-2.5,2.21,3.59,0.79,0.24,0.41
2024-03-25 17:1:21.5240,-2.71,1.54,3.69,0.79,0.04,0.64
2024-03-25 17:1:21.5340,-2.21,0.05,3.7,0.84,-0.26,0.72
2024-03-25 17:1:21.5440,-1.45,-1.45,3.28,0.83,-0.53,0.68
2024-03-25 17:1:21.5540,-0.72,-2.56,2.1,0.68,-0.65,0.58
2024-03-25 17:1:21.5640,-0.05,-3.38,0.72,0.5,-0.63,0.45
2024-03-25 17:1:21.5740,0.26,-3.89,0.05,0.4,-0.48,0.34
2024-03-25 17:1:21.5840,0.2,-4.22,-0.03,0.35,-0.24,0.25
2024-03-25 17:1:21.5940,0.02,-4.39,-0.18,0.33,0.0,0.15
2024-03-25 17:1:21.6040,-0.16,-4.42,-0.61,0.26,0.16,0.05
2024-03-25 17:1:21.6140,-0.41,-4.24,-1.33,0.15,0.2,-0.02
2024-03-25 17:1:21.6240,-0.89,-3.88,-1.97,0.05,0.14,-0.06
2024-03-25 17:1:21.6340,-1.14,-3.26,-2.4,-0.08,0.01,-0.08
2024-03-25 17:1:21.6440,-1.19,-2.64,-3.01,-0.23,-0.12,-0.07
2024-03-25 17:1:21.6540,-1.2,-2.02,-3.46,-0.35,-0.23,0.0
2024-03-25 17:1:21.6640,-1.19,-1.46,-3.61,-0.41,-0.26,0.08
2024-03-25 17:1:21.6740,-0.98,-0.95,-3.67,-0.4,-0.2,0.15
2024-03-25 17:1:21.6840,-0.66,-0.54,-3.8,-0.36,-0.08,0.21
2024-03-25 17:1:21.6940,-0.43,-0.16,-3.99,-0.33,0.03,0.26
2024-03-25 17:1:21.7040,-0.35,0.23,-4.38,-0.33,0.1,0.33
2024-03-25 17:1:21.7140,-0.41,0.59,-4.74,-0.35,0.12,0.41
2024-03-25 17:1:21.7240,-0.5,0.8,-4.81,-0.34,0.1,0.52
2024-03-25 17:1:21.7340,-0.71,0.79,-4.52,-0.31,0.06,0.64
2024-03-25 17:1:21.7440,-0.85,0.65,-4.14,-0.28,0.01,0.75
2024-03-25 17:1:21.7540,-0.66,0.48,-3.98,-0.33,-0.03,0.8
2024-03-25 17:1:21.7640,-0.24,0.16,-4.1,-0.42,-0.06,0.77
2024-03-25 17:1:21.7740,0.19,-0.03,-3.88,-0.49,-0.09,0.69
2024-03-25 17:1:21.7840,0.62,-0.24,-3.31,-0.52,-0.06,0.56
2024-03-25 17:1:21.7940,0.96,-0.47,-2.56,-0.5,0.0,0.42
2024-03-25 17:1:21.8040,1.09,-0.61,-1.71,-0.45,0.08,0.3
2024-03-25 17:1:21.8140,0.97,-0.66,-0.73,-0.34,0.14,0.19
2024-03-25 17:1:21.8240,0.84,-0.49,0.23,-0.21,0.15,0.08
2024-03-25 17:1:21.8340,0.74,-0.24,0.84,-0.11,0.1,-0.03
2024-03-25 17:1:21.8440,0.61,0.1,1.1,-0.05,0.04,-0.12
2024-03-25 17:1:21.8540,0.34,0.44,1.27,-0.02,0.01,-0.16
2024-03-25 17:1:21.8640,0.01,0.73,1.44,0.0,0.01,-0.16
2024-03-25 17:1:21.8740,-0.43,1.01,1.79,0.03,0.05,-0.13
2024-03-25 17:1:21.8840,-0.76,1.28,2.23,0.06,0.06,-0.11
2024-03-25 17:1:21.8940,-0.98,1.53,2.61,0.07,0.03,-0.09
2024-03-25 17:1:21.9040,-1.14,1.7,2.94,0.08,-0.03,-0.1
2024-03-25 17:1:21.9140,-1.17,1.83,3.27,0.1,-0.13,-0.12
2024-03-25 17:1:21.9240,-1.24,1.8,3.59,0.16,-0.22,-0.14
2024-03-25 17:1:21.9340,-1.18,1.8,4.0,0.25,-0.3,-0.2
2024-03-25 17:1:21.9440,-1.05,1.87,4.14,0.34,-0.37,-0.27
2024-03-25 17:1:21.9540,-0.94,1.9,3.95,0.42,-0.39,-0.37
2024-03-25 17:1:21.9640,-0.61,2.11,3.65,0.48,-0.34,-0.44
2024-03-25 17:1:21.9740,-0.46,2.35,3.27,0.48,-0.17,-0.41
2024-03-25 17:1:21.9840,-0.8,2.37,3.08,0.49,0.05,-0.22
2024-03-25 17:1:21.9940,-1.47,1.79,3.33,0.57,0.23,0.04
2024-03-25 17:1:22.0040,-1.75,0.7,3.98,0.66,0.26,0.2
2024-03-25 17:1:22.0140,-1.26,-0.53,3.88,0.67,0.11,0.21
2024-03-25 17:1:22.0240,-0.49,-1.55,2.9,0.63,-0.12,0.12
2024-03-25 17:1:22.0340,0.16,-2.15,2.15,0.61,-0.35,-0.02
2024-03-25 17:1:22.0440,0.67,-2.22,1.72,0.6,-0.46,-0.1
2024-03-25 17:1:22.0540,0.75,-2.08,1.01,0.57,-0.43,-0.07
2024-03-25 17:1:22.0640,0.64,-1.83,0.18,0.48,-0.28,0.02
2024-03-25 17:1:22.0740,0.61,-1.7,-0.66,0.33,-0.08,0.14
2024-03-25 17:1:22.0840,0.64,-1.69,-1.3,0.16,0.11,0.25
2024-03-25 17:1:22.0940,0.61,-1.71,-1.62,-0.04,0.21,0.36
2024-03-25 17:1:22.1040,0.47,-1.81,-1.74,-0.28,0.18,0.45
2024-03-25 17:1:22.1140,0.23,-2.05,-1.83,-0.54,0.08,0.52
2024-03-25 17:1:22.1240,0.19,-2.38,-1.76,-0.75,-0.01,0.53
2024-03-25 17:1:22.1340,0.5,-2.77,-1.49,-0.83,-0.06,0.44
2024-03-25 17:1:22.1440,1.12,-2.94,-0.87,-0.78,-0.06,0.26
2024-03-25 17:1:22.1540,1.66,-2.72,-0.38,-0.64,-0.03,0.07
2024-03-25 17:1:22.1640,1.86,-2.31,-0.37,-0.49,0.04,-0.11
2024-03-25 17:1:22.1740,1.87,-1.84,-0.83,-0.39,0.1,-0.27
2024-03-25 17:1:22.1840,1.66,-1.34,-1.56,-0.32,0.17,-0.36
2024-03-25 17:1:22.1940,1.25,-0.83,-2.2,-0.28,0.24,-0.38
2024-03-25 17:1:22.2040,0.76,-0.36,-2.58,-0.22,0.27,-0.33
2024-03-25 17:1:22.2140,0.34,-0.01,-2.72,-0.15,0.26,-0.28
2024-03-25 17:1:22.2240,0.17,0.24,-2.97,-0.11,0.2,-0.24
2024-03-25 17:1:22.2340,0.14,0.36,-3.36,-0.11,0.13,-0.21
2024-03-25 17:1:22.2440,0.16,0.47,-3.84,-0.15,0.09,-0.16
2024-03-25 17:1:22.2540,0.08,0.53,-4.08,-0.2,0.11,-0.06
2024-03-25 17:1:22.2640,0.02,0.48,-3.93,-0.22,0.19,0.03
2024-03-25 17:1:22.2740,0.14,0.32,-3.54,-0.22,0.27,0.1
2024-03-25 17:1:22.2830,0.34,0.07,-3.03,-0.22,0.3,0.14
2024-03-25 17:1:22.2940,0.46,-0.18,-2.6,-0.23,0.27,0.15
2024-03-25 17:1:22.3040,0.5,-0.33,-2.29,-0.24,0.17,0.13
2024-03-25 17:1:22.3140,0.58,-0.38,-1.96,-0.28,0.06,0.08
2024-03-25 17:1:22.3230,0.66,-0.33,-1.71,-0.33,-0.02,0.05
2024-03-25 17:1:22.3330,0.69,-0.13,-1.31,-0.35,-0.03,0.03
2024-03-25 17:1:22.3440,0.68,0.23,-0.73,-0.38,0.0,0.04
2024-03-25 17:1:22.3540,0.68,0.61,-0.24,-0.41,0.08,0.06
2024-03-25 17:1:22.3640,0.72,0.91,0.23,-0.42,0.19,0.08
2024-03-25 17:1:22.3730,0.6,1.13,0.92,-0.4,0.34,0.11
2024-03-25 17:1:22.3840,0.51,1.32,1.71,-0.38,0.49,0.12
2024-03-25 17:1:22.3930,0.48,1.3,2.56,-0.32,0.61,0.09
2024-03-25 17:1:22.4030,0.48,1.23,3.54,-0.23,0.66,0.03
2024-03-25 17:1:22.4130,0.27,1.17,4.47,-0.12,0.62,-0.03
2024-03-25 17:1:22.4230,-0.11,1.08,5.29,0.04,0.53,-0.09
2024-03-25 17:1:22.4330,-0.38,1.08,5.91,0.23,0.41,-0.14
2024-03-25 17:1:22.4430,-0.61,1.17,6.21,0.43,0.28,-0.16
2024-03-25 17:1:22.4530,-0.74,1.36,6.03,0.61,0.14,-0.17
2024-03-25 17:1:22.4640,-0.72,1.7,5.45,0.74,0.04,-0.16
2024-03-25 17:1:22.4730,-0.66,2.18,4.62,0.8,-0.03,-0.14
2024-03-25 17:1:22.4830,-0.57,2.59,3.68,0.74,-0.02,-0.06
2024-03-25 17:1:22.4930,-0.92,2.71,2.63,0.56,0.15,0.18
2024-03-25 17:1:22.5030,-1.87,2.01,2.1,0.49,0.35,0.56
2024-03-25 17:1:22.5130,-2.39,0.81,3.01,0.67,0.31,0.77
2024-03-25 17:1:22.5230,-1.59,-0.74,3.84,0.85,0.03,0.73
2024-03-25 17:1:22.5330,-0.64,-2.31,2.95,0.85,-0.31,0.58
2024-03-25 17:1:22.5430,-0.02,-3.1,1.13,0.66,-0.5,0.44
2024-03-25 17:1:22.5530,0.17,-3.6,-0.48,0.45,-0.47,0.37
2024-03-25 17:1:22.5640,0.12,-3.9,-0.88,0.36,-0.3,0.32
2024-03-25 17:1:22.5730,-0.04,-4.2,-0.6,0.34,-0.09,0.26
2024-03-25 17:1:22.5830,-0.25,-4.52,-0.69,0.29,0.12,0.17
2024-03-25 17:1:22.5930,-0.42,-4.65,-1.23,0.17,0.24,0.06
2024-03-25 17:1:22.6040,-0.6,-4.56,-1.94,0.01,0.27,-0.05
2024-03-25 17:1:22.6130,-0.95,-4.18,-2.37,-0.12,0.23,-0.11
2024-03-25 17:1:22.6230,-1.34,-3.35,-2.38,-0.24,0.12,-0.13
2024-03-25 17:1:22.6330,-1.57,-2.39,-2.6,-0.36,-0.01,-0.09
2024-03-25 17:1:22.6430,-1.71,-1.54,-2.98,-0.5,-0.11,-0.0
2024-03-25 17:1:22.6530,-1.68,-0.81,-3.3,-0.6,-0.16,0.13
2024-03-25 17:1:22.6630,-1.63,-0.3,-3.34,-0.63,-0.16,0.27
2024-03-25 17:1:22.6730,-1.46,0.09,-3.25,-0.63,-0.11,0.4
2024-03-25 17:1:22.6830,-1.21,0.31,-3.29,-0.61,-0.07,0.49
2024-03-25 17:1:22.6930,-0.89,0.42,-3.34,-0.59,-0.05,0.53
2024-03-25 17:1:22.7030,-0.59,0.47,-3.38,-0.54,-0.04,0.55
2024-03-25 17:1:22.7130,-0.37,0.45,-3.31,-0.48,-0.04,0.54
2024-03-25 17:1:22.7230,-0.16,0.47,-3.2,-0.41,-0.04,0.52
2024-03-25 17:1:22.7330,-0.06,0.51,-3.21,-0.38,-0.06,0.52
2024-03-25 17:1:22.7430,-0.07,0.54,-3.31,-0.37,-0.07,0.53
2024-03-25 17:1:22.7530,-0.04,0.52,-3.39,-0.38,-0.05,0.55
2024-03-25 17:1:22.7630,0.15,0.41,-3.4,-0.39,-0.01,0.54
2024-03-25 17:1:22.7730,0.41,0.26,-3.23,-0.39,0.03,0.5
2024-03-25 17:1:22.7830,0.66,0.17,-3.02,-0.39,0.07,0.44
2024-03-25 17:1:22.7930,0.81,0.12,-2.79,-0.4,0.09,0.34
2024-03-25 17:1:22.8030,0.97,-0.02,-2.45,-0.41,0.11,0.23
2024-03-25 17:1:22.8130,1.02,-0.04,-1.89,-0.4,0.12,0.14
2024-03-25 17:1:22.8230,0.84,0.06,-1.13,-0.35,0.11,0.08
2024-03-25 17:1:22.8330,0.61,0.3,-0.38,-0.29,0.09,0.02
2024-03-25 17:1:22.8430,0.5,0.54,0.18,-0.25,0.04,-0.04
2024-03-25 17:1:22.8530,0.43,0.78,0.59,-0.21,0.0,-0.08
2024-03-25 17:1:22.8630,0.23,1.05,1.02,-0.18,0.0,-0.1
2024-03-25 17:1:22.8730,-0.13,1.3,1.49,-0.14,0.02,-0.1
2024-03-25 17:1:22.8830,-0.45,1.56,2.04,-0.13,0.05,-0.08
2024-03-25 17:1:22.8930,-0.62,1.76,2.47,-0.12,0.06,-0.1
2024-03-25 17:1:22.9030,-0.69,1.88,2.99,-0.1,0.03,-0.14
2024-03-25 17:1:22.9130,-0.78,1.86,3.63,-0.0,-0.01,-0.2
2024-03-25 17:1:22.9230,-0.79,1.83,4.6,0.18,-0.09,-0.31
2024-03-25 17:1:22.9330,-0.75,1.89,5.29,0.34,-0.21,-0.44
2024-03-25 17:1:22.9430,-0.87,2.02,5.2,0.43,-0.31,-0.51
2024-03-25 17:1:22.9530,-1.18,2.28,4.81,0.52,-0.38,-0.53
2024-03-25 17:1:22.9630,-1.38,2.66,4.69,0.64,-0.4,-0.48
2024-03-25 17:1:22.9730,-1.44,3.06,4.5,0.71,-0.33,-0.37
2024-03-25 17:1:22.9830,-1.45,3.27,3.97,0.63,-0.2,-0.14
2024-03-25 17:1:22.9930,-1.71,2.8,3.1,0.54,-0.05,0.16
2024-03-25 17:1:23.0030,-1.89,1.45,3.27,0.55,0.07,0.44
2024-03-25 17:1:23.0130,-1.56,-0.03,3.97,0.63,0.02,0.55
2024-03-25 17:1:23.0230,-0.66,-1.49,4.01,0.71,-0.17,0.43
2024-03-25 17:1:23.0340,0.5,-2.7,3.42,0.73,-0.38,0.19
2024-03-25 17:1:23.0430,1.35,-3.32,2.45,0.71,-0.53,-0.04
2024-03-25 17:1:23.0530,1.63,-3.42,1.58,0.71,-0.53,-0.19
2024-03-25 17:1:23.0630,1.42,-3.24,0.87,0.75,-0.4,-0.22
2024-03-25 17:1:23.0730,1.07,-2.97,0.13,0.74,-0.21,-0.19
2024-03-25 17:1:23.0830,0.9,-2.65,-0.93,0.6,-0.01,-0.15
2024-03-25 17:1:23.0930,0.73,-2.33,-2.2,0.33,0.13,-0.08
2024-03-25 17:1:23.1030,0.4,-2.13,-3.25,0.0,0.22,0.03
2024-03-25 17:1:23.1130,-0.02,-2.13,-3.61,-0.31,0.23,0.14
2024-03-25 17:1:23.1230,-0.25,-2.29,-3.3,-0.54,0.17,0.19
2024-03-25 17:1:23.1330,0.01,-2.45,-2.69,-0.69,0.06,0.13
2024-03-25 17:1:23.1430,0.58,-2.36,-2.12,-0.75,-0.04,0.01
2024-03-25 17:1:23.1530,1.06,-2.08,-1.55,-0.7,-0.06,-0.12
2024-03-25 17:1:23.1630,1.39,-1.78,-1.07,-0.59,-0.03,-0.26
2024-03-25 17:1:23.1730,1.5,-1.44,-0.97,-0.5,0.02,-0.37
2024-03-25 17:1:23.1830,1.46,-1.01,-1.29,-0.45,0.09,-0.43
2024-03-25 17:1:23.1930,1.18,-0.58,-1.67,-0.42,0.15,-0.42
2024-03-25 17:1:23.2030,0.8,-0.17,-1.81,-0.37,0.18,-0.38
2024-03-25 17:1:23.2130,0.49,0.18,-1.71,-0.3,0.16,-0.31
2024-03-25 17:1:23.2230,0.32,0.4,-1.71,-0.23,0.1,-0.26
2024-03-25 17:1:23.2330,0.34,0.46,-1.86,-0.18,0.02,-0.24
2024-03-25 17:1:23.2430,0.52,0.44,-2.21,-0.16,-0.03,-0.23
2024-03-25 17:1:23.2530,0.61,0.36,-2.56,-0.13,-0.06,-0.21
2024-03-25 17:1:23.2630,0.56,0.27,-2.69,-0.12,-0.07,-0.18
2024-03-25 17:1:23.2730,0.52,0.15,-2.76,-0.11,-0.06,-0.14
2024-03-25 17:1:23.2830,0.55,0.13,-2.68,-0.1,-0.05,-0.1
2024-03-25 17:1:23.2930,0.68,0.19,-2.65,-0.12,-0.05,-0.06
2024-03-25 17:1:23.3030,0.75,0.24,-2.71,-0.16,-0.07,-0.01
2024-03-25 17:1:23.3130,0.81,0.24,-2.56,-0.17,-0.1,0.01
2024-03-25 17:1:23.3230,0.93,0.22,-2.32,-0.19,-0.12,0.02
2024-03-25 17:1:23.3330,0.98,0.18,-2.22,-0.22,-0.14,0.02
2024-03-25 17:1:23.3440,1.13,0.19,-2.16,-0.28,-0.13,-0.0
2024-03-25 17:1:23.3530,1.22,0.24,-1.99,-0.32,-0.08,-0.02
2024-03-25 17:1:23.3630,1.33,0.43,-1.52,-0.36,0.05,-0.04
2024-03-25 17:1:23.3730,1.39,0.59,-0.87,-0.38,0.21,-0.06
2024-03-25 17:1:23.3830,1.27,0.78,0.14,-0.35,0.39,-0.09
2024-03-25 17:1:23.3930,1.25,0.93,1.26,-0.32,0.55,-0.16
2024-03-25 17:1:23.4030,1.13,0.87,2.34,-0.23,0.68,-0.22
2024-03-25 17:1:23.4130,0.76,0.78,3.81,-0.05,0.71,-0.29
2024-03-25 17:1:23.4230,0.33,0.86,5.25,0.17,0.61,-0.36
2024-03-25 17:1:23.4330,-0.07,0.95,6.06,0.35,0.41,-0.44
2024-03-25 17:1:23.4430,-0.4,1.14,6.22,0.46,0.21,-0.5
2024-03-25 17:1:23.4530,-0.65,1.33,5.93,0.58,0.07,-0.51
2024-03-25 17:1:23.4630,-0.82,1.48,5.78,0.79,0.0,-0.49
2024-03-25 17:1:23.4730,-0.77,1.72,5.75,1.02,-0.01,-0.49
2024-03-25 17:1:23.4830,-0.64,1.98,5.07,1.1,0.03,-0.47
2024-03-25 17:1:23.4930,-0.83,1.98,3.55,0.98,0.16,-0.33
2024-03-25 17:1:23.5030,-1.64,1.51,2.1,0.77,0.33,-0.03
2024-03-25 17:1:23.5130,-2.47,0.54,1.75,0.69,0.35,0.23
2024-03-25 17:1:23.5230,-2.12,-0.43,2.36,0.67,0.2,0.29
2024-03-25 17:1:23.5330,-1.4,-1.7,2.18,0.57,-0.0,0.29
2024-03-25 17:1:23.5430,-1.07,-2.71,1.33,0.4,-0.16,0.25
2024-03-25 17:1:23.5530,-0.77,-3.22,0.67,0.23,-0.23,0.21
2024-03-25 17:1:23.5630,-0.52,-3.54,0.37,0.09,-0.2,0.18
2024-03-25 17:1:23.5730,-0.48,-3.8,0.27,-0.02,-0.12,0.15
2024-03-25 17:1:23.5830,-0.46,-3.93,0.09,-0.15,-0.01,0.1
2024-03-25 17:1:23.5930,-0.44,-4.0,-0.28,-0.3,0.07,0.04
2024-03-25 17:1:23.6030,-0.61,-3.89,-0.51,-0.42,0.08,-0.02
2024-03-25 17:1:23.6130,-0.9,-3.57,-0.43,-0.48,0.08,-0.07
2024-03-25 17:1:23.6230,-1.05,-3.03,-0.32,-0.49,0.04,-0.1
2024-03-25 17:1:23.6330,-1.14,-2.35,-0.49,-0.5,-0.02,-0.08
2024-03-25 17:1:23.6420,-1.18,-1.8,-0.86,-0.47,-0.11,-0.06
2024-03-25 17:1:23.6530,-0.96,-1.32,-1.2,-0.4,-0.18,-0.06
2024-03-25 17:1:23.6630,-0.69,-0.95,-1.66,-0.31,-0.23,-0.06
2024-03-25 17:1:23.6730,-0.42,-0.59,-2.28,-0.23,-0.24,-0.05
2024-03-25 17:1:23.6830,-0.23,-0.3,-3.01,-0.16,-0.2,-0.03
2024-03-25 17:1:23.6930,-0.13,-0.01,-3.63,-0.1,-0.14,0.01
2024-03-25 17:1:23.7030,-0.12,0.24,-4.22,-0.07,-0.09,0.09
2024-03-25 17:1:23.7130,-0.19,0.41,-4.8,-0.08,-0.06,0.17
2024-03-25 17:1:23.7230,-0.19,0.61,-5.26,-0.14,-0.04,0.29
2024-03-25 17:1:23.7330,-0.29,0.7,-5.69,-0.26,-0.01,0.45
2024-03-25 17:1:23.7430,-0.26,0.7,-6.01,-0.4,0.01,0.57
2024-03-25 17:1:23.7530,0.12,0.54,-5.87,-0.5,0.05,0.63
2024-03-25 17:1:23.7630,0.57,0.25,-5.09,-0.53,0.1,0.61
2024-03-25 17:1:23.7730,1.08,-0.01,-4.21,-0.52,0.17,0.51
2024-03-25 17:1:23.7830,1.52,-0.3,-3.33,-0.49,0.22,0.36
2024-03-25 17:1:23.7930,1.77,-0.45,-2.39,-0.48,0.25,0.21
2024-03-25 17:1:23.8030,1.74,-0.44,-1.61,-0.49,0.26,0.08
2024-03-25 17:1:23.8130,1.43,-0.29,-0.77,-0.47,0.26,0.01
2024-03-25 17:1:23.8220,1.07,-0.05,0.33,-0.39,0.25,-0.03
2024-03-25 17:1:23.8330,0.67,0.18,1.61,-0.22,0.22,-0.03
2024-03-25 17:1:23.8430,0.41,0.42,2.73,-0.05,0.15,-0.06
2024-03-25 17:1:23.8530,0.38,0.47,3.33,0.07,0.05,-0.15
2024-03-25 17:1:23.8620,0.45,0.47,3.57,0.15,-0.09,-0.29
2024-03-25 17:1:23.8730,0.45,0.46,3.7,0.22,-0.2,-0.44
2024-03-25 17:1:23.8820,0.21,0.54,3.84,0.28,-0.24,-0.51
2024-03-25 17:1:23.8930,-0.42,0.72,4.0,0.36,-0.22,-0.51
2024-03-25 17:1:23.9030,-1.0,1.0,4.17,0.43,-0.2,-0.5
2024-03-25 17:1:23.9120,-1.3,1.18,4.12,0.49,-0.24,-0.49
2024-03-25 17:1:23.9230,-1.51,1.37,4.03,0.55,-0.3,-0.49
2024-03-25 17:1:23.9330,-1.56,1.56,3.79,0.61,-0.36,-0.53
2024-03-25 17:1:23.9430,-1.49,1.8,3.46,0.69,-0.4,-0.56
2024-03-25 17:1:23.9520,-1.59,1.93,3.17,0.79,-0.39,-0.6
2024-03-25 17:1:23.9630,-1.51,2.15,2.86,0.87,-0.38,-0.64
2024-03-25 17:1:23.9720,-1.36,2.51,2.37,0.86,-0.39,-0.69
2024-03-25 17:1:23.9820,-1.2,3.06,1.61,0.73,-0.37,-0.63
2024-03-25 17:1:23.9920,-1.49,3.37,0.93,0.56,-0.19,-0.38
2024-03-25 17:1:24.0020,-2.09,2.89,0.98,0.52,0.06,-0.04
2024-03-25 17:1:24.0120,-2.22,1.71,1.99,0.57,0.2,0.21
2024-03-25 17:1:24.0230,-1.47,0.29,2.61,0.58,0.13,0.32
2024-03-25 17:1:24.0320,-0.68,-1.07,2.25,0.57,-0.09,0.28
2024-03-25 17:1:24.0420,0.22,-2.03,1.89,0.54,-0.29,0.13
2024-03-25 17:1:24.0520,1.02,-2.74,1.52,0.55,-0.38,-0.04
2024-03-25 17:1:24.0620,1.4,-3.04,1.37,0.62,-0.34,-0.15
2024-03-25 17:1:24.0720,1.28,-3.12,1.11,0.68,-0.22,-0.17
2024-03-25 17:1:24.0820,0.92,-3.08,0.43,0.67,-0.08,-0.14
2024-03-25 17:1:24.0920,0.63,-2.94,-0.5,0.56,0.0,-0.09
2024-03-25 17:1:24.1020,0.38,-2.82,-1.52,0.34,-0.0,-0.03
2024-03-25 17:1:24.1120,0.08,-2.67,-2.51,0.05,-0.05,0.05
2024-03-25 17:1:24.1220,-0.14,-2.62,-3.24,-0.26,-0.08,0.13
2024-03-25 17:1:24.1320,-0.17,-2.73,-3.54,-0.5,-0.08,0.15
2024-03-25 17:1:24.1420,0.14,-2.8,-3.4,-0.67,-0.08,0.08
2024-03-25 17:1:24.1520,0.53,-2.68,-3.04,-0.76,-0.09,-0.02
2024-03-25 17:1:24.1620,0.78,-2.33,-2.6,-0.77,-0.08,-0.14
2024-03-25 17:1:24.1720,0.93,-1.99,-2.36,-0.76,-0.04,-0.25
2024-03-25 17:1:24.1820,1.02,-1.6,-2.36,-0.73,0.06,-0.35
2024-03-25 17:1:24.1920,1.0,-1.16,-2.43,-0.69,0.2,-0.41
2024-03-25 17:1:24.2020,0.8,-0.75,-2.45,-0.62,0.34,-0.41
2024-03-25 17:1:24.2120,0.41,-0.29,-2.25,-0.53,0.44,-0.36
2024-03-25 17:1:24.2220,0.05,0.11,-2.03,-0.44,0.44,-0.3
2024-03-25 17:1:24.2320,-0.19,0.42,-1.97,-0.36,0.35,-0.23
2024-03-25 17:1:24.2420,-0.37,0.68,-1.96,-0.3,0.22,-0.17
2024-03-25 17:1:24.2520,-0.41,0.89,-2.01,-0.28,0.1,-0.1
2024-03-25 17:1:24.2620,-0.48,1.03,-2.1,-0.25,0.04,0.02
2024-03-25 17:1:24.2720,-0.52,1.07,-1.93,-0.2,0.03,0.14
2024-03-25 17:1:24.2820,-0.41,0.98,-1.68,-0.15,0.06,0.26
2024-03-25 17:1:24.2920,-0.19,0.79,-1.58,-0.1,0.05,0.34
2024-03-25 17:1:24.3020,0.09,0.56,-1.59,-0.09,0.02,0.37
2024-03-25 17:1:24.3120,0.36,0.29,-1.59,-0.09,-0.01,0.37
2024-03-25 17:1:24.3220,0.61,0.17,-1.52,-0.12,-0.05,0.36
2024-03-25 17:1:24.3320,0.75,0.11,-1.5,-0.18,-0.07,0.35
2024-03-25 17:1:24.3420,0.87,0.23,-1.29,-0.23,-0.09,0.35
2024-03-25 17:1:24.3520,1.02,0.31,-0.92,-0.24,-0.09,0.32
2024-03-25 17:1:24.3620,1.23,0.42,-0.48,-0.23,-0.04,0.27
2024-03-25 17:1:24.3720,1.45,0.53,-0.15,-0.23,0.05,0.2
2024-03-25 17:1:24.3820,1.61,0.71,0.08,-0.25,0.2,0.14
2024-03-25 17:1:24.3920,1.45,0.94,0.54,-0.24,0.38,0.12
2024-03-25 17:1:24.4020,1.22,1.3,1.42,-0.2,0.53,0.09
2024-03-25 17:1:24.4120,1.05,1.5,2.18,-0.17,0.63,0.05
2024-03-25 17:1:24.4220,0.85,1.67,2.88,-0.13,0.64,-0.01
2024-03-25 17:1:24.4320,0.68,1.73,3.6,-0.06,0.6,-0.09
2024-03-25 17:1:24.4420,0.48,1.74,4.28,0.05,0.51,-0.16
2024-03-25 17:1:24.4520,0.18,1.74,4.88,0.19,0.39,-0.23
2024-03-25 17:1:24.4620,-0.08,1.81,5.18,0.31,0.3,-0.26
2024-03-25 17:1:24.4720,-0.33,1.87,5.0,0.42,0.22,-0.26
2024-03-25 17:1:24.4820,-0.51,2.1,4.76,0.5,0.14,-0.22
2024-03-25 17:1:24.4920,-0.76,2.36,4.31,0.49,0.1,-0.11
2024-03-25 17:1:24.5020,-1.13,2.36,3.71,0.45,0.12,0.07
2024-03-25 17:1:24.5120,-1.43,2.03,3.5,0.46,0.14,0.27
2024-03-25 17:1:24.5220,-1.57,1.35,3.84,0.58,0.14,0.42
2024-03-25 17:1:24.5320,-1.23,0.29,4.17,0.73,0.07,0.47
2024-03-25 17:1:24.5420,-0.84,-1.04,3.72,0.79,-0.04,0.49
2024-03-25 17:1:24.5520,-0.65,-2.14,2.69,0.75,-0.17,0.47
2024-03-25 17:1:24.5620,-0.49,-3.03,1.56,0.67,-0.26,0.42
2024-03-25 17:1:24.5720,-0.35,-3.73,0.79,0.59,-0.28,0.36
2024-03-25 17:1:24.5820,-0.25,-4.31,0.3,0.53,-0.22,0.28
2024-03-25 17:1:24.5920,-0.3,-4.68,-0.21,0.46,-0.11,0.2
2024-03-25 17:1:24.6020,-0.39,-4.9,-0.83,0.37,0.03,0.1
2024-03-25 17:1:24.6120,-0.51,-4.96,-1.52,0.22,0.18,-0.02
2024-03-25 17:1:24.6220,-0.77,-4.91,-2.21,0.06,0.28,-0.13
2024-03-25 17:1:24.6320,-1.09,-4.55,-2.64,-0.07,0.31,-0.22
2024-03-25 17:1:24.6420,-1.41,-3.8,-2.71,-0.13,0.27,-0.27
2024-03-25 17:1:24.6520,-1.61,-2.87,-2.77,-0.19,0.2,-0.29
2024-03-25 17:1:24.6620,-1.73,-2.02,-3.1,-0.25,0.1,-0.25
2024-03-25 17:1:24.6720,-1.81,-1.19,-3.62,-0.34,0.01,-0.15
2024-03-25 17:1:24.6820,-1.82,-0.5,-4.17,-0.45,-0.05,-0.02
2024-03-25 17:1:24.6920,-1.79,0.07,-4.55,-0.55,-0.06,0.15
2024-03-25 17:1:24.7020,-1.69,0.45,-4.75,-0.63,-0.03,0.33
2024-03-25 17:1:24.7120,-1.48,0.67,-4.82,-0.71,0.02,0.49
2024-03-25 17:1:24.7220,-1.27,0.75,-4.75,-0.76,0.06,0.65
2024-03-25 17:1:24.7320,-1.06,0.74,-4.46,-0.77,0.07,0.76
2024-03-25 17:1:24.7420,-0.65,0.62,-4.02,-0.74,0.05,0.79
2024-03-25 17:1:24.7520,-0.26,0.43,-3.64,-0.7,0.0,0.81
2024-03-25 17:1:24.7620,-0.06,0.3,-3.29,-0.66,-0.05,0.81
2024-03-25 17:1:24.7720,0.18,0.25,-3.02,-0.62,-0.08,0.8
2024-03-25 17:1:24.7820,0.4,0.19,-2.76,-0.58,-0.05,0.78
2024-03-25 17:1:24.7920,0.78,0.19,-2.34,-0.52,-0.01,0.71
2024-03-25 17:1:24.8020,1.22,0.27,-1.88,-0.48,0.04,0.63
2024-03-25 17:1:24.8120,1.45,0.4,-1.55,-0.45,0.08,0.56
2024-03-25 17:1:24.8220,1.52,0.48,-1.1,-0.41,0.1,0.48
2024-03-25 17:1:24.8320,1.51,0.56,-0.54,-0.35,0.12,0.42
2024-03-25 17:1:24.8420,1.44,0.57,0.05,-0.28,0.12,0.37
2024-03-25 17:1:24.8520,1.32,0.59,0.57,-0.24,0.08,0.3
2024-03-25 17:1:24.8620,1.28,0.61,0.88,-0.23,0.02,0.21
2024-03-25 17:1:24.8720,1.18,0.61,1.19,-0.22,-0.02,0.1
2024-03-25 17:1:24.8820,1.05,0.6,1.71,-0.2,-0.02,0.0
2024-03-25 17:1:24.8920,0.83,0.62,2.41,-0.14,0.02,-0.09
2024-03-25 17:1:24.9020,0.55,0.7,3.13,-0.07,0.06,-0.17
2024-03-25 17:1:24.9120,0.24,0.79,3.82,0.03,0.05,-0.25
2024-03-25 17:1:24.9220,-0.02,0.9,4.41,0.13,-0.02,-0.32
2024-03-25 17:1:24.9320,-0.29,1.1,4.72,0.22,-0.13,-0.37
2024-03-25 17:1:24.9420,-0.62,1.38,4.78,0.22,-0.25,-0.4
2024-03-25 17:1:24.9520,-0.81,1.73,4.39,0.14,-0.31,-0.38
2024-03-25 17:1:24.9620,-1.03,1.97,4.05,0.07,-0.27,-0.32
2024-03-25 17:1:24.9720,-1.23,2.01,4.3,0.04,-0.12,-0.19
2024-03-25 17:1:24.9820,-1.49,1.65,4.86,0.08,0.05,-0.06
2024-03-25 17:1:24.9920,-1.54,0.98,5.56,0.17,0.11,-0.02
2024-03-25 17:1:25.0020,-1.24,0.26,6.0,0.32,0.04,-0.07
2024-03-25 17:1:25.0120,-0.81,-0.28,6.04,0.52,-0.13,-0.17
2024-03-25 17:1:25.0220,-0.53,-0.53,5.64,0.66,-0.3,-0.26
2024-03-25 17:1:25.0320,-0.37,-0.53,4.35,0.73,-0.42,-0.27
2024-03-25 17:1:25.0420,-0.3,-0.38,3.01,0.77,-0.49,-0.23
2024-03-25 17:1:25.0520,-0.05,-0.35,1.88,0.78,-0.51,-0.17
2024-03-25 17:1:25.0620,0.36,-0.48,0.63,0.71,-0.46,-0.1
2024-03-25 17:1:25.0720,0.71,-0.69,-0.67,0.59,-0.34,-0.03
2024-03-25 17:1:25.0820,1.03,-0.89,-1.58,0.47,-0.19,0.02
2024-03-25 17:1:25.0920,1.24,-1.04,-2.04,0.37,-0.06,0.07
2024-03-25 17:1:25.1020,1.34,-1.23,-2.35,0.24,0.03,0.09
2024-03-25 17:1:25.1120,1.36,-1.44,-2.69,0.1,0.07,0.1
2024-03-25 17:1:25.1220,1.32,-1.7,-2.92,-0.07,0.07,0.1
2024-03-25 17:1:25.1320,1.27,-1.97,-2.93,-0.2,0.05,0.09
2024-03-25 17:1:25.1420,1.36,-2.22,-2.65,-0.24,0.02,0.05
2024-03-25 17:1:25.1520,1.59,-2.36,-2.18,-0.23,0.01,-0.05
2024-03-25 17:1:25.1620,1.97,-2.3,-1.99,-0.18,0.01,-0.2
2024-03-25 17:1:25.1720,2.25,-2.08,-2.08,-0.14,0.02,-0.34
2024-03-25 17:1:25.1820,2.31,-1.79,-2.32,-0.09,0.05,-0.47
2024-03-25 17:1:25.1920,2.16,-1.47,-2.59,-0.06,0.07,-0.55
2024-03-25 17:1:25.2020,1.89,-1.1,-2.86,-0.06,0.06,-0.61
2024-03-25 17:1:25.2120,1.62,-0.74,-3.07,-0.06,0.05,-0.6
2024-03-25 17:1:25.2220,1.3,-0.44,-3.02,-0.02,0.02,-0.56
2024-03-25 17:1:25.2320,1.06,-0.18,-2.81,0.03,-0.01,-0.5
2024-03-25 17:1:25.2420,0.88,-0.03,-2.9,0.03,-0.04,-0.41
2024-03-25 17:1:25.2520,0.72,0.01,-3.26,-0.03,-0.07,-0.35
2024-03-25 17:1:25.2620,0.8,-0.03,-3.65,-0.13,-0.1,-0.31
2024-03-25 17:1:25.2720,0.98,-0.04,-3.84,-0.24,-0.1,-0.28
2024-03-25 17:1:25.2820,1.05,0.0,-3.75,-0.33,-0.08,-0.26
2024-03-25 17:1:25.2920,1.06,0.01,-3.4,-0.37,-0.02,-0.23
2024-03-25 17:1:25.3020,0.99,-0.08,-2.71,-0.35,0.05,-0.2
2024-03-25 17:1:25.3120,0.92,-0.12,-2.0,-0.31,0.1,-0.19
2024-03-25 17:1:25.3220,0.78,-0.07,-1.52,-0.3,0.1,-0.17
2024-03-25 17:1:25.3320,0.53,0.11,-1.19,-0.33,0.07,-0.15
2024-03-25 17:1:25.3420,0.42,0.38,-0.86,-0.37,0.06,-0.15
2024-03-25 17:1:25.3510,0.45,0.63,-0.39,-0.41,0.12,-0.14
2024-03-25 17:1:25.3620,0.35,0.86,0.18,-0.43,0.22,-0.13
2024-03-25 17:1:25.3720,0.26,1.08,0.99,-0.4,0.34,-0.13
2024-03-25 17:1:25.3820,0.24,1.17,2.02,-0.3,0.44,-0.17
2024-03-25 17:1:25.3910,0.11,1.15,3.16,-0.15,0.5,-0.19
2024-03-25 17:1:25.4020,-0.2,1.14,4.19,0.0,0.48,-0.2
2024-03-25 17:1:25.4110,-0.65,1.17,4.92,0.11,0.37,-0.2
2024-03-25 17:1:25.4220,-1.03,1.26,5.25,0.16,0.2,-0.17
2024-03-25 17:1:25.4310,-1.28,1.31,5.37,0.23,0.03,-0.13
2024-03-25 17:1:25.4420,-1.38,1.26,5.62,0.38,-0.1,-0.1
2024-03-25 17:1:25.4520,-1.18,1.23,5.9,0.62,-0.15,-0.14
2024-03-25 17:1:25.4610,-0.66,1.3,5.8,0.82,-0.13,-0.2
2024-03-25 17:1:25.4710,-0.42,1.46,4.97,0.86,-0.06,-0.21
2024-03-25 17:1:25.4810,-0.87,1.32,3.77,0.74,0.12,-0.05
2024-03-25 17:1:25.4910,-1.76,0.85,3.17,0.71,0.26,0.24
2024-03-25 17:1:25.5010,-2.18,0.07,3.86,0.83,0.21,0.4
2024-03-25 17:1:25.5110,-1.61,-1.15,4.11,0.89,-0.01,0.35
2024-03-25 17:1:25.5210,-0.76,-2.37,2.91,0.81,-0.25,0.24
2024-03-25 17:1:25.5310,-0.44,-2.87,1.55,0.6,-0.38,0.18
2024-03-25 17:1:25.5410,-0.59,-3.06,0.42,0.36,-0.37,0.2
2024-03-25 17:1:25.5510,-0.94,-3.31,-0.05,0.2,-0.29,0.25
2024-03-25 17:1:25.5610,-1.04,-3.56,-0.02,0.13,-0.22,0.25
2024-03-25 17:1:25.5710,-0.91,-3.81,-0.15,0.06,-0.19,0.19
2024-03-25 17:1:25.5810,-0.71,-3.86,-0.75,-0.04,-0.17,0.11
2024-03-25 17:1:25.5910,-0.57,-3.7,-1.45,-0.12,-0.15,0.02
2024-03-25 17:1:25.6010,-0.56,-3.3,-1.9,-0.18,-0.09,-0.04
2024-03-25 17:1:25.6110,-0.84,-2.83,-2.28,-0.22,-0.0,-0.04
2024-03-25 17:1:25.6210,-1.23,-2.28,-2.58,-0.26,0.08,0.02
2024-03-25 17:1:25.6310,-1.53,-1.83,-2.91,-0.29,0.1,0.08
2024-03-25 17:1:25.6410,-1.63,-1.44,-3.23,-0.3,0.05,0.13
2024-03-25 17:1:25.6510,-1.64,-1.05,-3.42,-0.3,-0.03,0.18
2024-03-25 17:1:25.6610,-1.62,-0.72,-3.71,-0.31,-0.12,0.25
2024-03-25 17:1:25.6710,-1.59,-0.42,-4.09,-0.33,-0.19,0.33
2024-03-25 17:1:25.6810,-1.52,-0.21,-4.46,-0.35,-0.21,0.4
2024-03-25 17:1:25.6910,-1.28,-0.02,-4.65,-0.4,-0.19,0.48
2024-03-25 17:1:25.7010,-1.03,0.06,-4.87,-0.45,-0.16,0.56
2024-03-25 17:1:25.7110,-0.68,0.07,-4.81,-0.46,-0.11,0.6
2024-03-25 17:1:25.7210,-0.22,0.01,-4.52,-0.46,-0.05,0.62
2024-03-25 17:1:25.7310,0.15,-0.04,-4.33,-0.49,0.01,0.61
2024-03-25 17:1:25.7410,0.41,-0.1,-4.21,-0.54,0.06,0.58
2024-03-25 17:1:25.7510,0.56,-0.14,-3.89,-0.58,0.12,0.54
2024-03-25 17:1:25.7610,0.55,-0.13,-3.19,-0.59,0.17,0.53
2024-03-25 17:1:25.7710,0.29,-0.1,-2.3,-0.58,0.21,0.54
2024-03-25 17:1:25.7810,0.11,-0.01,-1.49,-0.57,0.23,0.51
2024-03-25 17:1:25.7910,0.18,0.13,-0.81,-0.55,0.22,0.46
2024-03-25 17:1:25.8010,0.21,0.3,-0.12,-0.49,0.18,0.39
2024-03-25 17:1:25.8110,0.22,0.49,0.52,-0.42,0.13,0.31
2024-03-25 17:1:25.8210,0.21,0.59,1.01,-0.34,0.08,0.24
2024-03-25 17:1:25.8310,0.18,0.66,1.46,-0.24,0.05,0.16
2024-03-25 17:1:25.8410,0.11,0.66,1.94,-0.14,0.01,0.09
2024-03-25 17:1:25.8510,-0.07,0.76,2.36,-0.05,-0.04,0.05
2024-03-25 17:1:25.8610,-0.31,0.88,2.55,0.01,-0.08,0.03
2024-03-25 17:1:25.8710,-0.51,1.04,2.65,0.05,-0.12,0.01
2024-03-25 17:1:25.8810,-0.57,1.21,2.72,0.07,-0.16,-0.01
2024-03-25 17:1:25.8910,-0.63,1.33,2.76,0.08,-0.18,-0.04
2024-03-25 17:1:25.9010,-0.7,1.38,2.79,0.08,-0.18,-0.06
2024-03-25 17:1:25.9110,-0.75,1.39,2.9,0.12,-0.16,-0.08
2024-03-25 17:1:25.9210,-0.86,1.39,3.28,0.21,-0.14,-0.11
2024-03-25 17:1:25.9310,-0.76,1.39,3.64,0.29,-0.13,-0.17
2024-03-25 17:1:25.9410,-0.6,1.45,3.65,0.3,-0.17,-0.24
2024-03-25 17:1:25.9510,-0.52,1.65,3.27,0.28,-0.24,-0.34
2024-03-25 17:1:25.9610,-0.53,1.86,3.2,0.29,-0.26,-0.41
2024-03-25 17:1:25.9710,-0.6,2.08,3.49,0.39,-0.19,-0.44
2024-03-25 17:1:25.9810,-0.8,2.27,3.77,0.41,-0.06,-0.35
2024-03-25 17:1:25.9910,-1.29,2.21,3.44,0.4,0.05,-0.16
2024-03-25 17:1:26.0010,-1.79,1.74,3.37,0.4,0.09,0.08
2024-03-25 17:1:26.0110,-1.74,0.74,3.45,0.39,0.08,0.21
2024-03-25 17:1:26.0210,-1.04,-0.42,3.21,0.36,0.06,0.24
2024-03-25 17:1:26.0310,-0.38,-1.4,2.82,0.31,-0.01,0.19
2024-03-25 17:1:26.0410,0.19,-2.16,2.56,0.32,-0.08,0.07
2024-03-25 17:1:26.0510,0.58,-2.79,2.63,0.43,-0.15,-0.06
2024-03-25 17:1:26.0610,0.84,-3.03,2.65,0.59,-0.21,-0.18
2024-03-25 17:1:26.0710,1.01,-2.98,2.02,0.69,-0.26,-0.28
2024-03-25 17:1:26.0810,1.0,-2.64,0.74,0.7,-0.28,-0.32
2024-03-25 17:1:26.0910,0.89,-2.2,-0.72,0.63,-0.25,-0.32
2024-03-25 17:1:26.1010,0.79,-1.78,-1.94,0.48,-0.17,-0.25
2024-03-25 17:1:26.1110,0.57,-1.41,-2.89,0.26,-0.09,-0.13
2024-03-25 17:1:26.1210,0.24,-1.14,-3.66,-0.01,-0.02,0.05
2024-03-25 17:1:26.1310,-0.08,-1.15,-3.99,-0.23,0.03,0.21
2024-03-25 17:1:26.1410,-0.08,-1.39,-3.84,-0.39,0.05,0.28
2024-03-25 17:1:26.1510,0.3,-1.81,-3.46,-0.46,0.03,0.24
2024-03-25 17:1:26.1610,0.73,-2.16,-3.06,-0.46,-0.01,0.12
2024-03-25 17:1:26.1710,1.02,-2.22,-2.77,-0.41,-0.03,-0.03
2024-03-25 17:1:26.1810,1.17,-2.1,-2.65,-0.35,-0.02,-0.17
2024-03-25 17:1:26.1910,1.13,-1.78,-2.66,-0.28,0.03,-0.26
2024-03-25 17:1:26.2010,0.87,-1.37,-2.81,-0.23,0.1,-0.3
2024-03-25 17:1:26.2110,0.57,-0.92,-3.07,-0.21,0.14,-0.29
2024-03-25 17:1:26.2210,0.32,-0.46,-3.32,-0.2,0.15,-0.26
2024-03-25 17:1:26.2310,0.15,-0.08,-3.45,-0.21,0.13,-0.21
2024-03-25 17:1:26.2410,-0.01,0.22,-3.46,-0.21,0.07,-0.13
2024-03-25 17:1:26.2510,-0.13,0.48,-3.4,-0.25,0.01,-0.04
2024-03-25 17:1:26.2610,-0.15,0.67,-3.44,-0.34,-0.03,0.07
2024-03-25 17:1:26.2710,-0.19,0.72,-3.35,-0.43,-0.06,0.18
2024-03-25 17:1:26.2810,-0.15,0.73,-2.9,-0.51,-0.04,0.28
2024-03-25 17:1:26.2910,-0.07,0.6,-2.21,-0.52,0.04,0.36
2024-03-25 17:1:26.3010,0.1,0.4,-1.4,-0.48,0.12,0.39
2024-03-25 17:1:26.3110,0.32,0.1,-0.61,-0.37,0.12,0.34
2024-03-25 17:1:26.3210,0.66,-0.01,0.1,-0.25,0.04,0.21
2024-03-25 17:1:26.3310,0.97,-0.04,0.41,-0.17,-0.08,0.05
2024-03-25 17:1:26.3410,1.1,0.16,0.52,-0.1,-0.16,-0.08
2024-03-25 17:1:26.3510,1.1,0.58,0.57,-0.05,-0.15,-0.16
2024-03-25 17:1:26.3610,0.94,1.12,0.59,-0.02,-0.04,-0.16
2024-03-25 17:1:26.3710,0.62,1.72,0.72,-0.02,0.11,-0.08
2024-03-25 17:1:26.3810,0.28,2.19,0.95,-0.04,0.29,0.02
2024-03-25 17:1:26.3910,0.24,2.42,1.4,-0.02,0.41,0.07
2024-03-25 17:1:26.4010,0.4,2.34,2.19,0.06,0.46,0.03
2024-03-25 17:1:26.4110,0.56,2.11,3.05,0.19,0.46,-0.06
2024-03-25 17:1:26.4210,0.66,1.79,3.8,0.35,0.44,-0.18
2024-03-25 17:1:26.4310,0.54,1.5,4.3,0.5,0.38,-0.26
2024-03-25 17:1:26.4410,0.09,1.41,4.34,0.6,0.29,-0.27
2024-03-25 17:1:26.4510,-0.36,1.44,4.05,0.66,0.17,-0.24
2024-03-25 17:1:26.4610,-0.59,1.47,3.78,0.74,0.03,-0.2
2024-03-25 17:1:26.4710,-0.62,1.46,3.6,0.81,-0.1,-0.16
2024-03-25 17:1:26.4810,-0.49,1.31,3.28,0.89,-0.15,-0.15
2024-03-25 17:1:26.4910,-0.05,1.28,2.87,0.9,-0.15,-0.19
2024-03-25 17:1:26.5010,0.27,1.4,2.09,0.71,-0.06,-0.13
2024-03-25 17:1:26.5110,-0.43,1.1,1.03,0.37,0.13,0.13
2024-03-25 17:1:26.5210,-1.57,0.32,0.94,0.14,0.28,0.48
2024-03-25 17:1:26.5310,-1.81,-0.77,2.11,0.06,0.31,0.68
2024-03-25 17:1:26.5410,-1.23,-2.46,3.29,0.07,0.18,0.7
2024-03-25 17:1:26.5510,-0.61,-4.04,3.61,0.07,-0.04,0.54
2024-03-25 17:1:26.5610,0.19,-5.13,3.19,0.01,-0.24,0.26
2024-03-25 17:1:26.5710,0.66,-5.73,2.63,-0.07,-0.33,0.01
2024-03-25 17:1:26.5810,0.66,-5.86,2.29,-0.03,-0.29,-0.2
2024-03-25 17:1:26.5910,0.5,-5.8,2.35,0.13,-0.12,-0.4
2024-03-25 17:1:26.6010,0.3,-5.45,2.11,0.32,0.08,-0.59
2024-03-25 17:1:26.6110,-0.07,-4.65,1.18,0.42,0.21,-0.72
2024-03-25 17:1:26.6210,-0.78,-3.6,-0.19,0.45,0.25,-0.77
2024-03-25 17:1:26.6310,-1.37,-2.42,-1.39,0.44,0.23,-0.76
2024-03-25 17:1:26.6410,-1.78,-1.2,-2.42,0.37,0.16,-0.66
2024-03-25 17:1:26.6510,-2.03,-0.07,-3.5,0.24,0.09,-0.49
2024-03-25 17:1:26.6610,-2.14,0.84,-4.43,0.06,0.04,-0.28
2024-03-25 17:1:26.6710,-2.14,1.47,-5.17,-0.14,0.02,-0.03
2024-03-25 17:1:26.6810,-2.02,1.77,-5.51,-0.32,0.03,0.21
2024-03-25 17:1:26.6910,-1.75,1.74,-5.44,-0.42,0.05,0.43
2024-03-25 17:1:26.7010,-1.46,1.48,-4.87,-0.43,0.06,0.63
2024-03-25 17:1:26.7110,-1.18,1.05,-4.19,-0.41,0.05,0.79
2024-03-25 17:1:26.7210,-0.82,0.52,-3.94,-0.44,0.02,0.87
2024-03-25 17:1:26.7310,-0.3,0.01,-3.95,-0.5,-0.03,0.88
2024-03-25 17:1:26.7410,0.13,-0.43,-3.85,-0.54,-0.06,0.85
2024-03-25 17:1:26.7510,0.42,-0.72,-3.51,-0.55,-0.06,0.78
2024-03-25 17:1:26.7610,0.72,-0.92,-2.99,-0.5,-0.05,0.69
2024-03-25 17:1:26.7710,0.94,-1.08,-2.5,-0.42,-0.04,0.56
2024-03-25 17:1:26.7810,1.08,-1.08,-2.05,-0.32,-0.05,0.42
2024-03-25 17:1:26.7910,1.17,-0.9,-1.7,-0.26,-0.06,0.27
2024-03-25 17:1:26.8010,1.14,-0.64,-1.63,-0.25,-0.05,0.15
2024-03-25 17:1:26.8110,0.92,-0.24,-1.5,-0.23,-0.0,0.1
2024-03-25 17:1:26.8210,0.59,0.18,-1.09,-0.18,0.06,0.09
2024-03-25 17:1:26.8310,0.34,0.51,-0.6,-0.11,0.11,0.08
2024-03-25 17:1:26.8410,0.32,0.77,-0.24,-0.05,0.11,0.02
2024-03-25 17:1:26.8510,0.31,0.97,-0.16,-0.04,0.07,-0.02
2024-03-25 17:1:26.8610,0.06,1.11,-0.15,-0.04,0.03,-0.04
2024-03-25 17:1:26.8710,-0.22,1.27,0.12,-0.05,-0.01,-0.02
2024-03-25 17:1:26.8810,-0.53,1.28,0.37,-0.1,-0.03,0.0
2024-03-25 17:1:26.8910,-0.73,1.18,0.61,-0.12,-0.04,0.03
2024-03-25 17:1:26.9000,-0.95,1.07,1.15,-0.11,-0.06,0.05
2024-03-25 17:1:26.9110,-1.05,1.16,1.66,-0.1,-0.1,0.05
2024-03-25 17:1:26.9210,-0.97,1.32,1.87,-0.13,-0.16,0.04
2024-03-25 17:1:26.9310,-0.9,1.46,1.92,-0.17,-0.19,0.04
2024-03-25 17:1:26.9410,-0.81,1.55,2.07,-0.19,-0.19,0.05
2024-03-25 17:1:26.9510,-0.65,1.56,2.44,-0.22,-0.11,0.07
2024-03-25 17:1:26.9610,-0.41,1.42,2.63,-0.27,0.02,0.1
2024-03-25 17:1:26.9700,-0.23,1.24,2.92,-0.32,0.17,0.12
2024-03-25 17:1:26.9810,-0.11,0.91,3.35,-0.34,0.31,0.15
2024-03-25 17:1:26.9900,-0.05,0.42,4.07,-0.3,0.38,0.14
2024-03-25 17:1:27.0000,0.14,-0.06,4.72,-0.22,0.32,0.08
2024-03-25 17:1:27.0100,0.43,-0.44,5.09,-0.1,0.13,-0.02
2024-03-25 17:1:27.0210,0.63,-0.71,5.16,0.07,-0.16,-0.13
2024-03-25 17:1:27.0300,0.88,-0.77,4.91,0.23,-0.44,-0.24
2024-03-25 17:1:27.0410,1.15,-0.56,3.96,0.28,-0.58,-0.27
2024-03-25 17:1:27.0500,1.29,-0.5,2.45,0.28,-0.58,-0.24
2024-03-25 17:1:27.0610,1.53,-0.57,1.32,0.28,-0.47,-0.21
2024-03-25 17:1:27.0700,1.83,-0.77,0.57,0.28,-0.31,-0.17
2024-03-25 17:1:27.0810,2.05,-1.02,-0.11,0.24,-0.16,-0.16
2024-03-25 17:1:27.0900,2.14,-1.43,-1.35,0.15,-0.07,-0.17
2024-03-25 17:1:27.1010,2.14,-1.43,-1.35,-0.01,-0.02,-0.19
2024-03-25 17:1:27.1100,1.93,-1.61,-1.81,-0.2,-0.0,-0.19
2024-03-25 17:1:27.1210,1.58,-1.85,-1.91,-0.33,-0.01,-0.16
2024-03-25 17:1:27.1300,1.2,-2.15,-1.51,-0.38,-0.04,-0.15
2024-03-25 17:1:27.1400,0.99,-2.49,-1.17,-0.4,-0.08,-0.16
2024-03-25 17:1:27.1510,0.93,-2.72,-1.13,-0.4,-0.13,-0.2
2024-03-25 17:1:27.1600,0.92,-2.73,-1.31,-0.39,-0.18,-0.27
2024-03-25 17:1:27.1700,1.08,-2.59,-1.7,-0.37,-0.18,-0.38
2024-03-25 17:1:27.1800,1.24,-2.36,-2.04,-0.33,-0.15,-0.49
2024-03-25 17:1:27.1900,1.24,-2.03,-2.29,-0.27,-0.08,-0.6
2024-03-25 17:1:27.2000,1.03,-1.69,-2.5,-0.23,-0.03,-0.66
2024-03-25 17:1:27.2100,0.6,-1.31,-2.71,-0.21,-0.05,-0.68
2024-03-25 17:1:27.2200,0.15,-0.88,-2.83,-0.18,-0.13,-0.67
2024-03-25 17:1:27.2300,-0.15,-0.41,-2.65,-0.18,-0.25,-0.67
2024-03-25 17:1:27.2400,-0.31,0.06,-2.78,-0.22,-0.31,-0.62
2024-03-25 17:1:27.2500,-0.38,0.52,-2.95,-0.27,-0.3,-0.54
2024-03-25 17:1:27.2600,-0.48,0.96,-2.85,-0.29,-0.16,-0.41
2024-03-25 17:1:27.2700,-0.56,1.2,-2.57,-0.26,0.04,-0.26
2024-03-25 17:1:27.2810,-0.49,1.26,-2.19,-0.2,0.19,-0.15
2024-03-25 17:1:27.2900,-0.3,1.17,-1.81,-0.15,0.24,-0.09
2024-03-25 17:1:27.3000,-0.08,0.98,-1.58,-0.12,0.17,-0.1
2024-03-25 17:1:27.3100,0.21,0.73,-1.29,-0.08,0.04,-0.16
2024-03-25 17:1:27.3200,0.53,0.58,-0.97,-0.07,-0.06,-0.23
2024-03-25 17:1:27.3300,0.72,0.64,-0.86,-0.09,-0.05,-0.23
2024-03-25 17:1:27.3400,0.58,0.73,-0.74,-0.1,0.02,-0.16
2024-03-25 17:1:27.3510,0.34,0.89,-0.28,-0.08,0.09,-0.08
2024-03-25 17:1:27.3600,0.28,1.02,0.13,-0.08,0.14,-0.02
2024-03-25 17:1:27.3700,0.4,1.05,0.31,-0.1,0.17,0.02
2024-03-25 17:1:27.3800,0.43,1.08,0.62,-0.09,0.23,0.04
2024-03-25 17:1:27.3900,0.5,1.06,1.22,-0.04,0.31,0.01
2024-03-25 17:1:27.4000,0.72,0.97,1.81,0.01,0.41,-0.05
2024-03-25 17:1:27.4100,0.88,0.82,2.35,0.06,0.52,-0.13
2024-03-25 17:1:27.4200,0.8,0.72,2.98,0.1,0.62,-0.18
2024-03-25 17:1:27.4300,0.42,0.65,3.62,0.15,0.67,-0.19
2024-03-25 17:1:27.4400,-0.1,0.76,4.31,0.22,0.63,-0.19
2024-03-25 17:1:27.4500,-0.43,0.95,4.82,0.3,0.52,-0.18
2024-03-25 17:1:27.4600,-0.6,1.04,5.13,0.41,0.36,-0.22
2024-03-25 17:1:27.4700,-0.52,1.23,5.21,0.55,0.2,-0.28
2024-03-25 17:1:27.4800,-0.3,1.7,5.0,0.6,0.15,-0.34
2024-03-25 17:1:27.4900,-0.31,2.07,4.01,0.49,0.23,-0.29
2024-03-25 17:1:27.5000,-0.82,2.26,3.03,0.33,0.4,-0.08
2024-03-25 17:1:27.5100,-1.67,2.01,3.08,0.31,0.49,0.22
2024-03-25 17:1:27.5200,-2.01,1.18,4.4,0.48,0.37,0.42
2024-03-25 17:1:27.5300,-1.57,-0.17,5.28,0.65,0.08,0.42
2024-03-25 17:1:27.5400,-0.76,-1.65,4.55,0.72,-0.24,0.3
2024-03-25 17:1:27.5500,-0.1,-2.52,3.09,0.65,-0.46,0.15
2024-03-25 17:1:27.5600,0.22,-3.1,1.65,0.56,-0.52,0.05
2024-03-25 17:1:27.5700,0.16,-3.43,0.93,0.58,-0.43,-0.01
2024-03-25 17:1:27.5800,-0.07,-3.72,0.7,0.67,-0.27,-0.04
2024-03-25 17:1:27.5900,-0.21,-3.93,0.3,0.77,-0.13,-0.08
2024-03-25 17:1:27.6000,-0.24,-4.0,-0.6,0.77,-0.07,-0.15
2024-03-25 17:1:27.6100,-0.19,-3.91,-1.87,0.65,-0.06,-0.23
2024-03-25 17:1:27.6200,-0.23,-3.6,-3.07,0.47,-0.07,-0.28
2024-03-25 17:1:27.6300,-0.51,-3.12,-3.81,0.26,-0.07,-0.25
2024-03-25 17:1:27.6400,-0.97,-2.63,-4.21,0.07,-0.12,-0.17
2024-03-25 17:1:27.6500,-1.31,-2.17,-4.32,-0.11,-0.19,-0.09
2024-03-25 17:1:27.6600,-1.28,-1.72,-4.36,-0.25,-0.24,-0.04
2024-03-25 17:1:27.6700,-1.14,-1.25,-4.29,-0.33,-0.27,-0.0
2024-03-25 17:1:27.6800,-1.0,-0.88,-4.14,-0.36,-0.25,0.03
2024-03-25 17:1:27.6900,-0.91,-0.6,-4.03,-0.35,-0.2,0.06
2024-03-25 17:1:27.7000,-0.9,-0.33,-3.9,-0.34,-0.17,0.09
2024-03-25 17:1:27.7100,-0.93,-0.01,-3.97,-0.37,-0.14,0.14
2024-03-25 17:1:27.7200,-1.02,0.29,-4.13,-0.42,-0.11,0.22
2024-03-25 17:1:27.7310,-1.18,0.57,-4.07,-0.45,-0.06,0.33
2024-03-25 17:1:27.7400,-1.17,0.74,-3.8,-0.46,-0.0,0.41
2024-03-25 17:1:27.7500,-0.95,0.73,-3.48,-0.46,0.02,0.44
2024-03-25 17:1:27.7600,-0.7,0.62,-3.21,-0.46,-0.0,0.42
2024-03-25 17:1:27.7700,-0.39,0.5,-2.89,-0.44,-0.02,0.37
2024-03-25 17:1:27.7820,-0.2,0.4,-2.46,-0.4,-0.01,0.32
2024-03-25 17:1:27.7910,-0.14,0.35,-1.93,-0.33,0.04,0.29
2024-03-25 17:1:27.8000,-0.16,0.28,-1.4,-0.27,0.13,0.28
2024-03-25 17:1:27.8100,-0.31,0.23,-0.93,-0.22,0.23,0.29
2024-03-25 17:1:27.8200,-0.43,0.25,-0.43,-0.16,0.28,0.3
2024-03-25 17:1:27.8300,-0.54,0.33,0.01,-0.13,0.26,0.3
2024-03-25 17:1:27.8400,-0.61,0.41,0.28,-0.11,0.19,0.28
2024-03-25 17:1:27.8500,-0.57,0.42,0.48,-0.09,0.07,0.24
2024-03-25 17:1:27.8600,-0.59,0.45,0.75,-0.07,-0.02,0.18
2024-03-25 17:1:27.8700,-0.59,0.47,1.07,-0.03,-0.06,0.12
2024-03-25 17:1:27.8800,-0.59,0.52,1.43,0.0,-0.06,0.07
2024-03-25 17:1:27.8900,-0.59,0.65,1.66,0.03,-0.01,0.02
2024-03-25 17:1:27.9000,-0.62,0.85,1.88,0.07,0.03,-0.01
2024-03-25 17:1:27.9100,-0.74,1.15,2.19,0.11,0.02,-0.03
2024-03-25 17:1:27.9200,-0.77,1.43,2.28,0.11,0.0,-0.06
2024-03-25 17:1:27.9300,-0.82,1.77,2.13,0.04,-0.05,-0.07
2024-03-25 17:1:27.9400,-1.02,2.03,1.94,0.01,-0.12,-0.08
2024-03-25 17:1:27.9500,-1.15,2.21,2.28,0.05,-0.18,-0.09
2024-03-25 17:1:27.9600,-1.12,2.43,2.72,0.11,-0.21,-0.11
2024-03-25 17:1:27.9700,-0.88,2.79,2.83,0.19,-0.16,-0.1
2024-03-25 17:1:27.9800,-0.82,2.93,2.66,0.17,0.05,-0.01
2024-03-25 17:1:27.9900,-0.95,2.67,2.25,0.1,0.32,0.18
2024-03-25 17:1:28.0000,-1.12,1.91,2.29,0.07,0.49,0.31
2024-03-25 17:1:28.0100,-0.69,0.93,2.7,0.09,0.56,0.36
2024-03-25 17:1:28.0200,-0.12,-0.15,2.84,0.2,0.49,0.32
2024-03-25 17:1:28.0300,0.41,-0.82,2.85,0.32,0.36,0.26
2024-03-25 17:1:28.0400,0.59,-1.47,2.61,0.4,0.18,0.19
2024-03-25 17:1:28.0500,0.63,-1.74,2.07,0.35,0.03,0.16
2024-03-25 17:1:28.0600,0.57,-1.99,1.2,0.25,-0.05,0.15
2024-03-25 17:1:28.0700,0.54,-2.12,0.7,0.18,-0.06,0.17
2024-03-25 17:1:28.0800,0.56,-2.13,0.62,0.15,-0.02,0.22
2024-03-25 17:1:28.0900,0.61,-2.06,0.43,0.08,0.06,0.26
2024-03-25 17:1:28.1000,0.71,-2.04,-0.1,-0.05,0.13,0.31
2024-03-25 17:1:28.1100,0.62,-2.17,-0.66,-0.21,0.16,0.38
2024-03-25 17:1:28.1200,0.41,-2.36,-0.93,-0.35,0.14,0.47
2024-03-25 17:1:28.1300,0.2,-2.62,-0.79,-0.43,0.04,0.54
2024-03-25 17:1:28.1400,0.26,-2.92,-0.56,-0.47,-0.13,0.54
2024-03-25 17:1:28.1500,0.71,-3.11,-0.75,-0.49,-0.29,0.48
2024-03-25 17:1:28.1600,1.26,-3.2,-1.15,-0.47,-0.4,0.33
2024-03-25 17:1:28.1700,1.95,-3.07,-1.56,-0.43,-0.39,0.14
2024-03-25 17:1:28.1800,2.41,-2.79,-2.07,-0.38,-0.25,-0.03
2024-03-25 17:1:28.1900,2.56,-2.42,-2.56,-0.33,-0.08,-0.18
2024-03-25 17:1:28.2000,2.43,-2.01,-2.85,-0.28,0.07,-0.27
2024-03-25 17:1:28.2100,2.11,-1.46,-2.96,-0.27,0.13,-0.32
2024-03-25 17:1:28.2200,1.8,-0.92,-3.19,-0.3,0.12,-0.34
2024-03-25 17:1:28.2290,1.65,-0.44,-3.39,-0.33,0.07,-0.36
2024-03-25 17:1:28.2400,1.48,-0.1,-3.32,-0.32,0.02,-0.36
2024-03-25 17:1:28.2500,1.4,0.2,-3.05,-0.29,-0.01,-0.36
2024-03-25 17:1:28.2590,1.3,0.41,-2.78,-0.26,-0.02,-0.37
2024-03-25 17:1:28.2690,1.27,0.74,-2.62,-0.28,-0.01,-0.34
2024-03-25 17:1:28.2800,1.29,1.14,-2.55,-0.35,0.03,-0.31
2024-03-25 17:1:28.2890,1.28,1.57,-2.34,-0.42,0.06,-0.24
2024-03-25 17:1:28.2990,1.0,1.76,-1.74,-0.42,0.09,-0.13
2024-03-25 17:1:28.3090,0.76,1.7,-0.74,-0.35,0.07,-0.04
2024-03-25 17:1:28.3190,0.67,1.39,0.09,-0.26,0.0,0.0
2024-03-25 17:1:28.3300,0.71,0.97,0.44,-0.18,-0.12,-0.02
2024-03-25 17:1:28.3400,0.84,0.61,0.69,-0.09,-0.27,-0.1
2024-03-25 17:1:28.3500,1.09,0.37,0.82,-0.04,-0.37,-0.22
2024-03-25 17:1:28.3600,1.28,0.29,0.72,0.0,-0.38,-0.33
2024-03-25 17:1:28.3700,1.29,0.41,0.7,0.04,-0.28,-0.42
2024-03-25 17:1:28.3800,1.23,0.58,0.69,0.05,-0.12,-0.48
2024-03-25 17:1:28.3900,1.03,0.79,0.59,0.03,0.06,-0.49
2024-03-25 17:1:28.4000,0.64,1.02,0.62,-0.01,0.22,-0.47
2024-03-25 17:1:28.4100,0.22,1.29,0.95,-0.05,0.34,-0.45
2024-03-25 17:1:28.4200,-0.11,1.47,1.35,-0.08,0.43,-0.41
2024-03-25 17:1:28.4300,-0.47,1.51,1.94,-0.09,0.48,-0.37
2024-03-25 17:1:28.4400,-0.74,1.47,2.71,-0.05,0.5,-0.37
2024-03-25 17:1:28.4500,-0.85,1.36,3.52,0.03,0.51,-0.39
2024-03-25 17:1:28.4590,-0.97,1.24,4.11,0.12,0.5,-0.41
2024-03-25 17:1:28.4690,-1.11,1.3,4.48,0.22,0.49,-0.42
2024-03-25 17:1:28.4790,-1.24,1.47,4.8,0.32,0.46,-0.41
2024-03-25 17:1:28.4890,-1.44,1.74,4.79,0.37,0.43,-0.33
2024-03-25 17:1:28.4990,-1.89,1.81,4.59,0.41,0.38,-0.18
2024-03-25 17:1:28.5090,-2.34,1.75,4.52,0.47,0.26,-0.0
2024-03-25 17:1:28.5200,-2.57,1.36,4.42,0.55,0.08,0.17
2024-03-25 17:1:28.5290,-2.45,0.62,4.1,0.65,-0.13,0.3
2024-03-25 17:1:28.5390,-1.92,-0.3,3.29,0.69,-0.37,0.31
2024-03-25 17:1:28.5490,-0.9,-1.18,1.88,0.65,-0.53,0.23
2024-03-25 17:1:28.5590,-0.15,-1.83,0.31,0.5,-0.51,0.19
2024-03-25 17:1:28.5690,-0.08,-2.35,-0.92,0.32,-0.31,0.22
2024-03-25 17:1:28.5790,-0.18,-2.88,-1.38,0.23,-0.01,0.28
2024-03-25 17:1:28.5890,-0.2,-3.33,-1.14,0.21,0.23,0.29
2024-03-25 17:1:28.5990,-0.09,-3.71,-1.01,0.12,0.34,0.23
2024-03-25 17:1:28.6090,-0.08,-3.92,-1.51,-0.09,0.31,0.14
2024-03-25 17:1:28.6190,-0.28,-3.97,-2.08,-0.36,0.21,0.04
2024-03-25 17:1:28.6290,-0.61,-3.75,-2.03,-0.56,0.12,-0.02
2024-03-25 17:1:28.6390,-0.96,-3.35,-1.28,-0.6,0.06,-0.07
2024-03-25 17:1:28.6490,-1.05,-2.77,-0.4,-0.53,0.02,-0.1
2024-03-25 17:1:28.6590,-1.02,-2.21,-0.02,-0.4,-0.01,-0.11
2024-03-25 17:1:28.6690,-0.89,-1.55,-0.02,-0.25,-0.05,-0.12
2024-03-25 17:1:28.6790,-0.65,-0.87,-0.54,-0.16,-0.08,-0.12
2024-03-25 17:1:28.6890,-0.39,-0.31,-1.45,-0.13,-0.11,-0.11
2024-03-25 17:1:28.6990,-0.14,0.18,-2.23,-0.11,-0.12,-0.08
2024-03-25 17:1:28.7090,-0.03,0.54,-2.75,-0.08,-0.11,-0.0
2024-03-25 17:1:28.7190,-0.09,0.81,-3.08,-0.06,-0.09,0.11
2024-03-25 17:1:28.7290,-0.15,0.95,-3.36,-0.04,-0.06,0.25
2024-03-25 17:1:28.7400,-0.16,0.99,-3.6,-0.04,-0.06,0.38
2024-03-25 17:1:28.7490,0.0,0.99,-3.86,-0.08,-0.1,0.5
2024-03-25 17:1:28.7590,0.23,0.86,-4.06,-0.11,-0.14,0.58
2024-03-25 17:1:28.7690,0.44,0.56,-4.03,-0.11,-0.18,0.63
2024-03-25 17:1:28.7790,0.68,0.23,-3.73,-0.08,-0.22,0.62
2024-03-25 17:1:28.7890,1.06,-0.05,-3.44,-0.05,-0.25,0.55
2024-03-25 17:1:28.7990,1.44,-0.26,-3.43,-0.07,-0.27,0.44
2024-03-25 17:1:28.8090,1.66,-0.38,-3.58,-0.14,-0.27,0.32
2024-03-25 17:1:28.8190,1.7,-0.34,-3.58,-0.22,-0.19,0.23
2024-03-25 17:1:28.8290,1.55,-0.21,-3.26,-0.28,-0.04,0.21
2024-03-25 17:1:28.8390,1.23,-0.12,-2.49,-0.31,0.1,0.22
2024-03-25 17:1:28.8490,0.96,-0.12,-1.52,-0.31,0.21,0.24
2024-03-25 17:1:28.8590,0.68,-0.17,-0.59,-0.3,0.23,0.23
2024-03-25 17:1:28.8690,0.59,-0.18,0.28,-0.27,0.16,0.11
2024-03-25 17:1:28.8790,0.84,-0.26,1.06,-0.22,0.05,-0.11
2024-03-25 17:1:28.8890,1.11,-0.22,1.8,-0.16,-0.07,-0.35
2024-03-25 17:1:28.8990,1.04,0.01,2.45,-0.1,-0.13,-0.55
2024-03-25 17:1:28.9090,0.59,0.4,2.85,-0.06,-0.12,-0.65
2024-03-25 17:1:28.9190,-0.04,1.03,3.16,-0.05,-0.05,-0.67
2024-03-25 17:1:28.9290,-0.63,1.64,3.43,-0.03,0.01,-0.61
2024-03-25 17:1:28.9390,-1.09,2.13,3.89,0.01,0.03,-0.52
2024-03-25 17:1:28.9490,-1.37,2.43,4.37,0.11,-0.04,-0.46
2024-03-25 17:1:28.9590,-1.32,2.52,4.73,0.23,-0.18,-0.47
2024-03-25 17:1:28.9690,-1.01,2.53,4.67,0.32,-0.36,-0.53
2024-03-25 17:1:28.9790,-0.72,2.54,4.25,0.41,-0.54,-0.63
2024-03-25 17:1:28.9890,-0.36,2.54,3.86,0.53,-0.61,-0.73
2024-03-25 17:1:28.9990,-0.02,2.69,3.56,0.62,-0.58,-0.8
2024-03-25 17:1:29.0090,0.16,2.92,3.04,0.68,-0.46,-0.78
2024-03-25 17:1:29.0190,0.09,2.94,2.51,0.67,-0.25,-0.6
2024-03-25 17:1:29.0290,-0.34,2.19,2.09,0.66,-0.05,-0.36
2024-03-25 17:1:29.0390,-0.26,0.9,2.08,0.66,-0.03,-0.23
2024-03-25 17:1:29.0490,0.35,-0.52,1.98,0.66,-0.12,-0.2
2024-03-25 17:1:29.0590,0.77,-1.61,1.62,0.6,-0.24,-0.22
2024-03-25 17:1:29.0690,1.17,-2.51,1.06,0.55,-0.32,-0.33
2024-03-25 17:1:29.0790,1.68,-3.09,0.88,0.53,-0.31,-0.47
2024-03-25 17:1:29.0890,1.84,-3.4,0.81,0.55,-0.25,-0.58
2024-03-25 17:1:29.0990,1.57,-3.45,0.53,0.57,-0.16,-0.65
2024-03-25 17:1:29.1090,1.0,-3.28,-0.01,0.53,-0.07,-0.64
2024-03-25 17:1:29.1190,0.29,-2.99,-0.76,0.38,-0.03,-0.59
2024-03-25 17:1:29.1290,-0.34,-2.7,-1.64,0.12,-0.05,-0.49
2024-03-25 17:1:29.1390,-0.97,-2.52,-2.37,-0.17,-0.13,-0.34
2024-03-25 17:1:29.1490,-1.4,-2.38,-2.68,-0.42,-0.22,-0.22
2024-03-25 17:1:29.1590,-1.25,-2.32,-2.52,-0.55,-0.25,-0.21
2024-03-25 17:1:29.1690,-0.53,-2.03,-2.03,-0.57,-0.23,-0.25
2024-03-25 17:1:29.1790,0.03,-1.65,-1.66,-0.53,-0.16,-0.33
2024-03-25 17:1:29.1890,0.32,-1.33,-1.65,-0.46,-0.07,-0.41
2024-03-25 17:1:29.1990,0.47,-1.05,-1.78,-0.39,0.01,-0.49
2024-03-25 17:1:29.2090,0.52,-0.72,-2.03,-0.33,0.07,-0.55
2024-03-25 17:1:29.2190,0.4,-0.37,-2.28,-0.27,0.09,-0.58
2024-03-25 17:1:29.2290,0.28,0.09,-2.49,-0.25,0.1,-0.55
2024-03-25 17:1:29.2390,0.06,0.46,-2.79,-0.25,0.11,-0.48
2024-03-25 17:1:29.2490,-0.14,0.73,-3.01,-0.26,0.11,-0.38
2024-03-25 17:1:29.2590,-0.25,0.83,-3.07,-0.28,0.09,-0.28
2024-03-25 17:1:29.2690,-0.16,0.78,-3.02,-0.3,0.05,-0.2
2024-03-25 17:1:29.2790,0.11,0.66,-2.84,-0.31,0.03,-0.13
2024-03-25 17:1:29.2890,0.37,0.42,-2.45,-0.3,0.01,-0.08
2024-03-25 17:1:29.2990,0.59,0.17,-1.92,-0.26,-0.02,-0.04
2024-03-25 17:1:29.3090,0.76,-0.04,-1.51,-0.22,-0.05,-0.02
2024-03-25 17:1:29.3190,0.85,-0.21,-1.29,-0.19,-0.09,-0.0
2024-03-25 17:1:29.3290,0.86,-0.3,-1.15,-0.16,-0.17,0.01
2024-03-25 17:1:29.3390,0.8,-0.32,-1.03,-0.16,-0.27,0.02
2024-03-25 17:1:29.3490,0.72,-0.3,-1.12,-0.2,-0.37,0.02
2024-03-25 17:1:29.3590,0.68,-0.28,-1.2,-0.25,-0.46,0.01
2024-03-25 17:1:29.3690,0.83,-0.11,-1.05,-0.29,-0.51,-0.05
2024-03-25 17:1:29.3790,1.22,0.01,-0.8,-0.32,-0.47,-0.15
2024-03-25 17:1:29.3890,1.57,0.15,-0.44,-0.29,-0.32,-0.25
2024-03-25 17:1:29.3990,1.65,0.38,0.21,-0.18,-0.04,-0.31
2024-03-25 17:1:29.4090,1.51,0.58,1.2,0.01,0.25,-0.36
2024-03-25 17:1:29.4190,1.11,0.82,2.27,0.19,0.42,-0.38
2024-03-25 17:1:29.4290,0.51,1.26,2.87,0.27,0.43,-0.38
2024-03-25 17:1:29.4390,-0.2,1.61,3.06,0.29,0.31,-0.38
2024-03-25 17:1:29.4490,-0.69,1.96,3.19,0.25,0.19,-0.42
2024-03-25 17:1:29.4590,-0.96,1.92,3.16,0.3,0.1,-0.43
2024-03-25 17:1:29.4690,-1.14,2.19,3.65,0.37,0.14,-0.46
2024-03-25 17:1:29.4790,-1.37,1.79,3.72,0.55,0.21,-0.4
2024-03-25 17:1:29.4890,-1.59,2.05,4.2,0.74,0.31,-0.31
2024-03-25 17:1:29.4990,-1.66,1.6,4.16,0.93,0.33,-0.25
2024-03-25 17:1:29.5090,-1.28,1.93,3.94,0.94,0.26,-0.19
2024-03-25 17:1:29.5190,-1.46,1.99,2.77,0.66,0.19,-0.06
2024-03-25 17:1:29.5290,-2.05,1.58,1.24,0.25,0.24,0.25
2024-03-25 17:1:29.5390,-2.93,0.96,1.29,-0.12,0.4,0.68
2024-03-25 17:1:29.5490,-3.39,-0.82,2.31,-0.2,0.39,0.94
2024-03-25 17:1:29.5590,-2.52,-2.24,3.98,-0.05,0.14,0.98
2024-03-25 17:1:29.5690,-1.34,-3.61,4.62,0.09,-0.17,0.75
2024-03-25 17:1:29.5790,-0.17,-4.95,3.69,0.11,-0.42,0.44
2024-03-25 17:1:29.5890,0.53,-4.96,2.39,-0.01,-0.5,0.2
2024-03-25 17:1:29.5990,0.39,-4.87,1.12,-0.14,-0.34,0.09
2024-03-25 17:1:29.6090,0.07,-4.47,0.6,-0.16,-0.1,0.03
2024-03-25 17:1:29.6190,-0.13,-3.86,0.58,-0.07,0.13,0.02
2024-03-25 17:1:29.6290,-0.54,-3.2,0.41,0.01,0.25,0.07
2024-03-25 17:1:29.6390,-0.94,-2.41,-0.14,-0.05,0.29,0.09
2024-03-25 17:1:29.6490,-1.2,-2.27,-1.3,-0.13,0.2,0.09
2024-03-25 17:1:29.6590,-1.07,-1.49,-1.81,-0.18,0.04,0.12
2024-03-25 17:1:29.6690,-1.24,-1.1,-1.96,-0.18,-0.08,0.15
2024-03-25 17:1:29.6790,-1.05,-0.78,-2.17,-0.14,-0.16,0.18
2024-03-25 17:1:29.6890,-0.83,-0.43,-2.45,-0.07,-0.17,0.23
2024-03-25 17:1:29.6990,-0.66,-0.12,-2.8,0.01,-0.17,0.28
2024-03-25 17:1:29.7090,-0.52,0.09,-3.33,0.05,-0.16,0.34
2024-03-25 17:1:29.7190,-0.43,0.28,-3.98,0.05,-0.14,0.42
2024-03-25 17:1:29.7290,-0.37,0.37,-4.47,0.04,-0.13,0.49
2024-03-25 17:1:29.7390,-0.18,0.36,-4.65,0.03,-0.14,0.56
2024-03-25 17:1:29.7490,0.02,0.35,-4.75,-0.0,-0.12,0.65
2024-03-25 17:1:29.7590,0.08,0.29,-4.71,-0.03,-0.11,0.72
2024-03-25 17:1:29.7690,0.38,0.23,-4.54,-0.09,-0.09,0.74
2024-03-25 17:1:29.7790,0.78,0.14,-4.4,-0.18,-0.08,0.72
2024-03-25 17:1:29.7890,0.97,0.14,-4.19,-0.29,-0.1,0.69
2024-03-25 17:1:29.7990,0.96,0.17,-3.84,-0.39,-0.08,0.64
2024-03-25 17:1:29.8090,1.06,0.12,-3.27,-0.43,0.03,0.61
2024-03-25 17:1:29.8190,0.91,0.07,-2.37,-0.41,0.18,0.61
2024-03-25 17:1:29.8290,0.59,0.0,-1.36,-0.36,0.32,0.59
2024-03-25 17:1:29.8390,0.57,-0.13,-0.52,-0.31,0.42,0.5
2024-03-25 17:1:29.8490,0.65,-0.17,0.13,-0.26,0.44,0.37
2024-03-25 17:1:29.8590,0.69,-0.13,0.69,-0.18,0.38,0.2
2024-03-25 17:1:29.8690,0.53,0.04,1.4,-0.07,0.27,0.06
2024-03-25 17:1:29.8790,0.15,0.3,1.97,0.05,0.2,-0.02
2024-03-25 17:1:29.8890,-0.34,0.5,2.12,0.11,0.11,-0.07
2024-03-25 17:1:29.8990,-0.74,0.92,1.94,0.1,0.02,-0.04
2024-03-25 17:1:29.9090,-1.32,1.37,1.73,0.08,-0.04,0.03
2024-03-25 17:1:29.9190,-1.58,1.8,1.75,0.04,-0.1,0.11
2024-03-25 17:1:29.9290,-1.51,2.13,1.74,-0.03,-0.15,0.16
2024-03-25 17:1:29.9390,-1.22,2.38,1.55,-0.13,-0.15,0.21
2024-03-25 17:1:29.9480,-1.06,2.43,1.55,-0.2,-0.06,0.26
2024-03-25 17:1:29.9590,-0.85,2.21,2.11,-0.19,0.08,0.25
2024-03-25 17:1:29.9690,-0.32,1.79,3.03,-0.12,0.2,0.17
2024-03-25 17:1:29.9780,0.21,1.66,3.78,-0.1,0.36,0.13
2024-03-25 17:1:29.9880,0.04,1.46,4.07,-0.11,0.47,0.16
2024-03-25 17:1:29.9990,-0.39,1.22,4.49,-0.18,0.43,0.24
2024-03-25 17:1:30.0080,-0.64,0.81,4.9,-0.19,0.24,0.29
2024-03-25 17:1:30.0180,-0.51,0.17,5.52,-0.12,-0.03,0.27
2024-03-25 17:1:30.0290,-0.01,-0.49,5.79,0.02,-0.26,0.2
2024-03-25 17:1:30.0380,0.68,-1.07,5.4,0.2,-0.38,0.09
2024-03-25 17:1:30.0490,1.38,-1.33,4.51,0.34,-0.39,-0.01
2024-03-25 17:1:30.0590,1.75,-1.55,2.92,0.38,-0.3,-0.08
2024-03-25 17:1:30.0690,1.83,-1.57,1.15,0.35,-0.15,-0.09
2024-03-25 17:1:30.0780,1.59,-1.45,-0.11,0.29,-0.01,-0.06
2024-03-25 17:1:30.0880,1.25,-1.36,-0.98,0.19,0.09,-0.02
2024-03-25 17:1:30.0990,0.96,-1.3,-1.69,0.04,0.11,0.03
2024-03-25 17:1:30.1080,0.61,-1.37,-2.27,-0.14,0.11,0.09
2024-03-25 17:1:30.1190,0.27,-1.53,-2.49,-0.29,0.11,0.15
2024-03-25 17:1:30.1280,0.02,-1.84,-2.34,-0.4,0.09,0.19
2024-03-25 17:1:30.1390,-0.13,-2.19,-2.19,-0.47,0.06,0.22
2024-03-25 17:1:30.1490,-0.12,-2.42,-2.16,-0.48,-0.02,0.17
2024-03-25 17:1:30.1590,0.21,-2.59,-2.1,-0.43,-0.09,0.05
2024-03-25 17:1:30.1680,0.71,-2.61,-2.06,-0.33,-0.12,-0.13
2024-03-25 17:1:30.1780,1.12,-2.42,-2.26,-0.21,-0.09,-0.31
2024-03-25 17:1:30.1880,1.22,-2.04,-2.54,-0.12,-0.01,-0.41
2024-03-25 17:1:30.1980,0.91,-1.53,-3.07,-0.08,0.05,-0.44
2024-03-25 17:1:30.2080,0.45,-0.99,-3.6,-0.08,0.06,-0.43
2024-03-25 17:1:30.2180,0.1,-0.53,-3.98,-0.11,0.05,-0.37
2024-03-25 17:1:30.2280,-0.16,-0.09,-4.04,-0.1,0.02,-0.31
2024-03-25 17:1:30.2380,-0.04,0.03,-3.64,0.01,-0.04,-0.32
2024-03-25 17:1:30.2480,0.56,0.01,-2.7,0.21,-0.11,-0.38
2024-03-25 17:1:30.2580,0.94,0.1,-1.94,0.3,-0.12,-0.41
2024-03-25 17:1:30.2680,1.02,0.19,-2.09,0.26,-0.08,-0.38
2024-03-25 17:1:30.2780,0.61,0.62,-2.45,0.17,-0.02,-0.2
2024-03-25 17:1:30.2880,-0.28,1.03,-2.36,0.05,0.0,0.06
2024-03-25 17:1:30.2980,-0.55,1.23,-1.81,-0.03,-0.01,0.23
2024-03-25 17:1:30.3080,-0.21,1.07,-1.34,-0.11,-0.14,0.27
2024-03-25 17:1:30.3180,0.54,0.9,-0.95,-0.11,-0.29,0.24
2024-03-25 17:1:30.3280,1.01,0.67,-0.24,-0.02,-0.4,0.15
2024-03-25 17:1:30.3380,1.37,0.69,0.28,0.04,-0.48,0.04
2024-03-25 17:1:30.3480,1.61,0.94,0.09,-0.01,-0.47,-0.03
2024-03-25 17:1:30.3580,1.5,1.38,-0.29,-0.13,-0.35,-0.02
2024-03-25 17:1:30.3680,1.08,1.84,-0.21,-0.24,-0.11,0.05
2024-03-25 17:1:30.3780,0.77,2.21,0.41,-0.3,0.21,0.14
2024-03-25 17:1:30.3880,0.62,2.35,1.41,-0.28,0.51,0.18
2024-03-25 17:1:30.3980,0.59,2.19,2.68,-0.19,0.72,0.15
2024-03-25 17:1:30.4080,0.56,1.73,4.02,-0.05,0.8,0.02
2024-03-25 17:1:30.4180,0.61,1.29,5.26,0.08,0.7,-0.14
2024-03-25 17:1:30.4280,0.54,1.15,5.71,0.27,0.47,-0.34
2024-03-25 17:1:30.4380,0.17,1.39,6.01,0.45,0.34,-0.41
2024-03-25 17:1:30.4480,-0.52,1.67,5.86,0.6,0.35,-0.37
2024-03-25 17:1:30.4580,-0.88,1.92,5.38,0.76,0.39,-0.31
2024-03-25 17:1:30.4680,-1.01,2.19,4.76,0.83,0.39,-0.25
2024-03-25 17:1:30.4780,-1.23,2.34,3.6,0.74,0.38,-0.11
2024-03-25 17:1:30.4880,-1.89,2.06,2.33,0.59,0.37,0.13
2024-03-25 17:1:30.4980,-2.55,1.11,2.02,0.59,0.27,0.35
2024-03-25 17:1:30.5080,-2.16,-0.21,2.69,0.71,0.12,0.38
2024-03-25 17:1:30.5180,-0.97,-1.74,2.66,0.83,0.01,0.3
2024-03-25 17:1:30.5280,-0.29,-2.87,1.79,0.86,-0.02,0.19
2024-03-25 17:1:30.5380,0.04,-3.4,0.6,0.79,-0.03,0.1
2024-03-25 17:1:30.5480,-0.15,-3.52,-0.5,0.62,0.04,0.09
2024-03-25 17:1:30.5580,-0.7,-3.63,-1.25,0.45,0.11,0.17
2024-03-25 17:1:30.5680,-1.38,-3.74,-1.42,0.29,0.13,0.25
2024-03-25 17:1:30.5780,-1.82,-3.78,-1.6,0.08,0.09,0.33
2024-03-25 17:1:30.5880,-2.01,-3.85,-2.15,-0.17,-0.01,0.36
2024-03-25 17:1:30.5980,-1.77,-3.79,-2.61,-0.44,-0.1,0.35
2024-03-25 17:1:30.6080,-1.5,-3.54,-2.91,-0.67,-0.17,0.32
2024-03-25 17:1:30.6180,-1.28,-2.97,-2.73,-0.79,-0.18,0.32
2024-03-25 17:1:30.6280,-1.22,-2.4,-2.38,-0.85,-0.11,0.36
2024-03-25 17:1:30.6380,-1.09,-1.96,-2.19,-0.85,-0.07,0.37
2024-03-25 17:1:30.6480,-0.88,-1.57,-2.06,-0.84,0.03,0.39
2024-03-25 17:1:30.6580,-0.83,-1.19,-2.02,-0.8,0.06,0.43
2024-03-25 17:1:30.6680,-0.93,-0.87,-1.8,-0.71,0.05,0.44
2024-03-25 17:1:30.6780,-0.79,-0.6,-1.55,-0.63,0.01,0.45
2024-03-25 17:1:30.6880,-0.71,-0.44,-1.55,-0.52,-0.05,0.44
2024-03-25 17:1:30.6980,-0.59,-0.31,-1.53,-0.39,-0.1,0.4
2024-03-25 17:1:30.7080,-0.3,-0.14,-1.74,-0.28,-0.12,0.35
2024-03-25 17:1:30.7180,-0.06,0.04,-2.26,-0.2,-0.15,0.33
2024-03-25 17:1:30.7280,-0.02,0.26,-2.91,-0.15,-0.19,0.33
2024-03-25 17:1:30.7380,-0.12,0.55,-3.43,-0.13,-0.26,0.38
2024-03-25 17:1:30.7480,-0.32,0.85,-3.75,-0.13,-0.34,0.49
2024-03-25 17:1:30.7580,-0.6,1.16,-3.81,-0.13,-0.4,0.64
2024-03-25 17:1:30.7680,-0.67,1.25,-3.78,-0.15,-0.39,0.76
2024-03-25 17:1:30.7780,-0.39,1.21,-3.56,-0.22,-0.35,0.79
2024-03-25 17:1:30.7880,0.16,1.04,-3.33,-0.3,-0.29,0.75
2024-03-25 17:1:30.7980,0.61,0.69,-2.76,-0.34,-0.27,0.65
2024-03-25 17:1:30.8080,1.09,0.46,-1.83,-0.34,-0.28,0.51
2024-03-25 17:1:30.8180,1.28,0.24,-0.76,-0.31,-0.29,0.35
2024-03-25 17:1:30.8280,1.35,0.25,0.16,-0.28,-0.24,0.24
2024-03-25 17:1:30.8380,1.17,0.26,1.07,-0.21,-0.16,0.15
2024-03-25 17:1:30.8480,1.07,0.45,2.12,-0.13,-0.07,0.07
2024-03-25 17:1:30.8580,1.03,0.71,2.9,-0.06,0.01,-0.03
2024-03-25 17:1:30.8680,0.93,0.93,3.33,-0.03,0.06,-0.13
2024-03-25 17:1:30.8780,0.76,1.13,3.69,0.01,0.06,-0.21
2024-03-25 17:1:30.8880,0.39,1.27,4.31,0.1,0.02,-0.26
2024-03-25 17:1:30.8980,-0.03,1.27,5.06,0.23,-0.05,-0.31
2024-03-25 17:1:30.9080,-0.38,1.25,5.73,0.38,-0.12,-0.36
2024-03-25 17:1:30.9180,-0.54,1.24,6.09,0.52,-0.19,-0.43
2024-03-25 17:1:30.9280,-0.48,1.44,5.97,0.61,-0.23,-0.5
2024-03-25 17:1:30.9380,-0.4,1.83,5.48,0.63,-0.16,-0.48
2024-03-25 17:1:30.9480,-0.72,1.97,4.86,0.59,0.01,-0.31
2024-03-25 17:1:30.9580,-1.35,1.54,4.59,0.58,0.15,-0.09
2024-03-25 17:1:30.9680,-1.65,0.43,4.99,0.65,0.15,0.0
2024-03-25 17:1:30.9780,-1.12,-0.9,5.23,0.72,-0.02,-0.09
2024-03-25 17:1:30.9880,-0.38,-1.91,4.48,0.78,-0.29,-0.28
2024-03-25 17:1:30.9980,0.04,-2.35,3.65,0.83,-0.52,-0.44
2024-03-25 17:1:31.0080,0.0,-2.12,2.54,0.85,-0.64,-0.46
2024-03-25 17:1:31.0180,-0.27,-1.74,1.35,0.88,-0.8,-0.48
2024-03-25 17:1:31.0280,-0.14,-1.68,0.08,0.86,-0.74,-0.39
2024-03-25 17:1:31.0380,0.05,-1.35,-1.05,0.76,-0.57,-0.28
2024-03-25 17:1:31.0480,0.26,-1.29,-2.47,0.62,-0.37,-0.18
2024-03-25 17:1:31.0580,0.52,-1.1,-3.42,0.4,-0.17,-0.08
2024-03-25 17:1:31.0680,0.62,-0.82,-4.15,0.11,-0.06,0.06
2024-03-25 17:1:31.0780,0.39,-0.6,-4.42,-0.22,0.09,0.17
2024-03-25 17:1:31.0880,-0.02,-1.36,-4.39,-0.5,0.18,0.29
2024-03-25 17:1:31.0980,0.01,-1.41,-3.43,-0.66,0.23,0.33
2024-03-25 17:1:31.1080,0.1,-1.83,-2.21,-0.68,0.25,0.31
2024-03-25 17:1:31.1180,0.34,-2.0,-1.07,-0.58,0.2,0.23
2024-03-25 17:1:31.1280,0.59,-1.94,-0.19,-0.42,0.13,0.09
2024-03-25 17:1:31.1380,0.88,-1.71,0.0,-0.28,0.07,-0.04
2024-03-25 17:1:31.1480,0.97,-1.41,-0.39,-0.17,0.05,-0.16
2024-03-25 17:1:31.1580,0.87,-0.96,-0.95,-0.08,0.09,-0.2
2024-03-25 17:1:31.1680,0.48,-0.46,-1.49,0.01,0.15,-0.17
2024-03-25 17:1:31.1780,0.15,-0.02,-1.87,0.07,0.18,-0.12
2024-03-25 17:1:31.1880,-0.03,0.25,-2.36,0.09,0.18,-0.05
2024-03-25 17:1:31.1980,-0.08,0.32,-2.87,0.1,0.16,0.01
2024-03-25 17:1:31.2080,-0.06,0.32,-3.19,0.11,0.13,0.06
2024-03-25 17:1:31.2180,0.04,0.22,-3.43,0.1,0.07,0.09
2024-03-25 17:1:31.2280,0.21,0.12,-3.77,0.05,0.02,0.12
2024-03-25 17:1:31.2380,0.31,0.03,-4.09,-0.03,-0.01,0.16
2024-03-25 17:1:31.2480,0.44,-0.09,-4.21,-0.11,0.01,0.2
2024-03-25 17:1:31.2580,0.55,-0.27,-3.99,-0.14,0.08,0.23
2024-03-25 17:1:31.2680,0.77,-0.51,-3.4,-0.12,0.14,0.21
2024-03-25 17:1:31.2780,1.06,-0.75,-2.9,-0.12,0.18,0.15
2024-03-25 17:1:31.2880,1.27,-0.87,-2.67,-0.15,0.18,0.06
2024-03-25 17:1:31.2980,1.32,-0.79,-2.54,-0.21,0.16,-0.02
2024-03-25 17:1:31.3080,1.22,-0.53,-2.36,-0.27,0.16,-0.07
2024-03-25 17:1:31.3180,1.03,-0.1,-1.93,-0.32,0.14,-0.11
2024-03-25 17:1:31.3280,0.96,0.48,-1.35,-0.33,0.15,-0.13
2024-03-25 17:1:31.3380,0.82,1.02,-0.71,-0.33,0.2,-0.1
2024-03-25 17:1:31.3480,0.56,1.53,-0.06,-0.32,0.31,-0.04
2024-03-25 17:1:31.3580,0.43,1.84,0.47,-0.32,0.46,0.01
2024-03-25 17:1:31.3680,0.44,1.88,1.2,-0.28,0.58,0.02
2024-03-25 17:1:31.3780,0.49,1.85,2.25,-0.19,0.64,-0.01
2024-03-25 17:1:31.3880,0.44,1.74,3.18,-0.1,0.65,-0.04
2024-03-25 17:1:31.3980,0.24,1.6,3.95,0.02,0.59,-0.09
2024-03-25 17:1:31.4080,-0.02,1.4,4.7,0.17,0.46,-0.12
2024-03-25 17:1:31.4170,-0.34,1.24,5.41,0.33,0.28,-0.14
2024-03-25 17:1:31.4270,-0.47,1.21,5.73,0.49,0.1,-0.17
2024-03-25 17:1:31.4380,-0.29,1.25,5.5,0.59,-0.03,-0.18
2024-03-25 17:1:31.4470,-0.06,1.29,4.86,0.6,-0.13,-0.17
2024-03-25 17:1:31.4570,-0.02,1.18,4.13,0.58,-0.12,-0.12
2024-03-25 17:1:31.4680,-0.06,0.9,3.63,0.55,0.01,0.02
2024-03-25 17:1:31.4770,-0.38,0.27,3.44,0.57,0.16,0.21
2024-03-25 17:1:31.4870,-0.7,-0.57,3.6,0.62,0.18,0.34
2024-03-25 17:1:31.4970,-0.61,-1.55,3.48,0.6,0.01,0.34
2024-03-25 17:1:31.5070,-0.32,-2.41,2.7,0.52,-0.2,0.3
2024-03-25 17:1:31.5170,-0.41,-3.06,1.77,0.39,-0.36,0.29
2024-03-25 17:1:31.5270,-0.68,-3.46,1.07,0.28,-0.46,0.3
2024-03-25 17:1:31.5380,-0.91,-3.59,0.66,0.18,-0.5,0.35
2024-03-25 17:1:31.5470,-1.1,-3.78,0.1,-0.0,-0.44,0.42
2024-03-25 17:1:31.5570,-1.18,-3.74,-0.78,-0.25,-0.37,0.47
2024-03-25 17:1:31.5670,-1.13,-3.63,-1.52,-0.52,-0.3,0.48
2024-03-25 17:1:31.5780,-1.11,-3.62,-1.76,-0.75,-0.22,0.46
2024-03-25 17:1:31.5870,-1.11,-3.46,-1.54,-0.91,-0.12,0.41
2024-03-25 17:1:31.5980,-1.16,-3.23,-1.11,-0.96,-0.03,0.34
2024-03-25 17:1:31.6070,-1.38,-2.75,-0.52,-0.9,0.01,0.26
2024-03-25 17:1:31.6170,-1.59,-2.12,0.02,-0.75,-0.01,0.2
2024-03-25 17:1:31.6270,-1.93,-1.48,0.48,-0.52,-0.09,0.16
2024-03-25 17:1:31.6370,-2.05,-0.66,0.5,-0.31,-0.16,0.14
2024-03-25 17:1:31.6470,-1.99,0.1,-0.14,-0.15,-0.17,0.15
2024-03-25 17:1:31.6570,-1.86,0.77,-1.14,-0.04,-0.14,0.21
2024-03-25 17:1:31.6670,-1.84,1.33,-1.97,0.06,-0.09,0.34
2024-03-25 17:1:31.6780,-1.73,1.67,-2.62,0.12,-0.02,0.46
2024-03-25 17:1:31.6870,-1.39,1.81,-3.31,0.13,0.02,0.58
2024-03-25 17:1:31.6970,-0.91,1.66,-3.97,0.1,0.05,0.67
2024-03-25 17:1:31.7070,-0.34,1.38,-4.39,0.06,0.07,0.75
2024-03-25 17:1:31.7180,0.12,0.95,-4.59,0.01,0.11,0.8
2024-03-25 17:1:31.7270,0.59,0.51,-4.63,-0.09,0.16,0.79
2024-03-25 17:1:31.7380,1.17,-0.01,-4.55,-0.18,0.22,0.7
2024-03-25 17:1:31.7470,1.79,-0.54,-4.03,-0.25,0.29,0.55
2024-03-25 17:1:31.7570,2.31,-0.95,-3.22,-0.26,0.37,0.37
2024-03-25 17:1:31.7670,2.48,-1.24,-2.25,-0.21,0.43,0.2
2024-03-25 17:1:31.7770,2.36,-1.25,-1.09,-0.1,0.45,0.07
2024-03-25 17:1:31.7870,2.01,-1.09,-0.19,-0.01,0.38,-0.03
2024-03-25 17:1:31.7970,1.7,-0.8,0.23,0.04,0.22,-0.13
2024-03-25 17:1:31.8070,1.49,-0.5,0.27,0.01,0.04,-0.21
2024-03-25 17:1:31.8170,1.24,-0.2,0.2,-0.05,-0.13,-0.28
2024-03-25 17:1:31.8270,1.18,0.09,0.3,-0.09,-0.25,-0.37
2024-03-25 17:1:31.8370,1.14,0.34,0.64,-0.09,-0.3,-0.45
2024-03-25 17:1:31.8470,1.05,0.53,0.99,-0.07,-0.24,-0.53
2024-03-25 17:1:31.8570,0.88,0.7,1.22,-0.0,-0.09,-0.57
2024-03-25 17:1:31.8670,0.55,0.82,1.73,0.14,0.06,-0.58
2024-03-25 17:1:31.8770,0.06,1.08,2.55,0.29,0.19,-0.54
2024-03-25 17:1:31.8870,-0.39,1.38,3.09,0.42,0.12,-0.56
2024-03-25 17:1:31.8970,-0.73,1.54,3.1,0.49,-0.07,-0.61
2024-03-25 17:1:31.9070,-0.98,1.86,2.94,0.49,-0.33,-0.64
2024-03-25 17:1:31.9170,-1.22,2.03,2.68,0.49,-0.54,-0.67
2024-03-25 17:1:31.9270,-1.18,2.09,2.63,0.56,-0.67,-0.7
2024-03-25 17:1:31.9370,-1.02,2.0,2.62,0.66,-0.73,-0.75
2024-03-25 17:1:31.9470,-0.76,2.14,2.34,0.7,-0.67,-0.75
2024-03-25 17:1:31.9570,-0.65,2.47,1.72,0.66,-0.5,-0.68
2024-03-25 17:1:31.9670,-0.64,2.82,1.06,0.5,-0.23,-0.47
2024-03-25 17:1:31.9770,-1.03,2.65,0.72,0.4,-0.02,-0.16
2024-03-25 17:1:31.9870,-1.35,1.5,1.41,0.41,0.07,0.04
2024-03-25 17:1:31.9970,-0.78,0.06,2.1,0.39,-0.03,0.06
2024-03-25 17:1:32.0070,0.04,-1.31,1.74,0.32,-0.21,-0.04
2024-03-25 17:1:32.0170,0.69,-2.22,1.24,0.23,-0.34,-0.16
2024-03-25 17:1:32.0270,1.05,-2.81,0.88,0.18,-0.32,-0.28
2024-03-25 17:1:32.0370,1.17,-3.14,0.8,0.2,-0.18,-0.36
2024-03-25 17:1:32.0470,1.0,-3.17,0.9,0.23,-0.02,-0.37
2024-03-25 17:1:32.0570,0.66,-3.01,0.6,0.18,0.05,-0.36
2024-03-25 17:1:32.0670,0.36,-2.7,-0.29,-0.01,0.03,-0.33
2024-03-25 17:1:32.0770,0.23,-2.41,-1.29,-0.26,-0.01,-0.3
2024-03-25 17:1:32.0870,0.33,-2.25,-1.79,-0.45,-0.01,-0.31
2024-03-25 17:1:32.0970,1.37,-1.98,-1.58,-0.57,0.08,-0.39
2024-03-25 17:1:32.1070,1.37,-1.98,-1.58,-0.63,0.26,-0.51
2024-03-25 17:1:32.1170,1.41,-1.67,-1.39,-0.62,0.48,-0.57
2024-03-25 17:1:32.1270,0.92,-1.35,-1.0,-0.55,0.68,-0.59
2024-03-25 17:1:32.1370,0.2,-1.0,-0.64,-0.49,0.79,-0.56
2024-03-25 17:1:32.1470,-0.54,-0.7,-0.54,-0.4,0.83,-0.49
2024-03-25 17:1:32.1570,-0.95,-0.4,-0.33,-0.31,0.78,-0.4
2024-03-25 17:1:32.1670,-1.33,-0.2,-0.37,-0.25,0.68,-0.3
2024-03-25 17:1:32.1770,-1.58,-0.08,-0.69,-0.23,0.54,-0.22
2024-03-25 17:1:32.1870,-1.51,-0.08,-1.09,-0.24,0.37,-0.17
2024-03-25 17:1:32.1970,-1.48,-0.09,-1.44,-0.27,0.2,-0.11
2024-03-25 17:1:32.2070,-1.52,-0.11,-1.53,-0.23,0.07,-0.04
2024-03-25 17:1:32.2170,-1.31,-0.16,-1.24,-0.13,-0.01,0.01
2024-03-25 17:1:32.2270,-0.97,-0.15,-1.16,-0.04,-0.01,0.08
2024-03-25 17:1:32.2370,-0.77,-0.17,-1.41,0.03,0.0,0.15
2024-03-25 17:1:32.2470,-0.53,-0.19,-1.73,0.07,-0.01,0.22
2024-03-25 17:1:32.2570,-0.36,-0.15,-2.04,0.08,-0.03,0.28
2024-03-25 17:1:32.2670,-0.13,-0.1,-2.36,0.05,-0.05,0.35
2024-03-25 17:1:32.2770,0.04,0.02,-2.6,-0.01,-0.11,0.42
2024-03-25 17:1:32.2870,0.31,0.2,-2.71,-0.09,-0.19,0.45
2024-03-25 17:1:32.2970,0.72,0.24,-2.71,-0.17,-0.26,0.46
2024-03-25 17:1:32.3070,1.07,0.14,-2.37,-0.18,-0.3,0.42
2024-03-25 17:1:32.3170,1.48,-0.03,-1.58,-0.07,-0.23,0.33
2024-03-25 17:1:32.3270,2.03,-0.19,-0.64,0.13,-0.09,0.17
2024-03-25 17:1:32.3370,2.51,-0.31,-0.05,0.29,0.06,-0.0
2024-03-25 17:1:32.3470,2.44,-0.2,-0.04,0.37,0.14,-0.12
2024-03-25 17:1:32.3570,2.01,0.07,-0.17,0.41,0.13,-0.24
2024-03-25 17:1:32.3670,1.75,0.36,-0.04,0.4,0.04,-0.36
2024-03-25 17:1:32.3770,1.52,0.65,0.08,0.34,-0.02,-0.46
2024-03-25 17:1:32.3870,1.38,0.96,-0.02,0.23,0.01,-0.54
2024-03-25 17:1:32.3970,1.18,1.19,0.0,0.11,0.2,-0.54
2024-03-25 17:1:32.4070,0.66,1.44,0.56,0.06,0.45,-0.46
2024-03-25 17:1:32.4170,0.1,1.77,1.58,0.07,0.64,-0.38
2024-03-25 17:1:32.4270,-0.26,1.85,2.48,0.08,0.68,-0.33
2024-03-25 17:1:32.4370,-0.54,1.82,3.04,0.11,0.53,-0.33
2024-03-25 17:1:32.4470,-0.75,1.86,3.48,0.14,0.33,-0.37
2024-03-25 17:1:32.4570,-0.77,2.16,3.63,0.12,0.11,-0.4
2024-03-25 17:1:32.4670,-0.98,2.55,3.37,0.01,-0.0,-0.34
2024-03-25 17:1:32.4770,-1.61,2.69,3.1,-0.2,0.08,-0.1
2024-03-25 17:1:32.4870,-2.61,2.33,3.18,-0.3,0.26,0.32
2024-03-25 17:1:32.4970,-3.17,1.27,4.39,-0.18,0.33,0.6
2024-03-25 17:1:32.5070,-2.39,-0.33,5.4,-0.02,0.17,0.63
2024-03-25 17:1:32.5170,-1.27,-1.75,5.16,0.09,-0.1,0.5
2024-03-25 17:1:32.5270,-0.66,-2.48,4.23,0.04,-0.28,0.38
2024-03-25 17:1:32.5370,-0.74,-2.84,3.04,-0.07,-0.26,0.36
2024-03-25 17:1:32.5470,-1.16,-3.09,2.64,-0.08,-0.15,0.4
2024-03-25 17:1:32.5570,-1.58,-3.41,2.89,-0.02,-0.07,0.43
2024-03-25 17:1:32.5670,-1.81,-3.8,2.79,0.06,-0.11,0.41
2024-03-25 17:1:32.5770,-1.8,-3.97,1.89,0.05,-0.24,0.35
2024-03-25 17:1:32.5870,-1.77,-3.87,0.43,-0.02,-0.36,0.28
2024-03-25 17:1:32.5970,-1.71,-3.44,-0.9,-0.07,-0.47,0.24
2024-03-25 17:1:32.6070,-1.68,-2.74,-1.86,-0.15,-0.49,0.25
2024-03-25 17:1:32.6170,-1.55,-1.9,-2.84,-0.27,-0.44,0.34
2024-03-25 17:1:32.6270,-1.52,-1.24,-3.74,-0.4,-0.32,0.47
2024-03-25 17:1:32.6370,-1.38,-0.75,-4.12,-0.48,-0.17,0.6
2024-03-25 17:1:32.6470,-1.16,-0.58,-4.12,-0.51,-0.03,0.7
2024-03-25 17:1:32.6570,-0.87,-0.61,-3.9,-0.5,0.04,0.75
2024-03-25 17:1:32.6670,-0.55,-0.74,-3.62,-0.47,0.06,0.75
2024-03-25 17:1:32.6770,-0.32,-0.98,-3.29,-0.4,0.03,0.69
2024-03-25 17:1:32.6870,-0.02,-1.21,-2.91,-0.31,-0.03,0.61
2024-03-25 17:1:32.6970,0.16,-1.31,-2.78,-0.26,-0.07,0.54
2024-03-25 17:1:32.7070,0.22,-1.31,-3.0,-0.23,-0.09,0.48
2024-03-25 17:1:32.7170,0.24,-1.17,-3.25,-0.23,-0.09,0.46
2024-03-25 17:1:32.7270,0.23,-0.95,-3.53,-0.23,-0.05,0.45
2024-03-25 17:1:32.7370,0.31,-0.69,-3.68,-0.22,0.03,0.43
2024-03-25 17:1:32.7470,0.52,-0.54,-3.68,-0.2,0.11,0.4
2024-03-25 17:1:32.7570,0.71,-0.42,-3.44,-0.19,0.19,0.33
2024-03-25 17:1:32.7670,0.85,-0.24,-3.34,-0.23,0.26,0.28
2024-03-25 17:1:32.7770,0.62,0.01,-3.12,-0.24,0.29,0.27
2024-03-25 17:1:32.7870,0.35,0.38,-2.56,-0.25,0.31,0.29
2024-03-25 17:1:32.7970,0.03,0.68,-2.01,-0.26,0.3,0.32
2024-03-25 17:1:32.8070,-0.07,0.95,-1.64,-0.31,0.26,0.32
2024-03-25 17:1:32.8170,-0.04,1.16,-1.38,-0.34,0.22,0.32
2024-03-25 17:1:32.8270,-0.1,1.28,-0.72,-0.32,0.19,0.31
2024-03-25 17:1:32.8370,-0.07,1.46,0.14,-0.27,0.18,0.29
2024-03-25 17:1:32.8470,-0.03,1.64,0.76,-0.23,0.19,0.27
2024-03-25 17:1:32.8570,-0.01,1.74,1.26,-0.19,0.21,0.24
2024-03-25 17:1:32.8670,-0.08,1.79,1.77,-0.17,0.24,0.23
2024-03-25 17:1:32.8770,-0.26,1.85,2.34,-0.16,0.23,0.23
2024-03-25 17:1:32.8870,-0.45,1.89,2.93,-0.14,0.19,0.23
2024-03-25 17:1:32.8970,-0.46,1.81,3.75,-0.07,0.09,0.2
2024-03-25 17:1:32.9070,-0.28,1.6,4.52,0.09,-0.04,0.09
2024-03-25 17:1:32.9160,0.07,1.35,5.2,0.28,-0.14,-0.06
2024-03-25 17:1:32.9270,0.31,1.21,5.37,0.45,-0.21,-0.21
2024-03-25 17:1:32.9370,0.3,1.23,5.1,0.64,-0.21,-0.34
2024-03-25 17:1:32.9470,0.11,1.36,4.89,0.83,-0.18,-0.45
2024-03-25 17:1:32.9570,0.01,1.53,4.32,0.96,-0.16,-0.55
2024-03-25 17:1:32.9660,-0.13,1.73,3.53,1.09,-0.17,-0.61
2024-03-25 17:1:32.9760,-0.31,2.0,3.1,1.2,-0.23,-0.65
2024-03-25 17:1:32.9860,-0.39,2.33,2.61,1.24,-0.32,-0.61
2024-03-25 17:1:32.9960,-0.63,2.46,1.92,1.19,-0.34,-0.45
2024-03-25 17:1:33.0060,-0.89,2.11,1.31,1.08,-0.29,-0.21
2024-03-25 17:1:33.0160,-0.92,1.11,0.96,1.0,-0.18,0.03
2024-03-25 17:1:33.0270,-0.73,-0.35,1.0,0.92,-0.14,0.21
2024-03-25 17:1:33.0370,-0.45,-1.79,1.06,0.87,-0.26,0.3
2024-03-25 17:1:33.0460,0.02,-2.76,0.99,0.8,-0.53,0.26
2024-03-25 17:1:33.0570,0.65,-3.27,0.4,0.65,-0.83,0.2
2024-03-25 17:1:33.0660,1.02,-3.28,-0.63,0.47,-1.01,0.21
2024-03-25 17:1:33.0760,1.06,-3.02,-1.4,0.28,-1.01,0.27
2024-03-25 17:1:33.0860,1.14,-2.69,-2.08,0.04,-0.81,0.35
2024-03-25 17:1:33.0960,1.43,-2.43,-2.79,-0.26,-0.49,0.4
2024-03-25 17:1:33.1060,1.62,-2.32,-3.31,-0.63,-0.16,0.44
2024-03-25 17:1:33.1160,1.62,-2.38,-3.47,-1.0,0.11,0.42
2024-03-25 17:1:33.1260,1.63,-2.56,-2.87,-1.25,0.31,0.29
2024-03-25 17:1:33.1360,1.79,-2.56,-1.45,-1.3,0.42,0.12
2024-03-25 17:1:33.1460,1.74,-2.52,0.27,-1.17,0.42,-0.13
2024-03-25 17:1:33.1570,1.7,-2.23,1.49,-0.99,0.35,-0.39
2024-03-25 17:1:33.1660,1.51,-1.68,1.51,-0.85,0.26,-0.61
2024-03-25 17:1:33.1760,1.04,-1.05,0.9,-0.7,0.21,-0.76
2024-03-25 17:1:33.1860,0.56,-0.44,0.26,-0.55,0.21,-0.82
2024-03-25 17:1:33.1960,0.07,0.09,-0.45,-0.4,0.25,-0.79
2024-03-25 17:1:33.2060,-0.4,0.58,-1.28,-0.28,0.31,-0.71
2024-03-25 17:1:33.2160,-0.71,0.96,-2.07,-0.2,0.35,-0.6
2024-03-25 17:1:33.2260,-0.79,1.14,-2.71,-0.13,0.35,-0.49
2024-03-25 17:1:33.2360,-0.8,1.16,-3.24,-0.09,0.29,-0.39
2024-03-25 17:1:33.2460,-0.81,1.05,-3.66,-0.07,0.21,-0.26
2024-03-25 17:1:33.2560,-0.84,0.79,-3.75,-0.0,0.11,-0.15
2024-03-25 17:1:33.2670,-0.74,0.47,-3.47,0.07,0.02,-0.06
2024-03-25 17:1:33.2760,-0.44,0.14,-3.41,0.09,-0.05,-0.01
2024-03-25 17:1:33.2860,-0.14,-0.15,-3.67,0.06,-0.08,0.05
2024-03-25 17:1:33.2960,-0.15,-0.3,-3.73,0.01,-0.07,0.15
2024-03-25 17:1:33.3060,-0.29,-0.37,-3.49,-0.05,-0.04,0.25
2024-03-25 17:1:33.3160,-0.19,-0.4,-3.22,-0.14,-0.01,0.34
2024-03-25 17:1:33.3260,-0.28,-0.51,-3.02,-0.23,-0.0,0.43
2024-03-25 17:1:33.3360,-0.31,-0.56,-2.66,-0.31,-0.04,0.48
2024-03-25 17:1:33.3470,-0.17,-0.69,-2.14,-0.35,-0.06,0.46
2024-03-25 17:1:33.3560,0.2,-0.72,-1.5,-0.39,0.0,0.39
2024-03-25 17:1:33.3660,0.6,-0.67,-0.88,-0.43,0.16,0.25
2024-03-25 17:1:33.3760,0.97,-0.42,-0.29,-0.46,0.43,0.1
2024-03-25 17:1:33.3860,1.0,-0.09,0.62,-0.41,0.73,-0.0
2024-03-25 17:1:33.3960,0.58,0.28,1.99,-0.27,0.94,-0.06
2024-03-25 17:1:33.4060,-0.03,0.74,3.42,-0.13,0.94,-0.09
2024-03-25 17:1:33.4160,-0.56,1.28,4.25,-0.01,0.76,-0.13
2024-03-25 17:1:33.4270,-0.89,1.52,4.54,0.12,0.51,-0.18
2024-03-25 17:1:33.4360,-0.98,1.76,4.71,0.28,0.32,-0.21
2024-03-25 17:1:33.4460,-0.8,2.15,4.66,0.42,0.21,-0.24
2024-03-25 17:1:33.4560,-0.47,2.62,4.17,0.42,0.19,-0.23
2024-03-25 17:1:33.4660,-0.63,2.94,2.96,0.22,0.3,-0.07
2024-03-25 17:1:33.4760,-1.34,2.87,2.2,0.07,0.51,0.25
2024-03-25 17:1:33.4860,-1.81,2.25,3.15,0.19,0.63,0.53
2024-03-25 17:1:33.4960,-1.29,1.21,4.94,0.42,0.49,0.58
2024-03-25 17:1:33.5060,-0.36,-0.08,5.4,0.54,0.14,0.51
2024-03-25 17:1:33.5160,0.06,-1.13,4.49,0.49,-0.2,0.45
2024-03-25 17:1:33.5260,0.16,-1.71,3.31,0.38,-0.39,0.43
2024-03-25 17:1:33.5360,0.06,-2.18,2.67,0.31,-0.44,0.46
2024-03-25 17:1:33.5460,-0.03,-2.64,2.52,0.27,-0.41,0.47
2024-03-25 17:1:33.5560,0.06,-3.12,2.16,0.2,-0.38,0.44
2024-03-25 17:1:33.5660,0.19,-3.43,1.49,0.08,-0.36,0.38
2024-03-25 17:1:33.5760,0.25,-3.68,0.63,-0.09,-0.34,0.29
2024-03-25 17:1:33.5860,0.22,-3.84,-0.07,-0.23,-0.29,0.19
2024-03-25 17:1:33.5960,0.23,-3.92,-0.46,-0.32,-0.23,0.08
2024-03-25 17:1:33.6060,0.16,-3.84,-0.71,-0.36,-0.17,-0.05
2024-03-25 17:1:33.6160,0.05,-3.55,-1.07,-0.37,-0.14,-0.18
2024-03-25 17:1:33.6260,-0.07,-2.83,-1.57,-0.39,-0.14,-0.26
2024-03-25 17:1:33.6360,-0.25,-1.91,-2.17,-0.42,-0.16,-0.29
2024-03-25 17:1:33.6460,-0.52,-0.97,-2.76,-0.44,-0.21,-0.26
2024-03-25 17:1:33.6560,-0.66,-0.11,-3.34,-0.46,-0.28,-0.23
2024-03-25 17:1:33.6660,-0.62,0.69,-3.84,-0.52,-0.31,-0.14
2024-03-25 17:1:33.6760,-0.83,1.27,-4.37,-0.62,-0.3,0.03
2024-03-25 17:1:33.6860,-1.15,1.63,-4.69,-0.69,-0.21,0.25
2024-03-25 17:1:33.6960,-1.36,1.78,-4.52,-0.67,-0.13,0.46
2024-03-25 17:1:33.7060,-1.16,1.68,-3.83,-0.58,-0.05,0.62
2024-03-25 17:1:33.7160,-0.7,1.09,-3.26,-0.43,-0.02,0.68
2024-03-25 17:1:33.7260,-0.04,0.44,-2.66,-0.28,-0.09,0.59
2024-03-25 17:1:33.7360,0.78,0.01,-2.63,-0.27,-0.17,0.42
2024-03-25 17:1:33.7460,1.22,-0.25,-3.24,-0.39,-0.22,0.27
2024-03-25 17:1:33.7560,1.25,-0.28,-3.49,-0.5,-0.21,0.14
2024-03-25 17:1:33.7660,1.15,-0.29,-2.97,-0.5,-0.08,0.05
2024-03-25 17:1:33.7760,0.98,-0.2,-1.83,-0.4,0.15,0.01
2024-03-25 17:1:33.7860,0.64,0.03,-0.72,-0.24,0.32,-0.01
2024-03-25 17:1:33.7960,0.36,0.39,0.08,-0.13,0.35,-0.08
2024-03-25 17:1:33.8060,0.25,0.74,0.34,-0.07,0.3,-0.16
2024-03-25 17:1:33.8160,0.1,0.94,0.49,-0.02,0.17,-0.27
2024-03-25 17:1:33.8260,-0.07,1.07,0.97,0.08,0.05,-0.37
2024-03-25 17:1:33.8360,-0.19,1.18,1.61,0.21,0.0,-0.45
2024-03-25 17:1:33.8460,-0.36,1.38,2.06,0.33,0.04,-0.47
2024-03-25 17:1:33.8560,-0.69,1.66,2.17,0.41,0.1,-0.43
2024-03-25 17:1:33.8660,-1.09,1.91,2.21,0.49,0.16,-0.35
2024-03-25 17:1:33.8760,-1.28,2.12,2.33,0.53,0.16,-0.27
2024-03-25 17:1:33.8860,-1.2,2.2,2.32,0.53,0.07,-0.23
2024-03-25 17:1:33.8960,-0.86,2.15,2.16,0.5,-0.1,-0.25
2024-03-25 17:1:33.9060,-0.34,2.13,2.06,0.48,-0.3,-0.3
2024-03-25 17:1:33.9160,0.08,2.07,2.01,0.46,-0.42,-0.38
2024-03-25 17:1:33.9260,0.58,2.05,1.87,0.43,-0.33,-0.45
2024-03-25 17:1:33.9360,1.04,1.93,1.63,0.37,0.01,-0.46
2024-03-25 17:1:33.9460,1.15,1.53,1.74,0.33,0.48,-0.36
2024-03-25 17:1:33.9560,1.01,0.79,2.34,0.31,0.86,-0.26
2024-03-25 17:1:33.9660,0.99,-0.26,2.88,0.37,1.09,-0.16
2024-03-25 17:1:33.9760,1.0,-1.55,3.7,0.53,0.88,-0.21
2024-03-25 17:1:33.9860,1.23,-2.45,4.48,0.62,0.36,-0.39
2024-03-25 17:1:33.9960,1.43,-2.95,4.01,0.55,-0.26,-0.6
2024-03-25 17:1:34.0060,1.56,-2.94,2.68,0.4,-0.72,-0.76
2024-03-25 17:1:34.0160,1.73,-2.68,1.54,0.29,-0.83,-0.82
2024-03-25 17:1:34.0260,1.83,-2.35,0.84,0.27,-0.68,-0.81
2024-03-25 17:1:34.0360,1.83,-2.08,0.36,0.26,-0.42,-0.77
2024-03-25 17:1:34.0460,1.81,-1.73,-0.32,0.16,-0.11,-0.72
2024-03-25 17:1:34.0560,1.78,-1.45,-1.21,-0.04,0.1,-0.67
2024-03-25 17:1:34.0660,1.59,-1.16,-1.74,-0.26,0.2,-0.64
2024-03-25 17:1:34.0760,1.27,-0.91,-1.5,-0.42,0.28,-0.6
2024-03-25 17:1:34.0860,0.94,-0.83,-0.6,-0.48,0.37,-0.57
2024-03-25 17:1:34.0960,0.69,-0.86,0.58,-0.43,0.42,-0.52
2024-03-25 17:1:34.1060,0.3,-0.86,1.68,-0.31,0.37,-0.48
2024-03-25 17:1:34.1160,0.09,-0.81,2.39,-0.19,0.21,-0.49
2024-03-25 17:1:34.1260,0.11,-0.84,2.39,-0.1,0.02,-0.52
2024-03-25 17:1:34.1360,0.22,-0.89,1.98,0.0,-0.16,-0.58
2024-03-25 17:1:34.1460,0.32,-0.85,1.47,0.14,-0.27,-0.62
2024-03-25 17:1:34.1560,0.38,-0.78,0.77,0.27,-0.31,-0.66
2024-03-25 17:1:34.1660,0.38,-0.62,-0.29,0.36,-0.31,-0.67
2024-03-25 17:1:34.1760,0.33,-0.41,-1.43,0.4,-0.28,-0.66
2024-03-25 17:1:34.1860,0.21,-0.22,-2.47,0.38,-0.21,-0.6
2024-03-25 17:1:34.1960,0.01,-0.1,-3.35,0.32,-0.13,-0.51
2024-03-25 17:1:34.2060,-0.17,-0.11,-3.81,0.26,-0.05,-0.42
2024-03-25 17:1:34.2160,-0.33,-0.19,-3.84,0.24,-0.01,-0.32
2024-03-25 17:1:34.2260,-0.48,-0.3,-3.63,0.24,-0.03,-0.24
2024-03-25 17:1:34.2360,-0.41,-0.39,-3.43,0.24,-0.12,-0.22
2024-03-25 17:1:34.2460,-0.1,-0.43,-3.36,0.2,-0.29,-0.26
2024-03-25 17:1:34.2560,0.39,-0.26,-3.38,0.1,-0.5,-0.32
2024-03-25 17:1:34.2660,0.57,0.04,-3.44,-0.03,-0.66,-0.32
2024-03-25 17:1:34.2760,0.4,0.33,-3.18,-0.1,-0.69,-0.25
2024-03-25 17:1:34.2860,0.29,0.51,-2.64,-0.05,-0.64,-0.16
2024-03-25 17:1:34.2960,0.36,0.61,-1.89,0.07,-0.55,-0.07
2024-03-25 17:1:34.3060,0.46,0.48,-1.48,0.22,-0.49,-0.02
2024-03-25 17:1:34.3160,0.66,0.35,-1.42,0.33,-0.49,-0.03
2024-03-25 17:1:34.3260,0.97,0.32,-1.78,0.31,-0.57,-0.11
2024-03-25 17:1:34.3360,1.24,0.26,-2.6,0.2,-0.65,-0.22
2024-03-25 17:1:34.3460,1.48,0.33,-3.08,0.08,-0.65,-0.35
2024-03-25 17:1:34.3560,1.68,0.63,-3.04,-0.06,-0.48,-0.46
2024-03-25 17:1:34.3660,1.65,1.06,-2.77,-0.13,-0.14,-0.48
2024-03-25 17:1:34.3760,1.15,1.45,-1.95,-0.12,0.28,-0.39
2024-03-25 17:1:34.3860,0.32,1.68,-0.8,-0.08,0.69,-0.27
2024-03-25 17:1:34.3960,-0.33,1.62,0.34,-0.0,0.92,-0.19
2024-03-25 17:1:34.4060,-0.67,1.5,1.51,0.08,0.87,-0.21
2024-03-25 17:1:34.4160,-0.88,1.21,2.42,0.16,0.65,-0.3
2024-03-25 17:1:34.4260,-0.83,1.21,3.13,0.26,0.27,-0.45
2024-03-25 17:1:34.4360,-0.82,1.6,3.46,0.32,-0.09,-0.53
2024-03-25 17:1:34.4450,-1.03,2.04,3.35,0.28,-0.16,-0.46
2024-03-25 17:1:34.4560,-1.63,2.08,3.16,0.1,-0.01,-0.19
2024-03-25 17:1:34.4660,-2.26,1.96,2.88,-0.09,0.23,0.2
2024-03-25 17:1:34.4760,-2.22,1.23,3.73,-0.02,0.37,0.41
2024-03-25 17:1:34.4860,-1.12,-0.01,5.56,0.17,0.35,0.45
2024-03-25 17:1:34.4960,-0.66,-1.39,6.18,0.27,0.22,0.46
2024-03-25 17:1:34.5050,-0.82,-2.31,5.72,0.21,0.07,0.46
2024-03-25 17:1:34.5160,-1.0,-2.9,4.96,0.09,-0.06,0.5
2024-03-25 17:1:34.5260,-1.27,-3.45,4.76,0.03,-0.16,0.56
2024-03-25 17:1:34.5360,-1.46,-3.91,4.85,-0.01,-0.22,0.61
2024-03-25 17:1:34.5450,-1.56,-4.24,4.46,-0.08,-0.26,0.67
2024-03-25 17:1:34.5560,-1.58,-4.28,3.69,-0.17,-0.33,0.71
2024-03-25 17:1:34.5650,-1.34,-4.17,2.89,-0.23,-0.43,0.68
2024-03-25 17:1:34.5750,-0.89,-3.93,2.25,-0.24,-0.55,0.59
2024-03-25 17:1:34.5850,-0.19,-3.32,1.5,-0.25,-0.63,0.45
2024-03-25 17:1:34.5950,0.44,-2.43,0.5,-0.26,-0.64,0.34
2024-03-25 17:1:34.6050,0.7,-1.56,-0.51,-0.27,-0.59,0.27
2024-03-25 17:1:34.6150,0.79,-0.87,-1.31,-0.26,-0.45,0.23
2024-03-25 17:1:34.6250,0.84,-0.35,-1.9,-0.25,-0.26,0.21
2024-03-25 17:1:34.6360,0.84,-0.05,-2.41,-0.23,-0.1,0.2
2024-03-25 17:1:34.6450,0.73,0.05,-2.75,-0.2,-0.0,0.19
2024-03-25 17:1:34.6560,0.57,-0.02,-2.96,-0.16,0.04,0.16
2024-03-25 17:1:34.6650,0.47,-0.17,-3.21,-0.13,0.03,0.11
2024-03-25 17:1:34.6750,0.46,-0.39,-3.55,-0.11,-0.01,0.04
2024-03-25 17:1:34.6850,0.36,-0.59,-3.81,-0.09,-0.08,-0.04
2024-03-25 17:1:34.6950,0.15,-0.66,-3.93,-0.08,-0.13,-0.09
2024-03-25 17:1:34.7050,-0.04,-0.62,-4.15,-0.1,-0.11,-0.12
2024-03-25 17:1:34.7150,-0.22,-0.57,-4.43,-0.14,-0.04,-0.14
2024-03-25 17:1:34.7250,-0.39,-0.46,-4.52,-0.17,0.03,-0.13
2024-03-25 17:1:34.7360,-0.58,-0.26,-4.34,-0.19,0.08,-0.13
2024-03-25 17:1:34.7450,-0.68,-0.07,-4.06,-0.17,0.12,-0.15
2024-03-25 17:1:34.7550,-0.69,0.04,-3.61,-0.14,0.15,-0.17
2024-03-25 17:1:34.7650,-0.72,0.24,-3.18,-0.11,0.2,-0.17
2024-03-25 17:1:34.7750,-0.91,0.47,-2.76,-0.08,0.24,-0.16
2024-03-25 17:1:34.7850,-1.06,0.86,-2.38,-0.07,0.26,-0.11
2024-03-25 17:1:34.7950,-1.31,1.18,-2.12,-0.09,0.28,-0.02
2024-03-25 17:1:34.8050,-1.58,1.49,-1.81,-0.11,0.28,0.09
2024-03-25 17:1:34.8150,-1.77,1.68,-1.27,-0.12,0.3,0.19
2024-03-25 17:1:34.8250,-1.75,1.66,-0.42,-0.08,0.33,0.26
2024-03-25 17:1:34.8350,-1.56,1.37,0.63,0.03,0.33,0.25
2024-03-25 17:1:34.8450,-1.24,1.1,1.77,0.19,0.29,0.18
2024-03-25 17:1:34.8550,-0.84,0.93,2.74,0.37,0.19,0.05
2024-03-25 17:1:34.8650,-0.64,0.88,3.17,0.49,0.07,-0.05
2024-03-25 17:1:34.8750,-0.74,0.97,3.19,0.58,-0.07,-0.11
2024-03-25 17:1:34.8850,-0.81,1.2,3.06,0.66,-0.21,-0.14
2024-03-25 17:1:34.8950,-0.87,1.39,2.85,0.71,-0.3,-0.13
2024-03-25 17:1:34.9050,-0.75,1.52,2.4,0.73,-0.35,-0.13
2024-03-25 17:1:34.9150,-0.55,1.53,2.05,0.77,-0.34,-0.16
2024-03-25 17:1:34.9250,-0.15,1.39,1.85,0.84,-0.32,-0.24
2024-03-25 17:1:34.9350,0.3,1.18,1.77,0.94,-0.3,-0.36
2024-03-25 17:1:34.9450,0.68,1.14,1.66,1.04,-0.31,-0.52
2024-03-25 17:1:34.9550,1.1,1.29,1.57,1.09,-0.35,-0.69
2024-03-25 17:1:34.9650,1.36,1.64,1.14,1.03,-0.31,-0.77
2024-03-25 17:1:34.9750,1.02,1.85,0.48,0.92,-0.06,-0.64
2024-03-25 17:1:34.9850,0.22,1.69,0.57,0.86,0.24,-0.33
2024-03-25 17:1:34.9950,-0.4,0.91,1.22,0.82,0.34,-0.12
2024-03-25 17:1:35.0050,-0.24,-0.14,1.55,0.73,0.15,-0.03
2024-03-25 17:1:35.0150,-0.02,-0.92,1.2,0.57,-0.16,-0.01
2024-03-25 17:1:35.0250,0.29,-1.29,0.67,0.36,-0.46,-0.06
2024-03-25 17:1:35.0350,0.67,-1.4,0.3,0.15,-0.66,-0.09
2024-03-25 17:1:35.0450,0.81,-1.22,0.23,-0.05,-0.71,-0.05
2024-03-25 17:1:35.0550,0.58,-1.01,0.27,-0.21,-0.54,0.07
2024-03-25 17:1:35.0650,0.38,-0.96,0.41,-0.29,-0.16,0.22
2024-03-25 17:1:35.0750,0.32,-1.13,0.82,-0.33,0.29,0.35
2024-03-25 17:1:35.0850,0.23,-1.41,1.13,-0.4,0.63,0.48
2024-03-25 17:1:35.0950,-0.14,-1.79,1.31,-0.46,0.67,0.54
2024-03-25 17:1:35.1050,-0.36,-2.11,1.65,-0.52,0.49,0.51
2024-03-25 17:1:35.1150,-0.23,-2.37,1.78,-0.57,0.23,0.4
2024-03-25 17:1:35.1250,0.1,-2.26,1.8,-0.57,0.05,0.27
2024-03-25 17:1:35.1350,0.39,-1.88,1.7,-0.54,-0.01,0.17
2024-03-25 17:1:35.1450,0.45,-1.44,1.35,-0.48,0.03,0.1
2024-03-25 17:1:35.1550,0.29,-1.05,0.89,-0.4,0.13,0.09
2024-03-25 17:1:35.1650,0.08,-0.71,0.28,-0.31,0.24,0.08
2024-03-25 17:1:35.1750,0.06,-0.46,-0.48,-0.24,0.32,0.06
2024-03-25 17:1:35.1850,0.12,-0.29,-1.21,-0.18,0.37,0.01
2024-03-25 17:1:35.1950,0.11,-0.17,-1.99,-0.15,0.38,-0.03
2024-03-25 17:1:35.2050,-0.01,-0.06,-2.73,-0.15,0.37,-0.05
2024-03-25 17:1:35.2150,-0.18,0.04,-3.39,-0.18,0.33,-0.04
2024-03-25 17:1:35.2250,-0.48,0.15,-3.78,-0.22,0.29,0.04
2024-03-25 17:1:35.2350,-0.78,0.3,-3.95,-0.27,0.26,0.16
2024-03-25 17:1:35.2450,-1.0,0.32,-4.0,-0.32,0.24,0.31
2024-03-25 17:1:35.2550,-1.03,0.23,-4.01,-0.35,0.23,0.44
2024-03-25 17:1:35.2650,-0.86,0.02,-3.99,-0.37,0.22,0.53
2024-03-25 17:1:35.2750,-0.63,-0.28,-3.97,-0.4,0.22,0.58
2024-03-25 17:1:35.2850,-0.36,-0.56,-3.98,-0.42,0.2,0.6
2024-03-25 17:1:35.2950,-0.12,-0.78,-3.94,-0.43,0.19,0.58
2024-03-25 17:1:35.3050,0.05,-0.89,-3.92,-0.45,0.19,0.55
2024-03-25 17:1:35.3150,0.05,-0.97,-3.77,-0.42,0.19,0.54
2024-03-25 17:1:35.3250,-0.14,-0.93,-3.12,-0.28,0.16,0.56
2024-03-25 17:1:35.3350,-0.27,-0.58,-2.32,-0.18,0.11,0.55
2024-03-25 17:1:35.3450,-0.06,-0.26,-2.39,-0.18,0.08,0.5
2024-03-25 17:1:35.3550,0.22,0.05,-2.87,-0.2,0.1,0.47
2024-03-25 17:1:35.3650,0.25,0.43,-2.88,-0.2,0.21,0.47
2024-03-25 17:1:35.3750,0.19,0.81,-2.57,-0.19,0.38,0.51
2024-03-25 17:1:35.3850,0.08,1.03,-2.22,-0.18,0.57,0.57
2024-03-25 17:1:35.3950,-0.21,1.06,-1.55,-0.11,0.69,0.65
2024-03-25 17:1:35.4050,-0.44,1.02,-0.55,-0.03,0.69,0.67
2024-03-25 17:1:35.4150,-0.45,0.77,0.25,0.07,0.56,0.65
2024-03-25 17:1:35.4250,-0.39,0.5,0.89,0.17,0.34,0.6
2024-03-25 17:1:35.4350,-0.28,0.42,1.35,0.28,0.14,0.52
2024-03-25 17:1:35.4450,0.0,0.38,1.58,0.38,0.05,0.48
2024-03-25 17:1:35.4550,0.16,0.41,1.84,0.52,-0.02,0.44
2024-03-25 17:1:35.4650,0.4,0.83,2.51,0.71,-0.01,0.4
2024-03-25 17:1:35.4750,0.44,1.18,2.95,0.75,0.12,0.45
2024-03-25 17:1:35.4850,-0.03,1.28,2.74,0.47,0.32,0.66
2024-03-25 17:1:35.4950,-0.71,1.36,2.55,0.05,0.49,1.04
2024-03-25 17:1:35.5050,-1.26,0.71,4.11,-0.12,0.42,1.31
2024-03-25 17:1:35.5150,-0.78,-0.65,7.32,-0.05,0.14,1.29
2024-03-25 17:1:35.5250,0.27,-1.95,9.36,0.05,-0.19,1.09
2024-03-25 17:1:35.5350,0.83,-2.87,9.54,0.09,-0.4,0.87
2024-03-25 17:1:35.5450,0.73,-3.12,9.03,0.07,-0.31,0.81
2024-03-25 17:1:35.5550,0.17,-2.76,8.58,0.1,0.03,0.89
2024-03-25 17:1:35.5650,-0.6,-2.67,8.26,0.17,0.37,0.96
2024-03-25 17:1:35.5750,-0.85,-2.69,7.44,0.19,0.51,0.91
2024-03-25 17:1:35.5850,-0.84,-2.61,5.77,0.09,0.38,0.74
2024-03-25 17:1:35.5950,-0.7,-2.06,3.72,-0.11,0.13,0.49
2024-03-25 17:1:35.6050,-0.66,-1.34,1.68,-0.3,-0.03,0.28
2024-03-25 17:1:35.6150,-0.97,-0.65,0.3,-0.4,0.02,0.19
2024-03-25 17:1:35.6250,-1.46,0.01,-0.52,-0.42,0.21,0.23
2024-03-25 17:1:35.6350,-1.91,0.41,-1.22,-0.38,0.43,0.31
2024-03-25 17:1:35.6450,-2.11,0.54,-1.94,-0.32,0.63,0.38
2024-03-25 17:1:35.6550,-2.14,0.55,-2.61,-0.2,0.64,0.43
2024-03-25 17:1:35.6650,-2.29,0.29,-2.89,-0.08,0.44,0.47
2024-03-25 17:1:35.6750,-2.3,-0.06,-3.19,-0.01,0.11,0.46
2024-03-25 17:1:35.6850,-2.04,-0.43,-3.82,-0.04,-0.27,0.4
2024-03-25 17:1:35.6950,-1.58,-0.66,-4.87,-0.19,-0.55,0.36
2024-03-25 17:1:35.7050,-1.17,-0.9,-5.92,-0.37,-0.74,0.34
2024-03-25 17:1:35.7150,-0.84,-1.01,-6.17,-0.46,-0.79,0.31
2024-03-25 17:1:35.7250,-0.47,-1.01,-5.83,-0.45,-0.72,0.31
2024-03-25 17:1:35.7350,-0.45,-1.11,-5.31,-0.35,-0.56,0.34
2024-03-25 17:1:35.7450,-0.54,-1.17,-4.91,-0.24,-0.25,0.37
2024-03-25 17:1:35.7550,-0.65,-1.37,-4.78,-0.09,0.06,0.37
2024-03-25 17:1:35.7650,-0.86,-1.53,-4.53,0.01,0.27,0.32
2024-03-25 17:1:35.7750,-1.18,-1.58,-4.59,-0.02,0.35,0.29
2024-03-25 17:1:35.7850,-1.64,-1.31,-4.85,-0.13,0.32,0.31
2024-03-25 17:1:35.7950,-2.19,-0.94,-4.76,-0.25,0.2,0.4
2024-03-25 17:1:35.8050,-2.79,-0.58,-4.21,-0.33,0.08,0.52
2024-03-25 17:1:35.8150,-3.11,-0.28,-3.8,-0.39,0.06,0.64
2024-03-25 17:1:35.8250,-2.72,-0.02,-3.6,-0.42,0.2,0.68
2024-03-25 17:1:35.8350,-1.94,0.14,-3.36,-0.39,0.45,0.67
2024-03-25 17:1:35.8450,-1.27,0.43,-2.75,-0.32,0.68,0.64
2024-03-25 17:1:35.8550,-0.62,0.91,-2.01,-0.28,0.85,0.61
2024-03-25 17:1:35.8650,0.04,1.48,-1.18,-0.26,0.88,0.6
2024-03-25 17:1:35.8750,0.72,2.21,-0.09,-0.23,0.76,0.57
2024-03-25 17:1:35.8850,1.46,2.78,0.83,-0.22,0.56,0.52
2024-03-25 17:1:35.8950,2.04,2.99,1.35,-0.2,0.35,0.45
2024-03-25 17:1:35.9050,2.91,3.2,1.91,-0.1,0.17,0.33
2024-03-25 17:1:35.9150,4.0,3.56,2.67,0.05,0.08,0.16
2024-03-25 17:1:35.9250,5.27,4.27,3.16,0.16,0.09,-0.02
2024-03-25 17:1:35.9350,6.52,5.35,3.06,0.01,0.56,0.02
2024-03-25 17:1:35.9450,5.56,4.91,2.59,-0.42,1.46,0.55
2024-03-25 17:1:35.9550,2.51,2.86,3.87,-0.67,2.21,1.19
2024-03-25 17:1:35.9650,1.24,0.8,7.76,-0.61,2.38,1.52
2024-03-25 17:1:35.9750,3.0933551278710367,-3.1,12.18,-0.43,1.69,1.34
2024-03-25 17:1:35.9860,3.09,-3.1,12.18,-0.18,0.31,0.69
2024-03-25 17:1:35.9950,4.03,-4.16,11.17,-0.13,-0.78,-0.05
2024-03-25 17:1:36.0040,4.7,-3.96,9.62,-0.22,-1.2,-0.45
2024-03-25 17:1:36.0150,4.1,-4.03,8.04,-0.01,-1.25,-0.76
2024-03-25 17:1:36.0240,3.74,-3.53,7.73,0.43,-1.03,-0.98
2024-03-25 17:1:36.0350,2.92,-3.02,6.69,0.74,-0.63,-1.02
2024-03-25 17:1:36.0440,2.06,-2.17,3.97,0.81,-0.25,-1.0
2024-03-25 17:1:36.0550,1.37,-1.52,1.04,0.75,-0.05,-0.98
2024-03-25 17:1:36.0640,0.77,-1.17,-0.8,0.66,-0.13,-0.96
2024-03-25 17:1:36.0740,0.24,-0.96,-1.67,0.6,-0.43,-0.99
2024-03-25 17:1:36.0850,0.01,-0.93,-2.36,0.54,-0.83,-1.08
2024-03-25 17:1:36.0940,0.07,-0.89,-3.19,0.46,-1.17,-1.22
2024-03-25 17:1:36.1040,0.27,-0.79,-4.22,0.34,-1.32,-1.34
2024-03-25 17:1:36.1140,0.31,-0.67,-4.93,0.26,-1.34,-1.39
2024-03-25 17:1:36.1240,0.12,-0.25,-5.17,0.26,-1.22,-1.4
2024-03-25 17:1:36.1340,-0.26,0.32,-5.09,0.26,-1.04,-1.31
2024-03-25 17:1:36.1440,-0.84,0.77,-5.07,0.24,-0.81,-1.15
2024-03-25 17:1:36.1540,-1.29,0.98,-4.98,0.27,-0.6,-0.97
2024-03-25 17:1:36.1640,-1.64,1.02,-4.37,0.35,-0.49,-0.81
2024-03-25 17:1:36.1740,-1.75,1.08,-3.72,0.37,-0.46,-0.69
2024-03-25 17:1:36.1850,-1.46,1.21,-3.43,0.35,-0.5,-0.62
2024-03-25 17:1:36.1940,-1.23,1.2,-3.06,0.32,-0.65,-0.6
2024-03-25 17:1:36.2040,-1.13,1.22,-2.67,0.23,-0.8,-0.57
2024-03-25 17:1:36.2140,-1.2,1.11,-2.48,0.14,-0.83,-0.46
2024-03-25 17:1:36.2240,-1.35,0.95,-1.94,0.13,-0.79,-0.33
2024-03-25 17:1:36.2340,-1.35,0.69,-1.23,0.18,-0.67,-0.19
2024-03-25 17:1:36.2440,-1.16,0.36,-0.57,0.29,-0.48,-0.1
2024-03-25 17:1:36.2540,-0.68,0.05,0.11,0.42,-0.27,-0.08
2024-03-25 17:1:36.2640,-0.21,-0.3,0.5,0.46,-0.08,-0.16
2024-03-25 17:1:36.2740,0.1,-0.67,0.4,0.4,0.08,-0.27
2024-03-25 17:1:36.2850,-0.03,-0.96,0.4,0.31,0.17,-0.38
2024-03-25 17:1:36.2940,-0.56,-0.87,0.85,0.27,0.13,-0.49
2024-03-25 17:1:36.3040,-0.92,-0.18,1.64,0.29,-0.03,-0.6
2024-03-25 17:1:36.3140,-1.18,0.77,2.12,0.21,-0.16,-0.59
2024-03-25 17:1:36.3240,-2.04,1.27,1.78,-0.06,-0.1,-0.33
2024-03-25 17:1:36.3340,-3.14,1.39,1.57,-0.31,0.07,0.14
2024-03-25 17:1:36.3440,-3.36,1.16,2.87,-0.35,0.21,0.47
2024-03-25 17:1:36.3540,-2.22,0.51,4.71,-0.33,0.3,0.55
2024-03-25 17:1:36.3640,-1.11,-0.6,5.37,-0.47,0.42,0.52
2024-03-25 17:1:36.3740,-0.77,-1.5,5.13,-0.67,0.49,0.47
2024-03-25 17:1:36.3850,-1.09,-2.28,5.6,-0.74,0.39,0.45
2024-03-25 17:1:36.3940,-1.91,-3.24,6.77,-0.57,0.17,0.42
2024-03-25 17:1:36.4040,-2.43,-4.12,7.47,-0.23,-0.15,0.32
2024-03-25 17:1:36.4140,-2.11,-4.37,6.85,0.01,-0.45,0.15
2024-03-25 17:1:36.4240,-1.52,-3.97,4.3,0.04,-0.64,0.05
2024-03-25 17:1:36.4340,-1.35,-3.12,1.26,-0.05,-0.67,0.05
2024-03-25 17:1:36.4440,-1.5,-2.08,-0.87,-0.24,-0.53,0.17
2024-03-25 17:1:36.4540,-1.64,-1.28,-2.66,-0.52,-0.2,0.38
2024-03-25 17:1:36.4640,-1.75,-0.86,-3.77,-0.74,0.12,0.59
2024-03-25 17:1:36.4740,-1.81,-0.76,-3.76,-0.85,0.34,0.76
2024-03-25 17:1:36.4840,-1.7,-0.79,-3.02,-0.86,0.43,0.84
2024-03-25 17:1:36.4940,-1.5,-0.92,-2.46,-0.81,0.38,0.84
2024-03-25 17:1:36.5040,-1.28,-0.99,-2.09,-0.74,0.25,0.78
2024-03-25 17:1:36.5140,-0.99,-0.93,-2.13,-0.68,0.11,0.71
2024-03-25 17:1:36.5240,-0.8,-0.71,-2.54,-0.65,0.04,0.67
2024-03-25 17:1:36.5340,-0.75,-0.46,-3.08,-0.67,0.07,0.68
2024-03-25 17:1:36.5440,-0.86,-0.26,-3.46,-0.69,0.18,0.76
2024-03-25 17:1:36.5540,-0.97,-0.06,-3.56,-0.72,0.34,0.85
2024-03-25 17:1:36.5640,-0.87,0.04,-3.6,-0.73,0.46,0.94
2024-03-25 17:1:36.5740,-0.77,-0.05,-3.26,-0.66,0.5,0.96
2024-03-25 17:1:36.5840,-0.31,-0.25,-2.67,-0.54,0.5,0.87
2024-03-25 17:1:36.5940,0.38,-0.57,-2.15,-0.41,0.48,0.71
2024-03-25 17:1:36.6040,0.94,-0.59,-1.97,-0.34,0.45,0.55
2024-03-25 17:1:36.6140,1.06,-0.41,-2.04,-0.31,0.45,0.42
2024-03-25 17:1:36.6240,0.99,-0.03,-1.99,-0.32,0.46,0.37
2024-03-25 17:1:36.6340,0.59,0.41,-1.71,-0.31,0.5,0.41
2024-03-25 17:1:36.6440,0.21,0.9,-1.19,-0.29,0.51,0.46
2024-03-25 17:1:36.6540,0.3,1.32,-0.87,-0.28,0.44,0.5
2024-03-25 17:1:36.6640,0.3,1.56,-0.68,-0.25,0.29,0.53
2024-03-25 17:1:36.6740,0.41,1.65,-0.25,-0.18,0.11,0.48
2024-03-25 17:1:36.6840,0.79,1.63,0.13,-0.12,-0.03,0.37
2024-03-25 17:1:36.6940,1.24,1.74,0.24,-0.07,-0.09,0.26
2024-03-25 17:1:36.7040,1.51,2.02,0.3,-0.05,-0.04,0.18
2024-03-25 17:1:36.7140,1.61,2.45,0.46,-0.07,0.12,0.17
2024-03-25 17:1:36.7240,1.38,2.76,0.73,-0.15,0.31,0.2
2024-03-25 17:1:36.7340,1.16,2.75,1.26,-0.21,0.47,0.24
2024-03-25 17:1:36.7440,0.94,2.48,2.43,-0.19,0.47,0.24
2024-03-25 17:1:36.7540,0.78,2.04,4.04,-0.05,0.34,0.19
2024-03-25 17:1:36.7640,1.01,1.44,5.44,0.2,0.08,-0.0
2024-03-25 17:1:36.7740,1.89,0.97,6.29,0.47,-0.29,-0.38
2024-03-25 17:1:36.7840,2.92,0.8,6.13,0.65,-0.55,-0.75
2024-03-25 17:1:36.7940,3.29,0.92,5.32,0.8,-0.67,-1.06
2024-03-25 17:1:36.8040,3.23,1.51,4.66,0.93,-0.6,-1.33
2024-03-25 17:1:36.8140,2.8,2.28,4.03,0.99,-0.39,-1.45
2024-03-25 17:1:36.8240,1.63,3.02,3.45,1.06,-0.09,-1.33
2024-03-25 17:1:36.8340,0.17,3.45,3.49,1.08,0.18,-1.03
2024-03-25 17:1:36.8440,-1.11,2.94,3.55,1.04,0.3,-0.63
2024-03-25 17:1:36.8540,-2.04,1.45,3.56,0.96,0.18,-0.34
2024-03-25 17:1:36.8640,-2.05,-0.23,3.37,0.77,-0.21,-0.23
2024-03-25 17:1:36.8740,-1.82,-1.56,2.67,0.47,-0.71,-0.19
2024-03-25 17:1:36.8840,-1.63,-2.5,1.82,0.2,-1.09,-0.15
2024-03-25 17:1:36.8940,-1.28,-3.11,1.42,0.07,-1.18,-0.14
2024-03-25 17:1:36.9040,-0.71,-3.55,1.39,0.09,-1.04,-0.14
2024-03-25 17:1:36.9140,-0.23,-3.77,1.03,0.16,-0.67,-0.12
2024-03-25 17:1:36.9240,-0.1,-3.79,0.23,0.24,-0.22,-0.1
2024-03-25 17:1:36.9340,-0.13,-3.57,-0.67,0.26,0.23,-0.09
2024-03-25 17:1:36.9440,-0.42,-3.38,-1.7,0.13,0.54,-0.09
2024-03-25 17:1:36.9540,-0.91,-3.14,-2.89,-0.11,0.64,-0.07
2024-03-25 17:1:36.9640,-1.65,-2.85,-3.53,-0.36,0.54,-0.01
2024-03-25 17:1:36.9740,-2.32,-2.65,-3.29,-0.51,0.33,0.07
2024-03-25 17:1:36.9840,-2.54,-2.37,-2.58,-0.55,0.13,0.13
2024-03-25 17:1:36.9940,-2.25,-2.06,-2.13,-0.52,0.01,0.17
2024-03-25 17:1:37.0040,-1.62,-1.81,-1.99,-0.42,-0.05,0.15
2024-03-25 17:1:37.0140,-0.84,-1.42,-2.05,-0.31,-0.06,0.12
2024-03-25 17:1:37.0240,-0.27,-1.08,-2.45,-0.25,0.01,0.1
2024-03-25 17:1:37.0340,0.15,-0.76,-3.05,-0.22,0.11,0.12
2024-03-25 17:1:37.0440,0.5,-0.39,-3.43,-0.23,0.24,0.16
2024-03-25 17:1:37.0540,0.77,-0.17,-3.59,-0.25,0.35,0.23
2024-03-25 17:1:37.0640,0.98,-0.07,-3.43,-0.27,0.4,0.29
2024-03-25 17:1:37.0740,1.06,-0.18,-2.96,-0.25,0.37,0.36
2024-03-25 17:1:37.0840,1.12,-0.35,-2.18,-0.22,0.31,0.38
2024-03-25 17:1:37.0940,1.5,-0.59,-1.69,-0.16,0.26,0.37
2024-03-25 17:1:37.1040,1.71,-0.86,-1.06,-0.08,0.18,0.29
2024-03-25 17:1:37.1140,2.05,-0.9,-0.66,-0.06,0.08,0.17
2024-03-25 17:1:37.1240,2.31,-0.86,-0.71,-0.07,-0.06,0.06
2024-03-25 17:1:37.1340,2.33,-0.68,-0.65,-0.08,-0.18,-0.03
2024-03-25 17:1:37.1440,2.14,-0.44,-0.42,-0.07,-0.25,-0.06
2024-03-25 17:1:37.1540,1.77,-0.2,-0.02,-0.02,-0.24,-0.06
2024-03-25 17:1:37.1640,1.47,0.03,0.44,0.08,-0.21,-0.05
2024-03-25 17:1:37.1740,1.32,0.16,0.85,0.2,-0.18,-0.07
2024-03-25 17:1:37.1840,1.15,0.25,1.04,0.27,-0.15,-0.08
2024-03-25 17:1:37.1940,0.84,0.34,0.98,0.3,-0.16,-0.09
2024-03-25 17:1:37.2040,0.71,0.61,0.88,0.27,-0.19,-0.13
2024-03-25 17:1:37.2140,0.74,0.95,0.6,0.18,-0.21,-0.18
2024-03-25 17:1:37.2240,0.89,1.33,0.23,0.05,-0.16,-0.24
2024-03-25 17:1:37.2340,1.04,1.61,-0.13,-0.1,-0.02,-0.34
2024-03-25 17:1:37.2440,1.05,1.76,-0.15,-0.21,0.25,-0.39
2024-03-25 17:1:37.2540,0.58,1.89,0.39,-0.22,0.61,-0.3
2024-03-25 17:1:37.2640,-0.63,1.77,1.78,-0.07,0.93,-0.1
2024-03-25 17:1:37.2740,-1.41,1.39,3.77,0.21,1.01,0.01
2024-03-25 17:1:37.2840,-1.22,0.86,4.95,0.47,0.91,-0.06
2024-03-25 17:1:37.2940,-0.63,0.25,4.73,0.69,0.69,-0.23
2024-03-25 17:1:37.3040,-0.35,-0.09,3.94,0.84,0.41,-0.55
2024-03-25 17:1:37.3140,-0.19,-0.01,2.79,0.82,0.21,-0.74
2024-03-25 17:1:37.3240,-1.08,0.48,1.71,0.7,0.17,-0.71
2024-03-25 17:1:37.3340,-2.45,0.97,1.66,0.73,0.19,-0.52
2024-03-25 17:1:37.3440,-3.46,1.37,2.62,0.87,0.29,-0.19
2024-03-25 17:1:37.3540,-3.86,1.32,3.16,0.99,0.28,0.14
2024-03-25 17:1:37.3640,-3.61,0.77,2.44,0.95,0.15,0.45
2024-03-25 17:1:37.3740,-3.17,-0.32,1.04,0.81,-0.03,0.69
2024-03-25 17:1:37.3840,-2.57,-1.96,0.01,0.65,-0.2,0.76
2024-03-25 17:1:37.3940,-1.63,-3.31,-0.73,0.44,-0.27,0.72
2024-03-25 17:1:37.4040,-0.97,-4.19,-1.48,0.2,-0.27,0.66
2024-03-25 17:1:37.4140,-0.78,-4.57,-1.94,-0.07,-0.19,0.62
2024-03-25 17:1:37.4240,-0.85,-4.66,-2.15,-0.3,-0.04,0.61
2024-03-25 17:1:37.4340,-0.93,-4.62,-2.03,-0.47,0.16,0.58
2024-03-25 17:1:37.4440,-0.77,-4.36,-1.67,-0.58,0.32,0.48
2024-03-25 17:1:37.4530,-0.5,-3.67,-1.37,-0.66,0.34,0.38
2024-03-25 17:1:37.4630,-0.55,-2.65,-1.37,-0.76,0.28,0.35
2024-03-25 17:1:37.4740,-0.83,-1.57,-1.57,-0.86,0.19,0.4
2024-03-25 17:1:37.4840,-0.93,-0.56,-1.74,-0.95,0.09,0.48
2024-03-25 17:1:37.4930,-0.81,0.1,-1.96,-1.02,0.03,0.58
2024-03-25 17:1:37.5030,-0.59,0.55,-2.12,-1.06,0.04,0.68
2024-03-25 17:1:37.5140,-0.33,0.81,-2.26,-1.09,0.14,0.78
2024-03-25 17:1:37.5230,-0.05,0.88,-2.28,-1.04,0.28,0.83
2024-03-25 17:1:37.5330,0.3,0.78,-1.9,-0.91,0.41,0.83
2024-03-25 17:1:37.5430,0.53,0.52,-1.41,-0.68,0.48,0.8
2024-03-25 17:1:37.5540,0.53,0.17,-0.74,-0.39,0.41,0.71
2024-03-25 17:1:37.5630,0.62,-0.06,-0.52,-0.17,0.2,0.59
2024-03-25 17:1:37.5740,0.7,-0.25,-1.16,-0.07,-0.07,0.45
2024-03-25 17:1:37.5840,0.84,-0.2,-2.1,-0.07,-0.31,0.33
2024-03-25 17:1:37.5930,0.91,-0.04,-3.12,-0.12,-0.37,0.28
2024-03-25 17:1:37.6030,0.76,0.17,-3.68,-0.14,-0.25,0.33
2024-03-25 17:1:37.6130,0.48,0.49,-3.59,-0.12,-0.03,0.45
2024-03-25 17:1:37.6230,0.22,0.71,-3.23,-0.09,0.13,0.56
2024-03-25 17:1:37.6330,0.29,0.94,-2.82,-0.11,0.16,0.62
2024-03-25 17:1:37.6430,0.46,0.91,-2.5,-0.11,0.1,0.6
2024-03-25 17:1:37.6530,0.73,0.69,-1.85,-0.11,-0.05,0.46
2024-03-25 17:1:37.6630,1.2,0.39,-1.19,-0.09,-0.24,0.27
2024-03-25 17:1:37.6730,1.53,0.3,-0.54,-0.04,-0.41,0.07
2024-03-25 17:1:37.6840,1.63,0.42,0.09,0.04,-0.52,-0.09
2024-03-25 17:1:37.6930,1.47,0.71,0.48,0.15,-0.5,-0.2
2024-03-25 17:1:37.7030,1.34,1.13,0.65,0.23,-0.37,-0.26
2024-03-25 17:1:37.7140,1.27,1.59,0.75,0.31,-0.19,-0.3
2024-03-25 17:1:37.7230,1.28,1.94,0.99,0.35,-0.09,-0.38
2024-03-25 17:1:37.7330,1.35,2.17,1.23,0.34,-0.09,-0.48
2024-03-25 17:1:37.7440,1.24,2.34,1.37,0.3,-0.12,-0.57
2024-03-25 17:1:37.7530,0.95,2.4,1.73,0.26,-0.14,-0.62
2024-03-25 17:1:37.7630,0.33,2.28,2.38,0.27,-0.21,-0.63
2024-03-25 17:1:37.7730,-0.17,2.04,3.05,0.34,-0.34,-0.64
2024-03-25 17:1:37.7840,-0.11,1.85,3.54,0.42,-0.52,-0.69
2024-03-25 17:1:37.7930,0.21,1.65,3.73,0.45,-0.71,-0.79
2024-03-25 17:1:37.8030,0.69,1.52,3.5,0.43,-0.83,-0.91
2024-03-25 17:1:37.8130,1.01,1.45,3.46,0.44,-0.83,-1.01
2024-03-25 17:1:37.8230,1.29,1.59,3.76,0.47,-0.71,-1.09
2024-03-25 17:1:37.8330,1.4,2.08,4.13,0.51,-0.35,-1.1
2024-03-25 17:1:37.8430,1.12,2.45,4.74,0.5,0.12,-0.93
2024-03-25 17:1:37.8530,-0.03,2.13,5.54,0.58,0.52,-0.63
2024-03-25 17:1:37.8630,-1.26,1.16,7.03,0.78,0.73,-0.35
2024-03-25 17:1:37.8730,-1.93,-0.31,7.95,1.0,0.59,-0.16
2024-03-25 17:1:37.8830,-2.23,-2.05,7.56,1.11,0.04,-0.16
2024-03-25 17:1:37.8940,-1.95,-2.83,5.79,0.97,-0.59,-0.33
2024-03-25 17:1:37.9030,-1.4,-2.98,3.25,0.64,-0.97,-0.41
2024-03-25 17:1:37.9130,-1.38,-3.03,1.28,0.41,-1.0,-0.38
2024-03-25 17:1:37.9230,-1.31,-2.85,0.73,0.35,-0.78,-0.29
2024-03-25 17:1:37.9330,-1.12,-2.96,0.54,0.35,-0.42,-0.17
2024-03-25 17:1:37.9430,-0.8,-3.13,-0.11,0.3,-0.06,-0.1
2024-03-25 17:1:37.9530,-0.41,-3.25,-1.01,0.19,0.21,-0.09
2024-03-25 17:1:37.9630,-0.21,-3.43,-1.91,0.03,0.37,-0.13
2024-03-25 17:1:37.9730,-0.2,-3.45,-2.49,-0.13,0.42,-0.2
2024-03-25 17:1:37.9830,-0.29,-3.24,-2.77,-0.23,0.38,-0.25
2024-03-25 17:1:37.9930,-0.44,-2.88,-2.77,-0.27,0.29,-0.31
2024-03-25 17:1:38.0030,-0.48,-2.37,-2.83,-0.29,0.17,-0.34
2024-03-25 17:1:38.0130,-0.5,-1.9,-3.05,-0.27,0.07,-0.34
2024-03-25 17:1:38.0230,-0.58,-1.39,-3.24,-0.22,0.02,-0.31
2024-03-25 17:1:38.0340,-0.55,-0.96,-3.5,-0.19,0.02,-0.26
2024-03-25 17:1:38.0430,-0.43,-0.56,-3.89,-0.17,0.07,-0.18
2024-03-25 17:1:38.0530,-0.34,-0.26,-4.19,-0.21,0.16,-0.1
2024-03-25 17:1:38.0630,-0.37,-0.17,-4.3,-0.22,0.18,-0.01
2024-03-25 17:1:38.0730,-0.29,-0.07,-4.09,-0.21,0.15,0.08
2024-03-25 17:1:38.0830,-0.26,-0.18,-3.77,-0.19,0.09,0.14
2024-03-25 17:1:38.0930,-0.12,-0.33,-3.59,-0.18,0.01,0.2
2024-03-25 17:1:38.1030,0.01,-0.49,-3.46,-0.18,-0.06,0.23
2024-03-25 17:1:38.1130,0.25,-0.6,-3.43,-0.24,-0.1,0.26
2024-03-25 17:1:38.1230,0.21,-0.6,-3.48,-0.34,-0.03,0.33
2024-03-25 17:1:38.1330,0.19,-0.63,-3.25,-0.4,0.14,0.41
2024-03-25 17:1:38.1430,0.25,-0.69,-2.53,-0.37,0.29,0.46
2024-03-25 17:1:38.1530,0.44,-0.66,-1.65,-0.3,0.4,0.49
2024-03-25 17:1:38.1630,0.58,-0.62,-1.0,-0.23,0.42,0.47
2024-03-25 17:1:38.1730,0.62,-0.67,-0.59,-0.16,0.26,0.32
2024-03-25 17:1:38.1830,0.88,-0.53,-0.47,-0.14,0.03,0.15
2024-03-25 17:1:38.1930,1.01,-0.16,-0.58,-0.18,-0.19,-0.0
2024-03-25 17:1:38.2030,1.27,0.26,-0.72,-0.22,-0.27,-0.13
2024-03-25 17:1:38.2130,1.46,0.81,-0.7,-0.24,-0.18,-0.18
2024-03-25 17:1:38.2230,1.38,1.43,-0.56,-0.28,0.04,-0.2
2024-03-25 17:1:38.2330,1.32,1.83,-0.49,-0.35,0.37,-0.13
2024-03-25 17:1:38.2430,1.01,2.22,0.03,-0.38,0.68,-0.08
2024-03-25 17:1:38.2530,0.94,2.02,0.84,-0.36,0.9,-0.08
2024-03-25 17:1:38.2630,0.78,1.81,1.9,-0.29,1.0,-0.13
2024-03-25 17:1:38.2730,0.68,1.43,3.05,-0.16,0.95,-0.26
2024-03-25 17:1:38.2830,0.65,1.05,3.91,-0.0,0.78,-0.47
2024-03-25 17:1:38.2930,0.54,0.83,4.28,0.11,0.54,-0.68
2024-03-25 17:1:38.3030,-0.02,0.76,3.9,0.15,0.32,-0.8
2024-03-25 17:1:38.3130,-0.91,0.85,3.01,0.16,0.15,-0.79
2024-03-25 17:1:38.3230,-1.66,0.99,2.08,0.17,0.08,-0.68
2024-03-25 17:1:38.3330,-2.04,1.25,0.98,0.11,0.09,-0.49
2024-03-25 17:1:38.3430,-2.19,1.36,-0.31,-0.11,0.2,-0.22
2024-03-25 17:1:38.3530,-2.23,0.91,-1.28,-0.49,0.36,0.17
2024-03-25 17:1:38.3630,-2.13,0.24,-1.39,-0.78,0.45,0.54
2024-03-25 17:1:38.3730,-1.34,-0.75,-0.13,-0.91,0.51,0.74
2024-03-25 17:1:38.3830,-0.13,-1.94,1.41,-1.03,0.58,0.8
2024-03-25 17:1:38.3930,0.39,-3.45,2.15,-1.15,0.63,0.77
2024-03-25 17:1:38.4030,0.71,-4.52,3.14,-1.16,0.61,0.64
2024-03-25 17:1:38.4130,0.85,-5.51,4.59,-0.96,0.52,0.38
2024-03-25 17:1:38.4230,0.71,-6.09,6.12,-0.6,0.32,0.04
2024-03-25 17:1:38.4330,0.26,-5.96,6.64,-0.24,0.1,-0.27
2024-03-25 17:1:38.4430,-0.65,-5.03,5.47,-0.03,-0.02,-0.44
2024-03-25 17:1:38.4530,-1.69,-3.37,3.14,0.04,-0.03,-0.41
2024-03-25 17:1:38.4630,-2.58,-1.61,0.88,0.03,0.05,-0.25
2024-03-25 17:1:38.4730,-3.05,-0.25,-0.91,-0.01,0.1,-0.04
2024-03-25 17:1:38.4830,-3.15,0.66,-2.15,-0.03,0.07,0.15
2024-03-25 17:1:38.4930,-3.08,1.25,-3.09,-0.11,0.02,0.34
2024-03-25 17:1:38.5030,-2.97,1.51,-4.02,-0.26,-0.06,0.55
2024-03-25 17:1:38.5130,-2.99,1.58,-4.65,-0.41,-0.18,0.76
2024-03-25 17:1:38.5230,-2.8,1.48,-4.76,-0.47,-0.28,0.94
2024-03-25 17:1:38.5330,-2.28,1.14,-4.38,-0.46,-0.34,1.05
2024-03-25 17:1:38.5430,-1.68,0.74,-4.01,-0.41,-0.34,1.11
2024-03-25 17:1:38.5530,-1.05,0.37,-3.88,-0.35,-0.32,1.12
2024-03-25 17:1:38.5630,-0.47,0.02,-3.87,-0.31,-0.29,1.08
2024-03-25 17:1:38.5730,0.0,-0.23,-3.89,-0.29,-0.26,1.04
2024-03-25 17:1:38.5830,0.34,-0.46,-3.81,-0.26,-0.23,0.97
2024-03-25 17:1:38.5930,0.67,-0.53,-3.58,-0.24,-0.21,0.89
2024-03-25 17:1:38.6030,1.0,-0.5,-3.44,-0.24,-0.15,0.81
2024-03-25 17:1:38.6130,1.2,-0.42,-3.27,-0.26,-0.03,0.75
2024-03-25 17:1:38.6230,1.09,-0.37,-2.8,-0.23,0.1,0.76
2024-03-25 17:1:38.6330,0.67,-0.32,-1.96,-0.18,0.25,0.79
2024-03-25 17:1:38.6430,0.54,-0.24,-1.26,-0.16,0.36,0.79
2024-03-25 17:1:38.6530,0.57,-0.29,-0.73,-0.14,0.36,0.73
2024-03-25 17:1:38.6630,0.69,-0.32,0.05,-0.08,0.21,0.57
2024-03-25 17:1:38.6730,1.06,-0.18,0.83,-0.02,0.01,0.36
2024-03-25 17:1:38.6830,1.3,0.15,1.34,0.05,-0.16,0.19
2024-03-25 17:1:38.6930,1.2,0.53,1.82,0.15,-0.27,0.05
2024-03-25 17:1:38.7030,1.08,0.96,2.28,0.24,-0.26,-0.03
2024-03-25 17:1:38.7130,0.88,1.34,2.46,0.31,-0.14,-0.03
2024-03-25 17:1:38.7230,0.67,1.7,2.71,0.38,-0.02,-0.02
2024-03-25 17:1:38.7330,0.6,1.97,3.06,0.44,0.01,-0.03
2024-03-25 17:1:38.7430,0.63,2.13,3.21,0.41,-0.02,-0.04
2024-03-25 17:1:38.7530,0.59,1.98,3.2,0.38,-0.05,-0.06
2024-03-25 17:1:38.7630,0.61,1.49,3.5,0.39,-0.07,-0.13
2024-03-25 17:1:38.7730,0.71,0.76,4.11,0.42,-0.15,-0.22
2024-03-25 17:1:38.7830,0.83,0.03,4.47,0.39,-0.23,-0.35
2024-03-25 17:1:38.7930,1.09,-0.59,4.37,0.29,-0.25,-0.48
2024-03-25 17:1:38.8030,1.22,-0.92,4.22,0.17,-0.2,-0.58
2024-03-25 17:1:38.8130,0.99,-1.01,4.41,0.1,-0.1,-0.65
2024-03-25 17:1:38.8230,0.76,-0.9,4.81,0.13,0.08,-0.72
2024-03-25 17:1:38.8330,0.71,-0.71,5.31,0.28,0.3,-0.81
2024-03-25 17:1:38.8430,0.74,-0.48,5.69,0.55,0.43,-0.91
2024-03-25 17:1:38.8530,0.63,-0.25,5.7,0.88,0.4,-1.03
2024-03-25 17:1:38.8630,0.46,0.21,4.99,1.1,0.25,-1.09
2024-03-25 17:1:38.8730,0.02,0.67,3.32,1.14,0.06,-1.03
2024-03-25 17:1:38.8830,-0.7,1.01,1.31,1.04,-0.15,-0.86
2024-03-25 17:1:38.8930,-1.36,1.04,-0.27,0.89,-0.32,-0.65
2024-03-25 17:1:38.9030,-1.19,0.82,-1.1,0.78,-0.38,-0.49
2024-03-25 17:1:38.9130,-0.51,0.36,-1.56,0.7,-0.39,-0.4
2024-03-25 17:1:38.9230,0.27,0.01,-2.03,0.59,-0.38,-0.34
2024-03-25 17:1:38.9330,0.77,-0.25,-2.7,0.43,-0.37,-0.29
2024-03-25 17:1:38.9430,1.08,-0.47,-3.31,0.27,-0.32,-0.23
2024-03-25 17:1:38.9530,1.21,-0.62,-3.54,0.11,-0.22,-0.14
2024-03-25 17:1:38.9630,1.19,-0.8,-3.56,-0.02,-0.11,-0.05
2024-03-25 17:1:38.9730,1.17,-1.02,-3.31,-0.12,-0.04,0.02
2024-03-25 17:1:38.9830,1.12,-1.34,-2.92,-0.16,-0.04,0.04
2024-03-25 17:1:38.9930,1.18,-1.62,-2.62,-0.16,-0.1,0.01
2024-03-25 17:1:39.0030,1.38,-1.89,-2.54,-0.17,-0.18,-0.08
2024-03-25 17:1:39.0120,1.56,-1.97,-2.73,-0.2,-0.24,-0.18
2024-03-25 17:1:39.0220,1.57,-1.93,-3.13,-0.23,-0.26,-0.25
2024-03-25 17:1:39.0330,1.48,-1.72,-3.38,-0.25,-0.22,-0.3
2024-03-25 17:1:39.0430,1.35,-1.41,-3.49,-0.27,-0.11,-0.3
2024-03-25 17:1:39.0520,1.15,-1.06,-3.59,-0.27,0.04,-0.29
2024-03-25 17:1:39.0620,1.06,-0.62,-3.53,-0.26,0.18,-0.27
2024-03-25 17:1:39.0720,1.02,-0.15,-3.4,-0.26,0.27,-0.24
2024-03-25 17:1:39.0830,0.84,0.1,-2.96,-0.22,0.27,-0.21
2024-03-25 17:1:39.0920,0.75,0.32,-2.36,-0.2,0.22,-0.19
2024-03-25 17:1:39.1030,0.62,0.46,-1.99,-0.2,0.18,-0.16
2024-03-25 17:1:39.1120,0.38,0.62,-1.57,-0.22,0.14,-0.11
2024-03-25 17:1:39.1220,0.22,0.7,-1.01,-0.23,0.09,-0.06
2024-03-25 17:1:39.1330,0.24,0.77,-0.41,-0.2,0.05,-0.06
2024-03-25 17:1:39.1420,0.44,0.71,0.13,-0.13,0.0,-0.11
2024-03-25 17:1:39.1530,0.81,0.61,0.66,-0.03,-0.02,-0.18
2024-03-25 17:1:39.1620,1.08,0.48,1.05,0.07,-0.03,-0.26
2024-03-25 17:1:39.1720,1.16,0.39,1.17,0.16,-0.01,-0.33
2024-03-25 17:1:39.1830,1.23,0.38,1.13,0.22,0.04,-0.39
2024-03-25 17:1:39.1920,1.15,0.43,1.08,0.25,0.1,-0.42
2024-03-25 17:1:39.2030,0.96,0.61,1.14,0.26,0.15,-0.43
2024-03-25 17:1:39.2120,0.55,0.8,1.21,0.26,0.22,-0.38
2024-03-25 17:1:39.2220,0.0,0.94,1.5,0.28,0.27,-0.29
2024-03-25 17:1:39.2320,-0.5,0.97,2.12,0.34,0.26,-0.23
2024-03-25 17:1:39.2420,-0.67,0.96,2.74,0.42,0.18,-0.21
2024-03-25 17:1:39.2520,-0.66,0.93,3.06,0.5,0.02,-0.22
2024-03-25 17:1:39.2620,-0.53,0.92,3.13,0.52,-0.16,-0.28
2024-03-25 17:1:39.2730,-0.26,0.94,2.73,0.44,-0.32,-0.34
2024-03-25 17:1:39.2830,-0.33,1.07,2.01,0.27,-0.45,-0.31
2024-03-25 17:1:39.2920,-0.81,1.09,1.48,0.06,-0.5,-0.14
2024-03-25 17:1:39.3020,-1.45,0.79,1.29,-0.13,-0.47,0.15
2024-03-25 17:1:39.3120,-1.62,0.06,1.63,-0.23,-0.4,0.38
2024-03-25 17:1:39.3220,-1.21,-0.98,2.16,-0.31,-0.33,0.49
2024-03-25 17:1:39.3320,-0.78,-2.26,2.37,-0.35,-0.24,0.46
2024-03-25 17:1:39.3420,-0.41,-3.35,2.8,-0.31,-0.18,0.34
2024-03-25 17:1:39.3520,-0.26,-4.27,3.35,-0.18,-0.16,0.16
2024-03-25 17:1:39.3620,-0.23,-4.7,3.71,0.04,-0.22,-0.06
2024-03-25 17:1:39.3720,-0.28,-4.68,3.45,0.22,-0.27,-0.25
2024-03-25 17:1:39.3820,-0.62,-4.17,2.21,0.31,-0.2,-0.28
2024-03-25 17:1:39.3920,-1.19,-3.18,0.58,0.3,-0.03,-0.2
2024-03-25 17:1:39.4020,-1.48,-1.99,-1.12,0.16,0.19,-0.07
2024-03-25 17:1:39.4120,-1.5,-1.17,-2.56,-0.05,0.37,0.06
2024-03-25 17:1:39.4220,-1.47,-0.75,-3.22,-0.24,0.44,0.17
2024-03-25 17:1:39.4320,-1.5,-0.68,-3.13,-0.38,0.39,0.21
2024-03-25 17:1:39.4420,-1.38,-0.8,-2.74,-0.45,0.24,0.19
2024-03-25 17:1:39.4520,-1.17,-0.95,-2.3,-0.44,0.06,0.17
2024-03-25 17:1:39.4620,-1.13,-1.03,-1.82,-0.34,-0.11,0.15
2024-03-25 17:1:39.4720,-1.04,-1.01,-1.47,-0.23,-0.24,0.13
2024-03-25 17:1:39.4820,-0.83,-0.9,-1.74,-0.18,-0.28,0.11
2024-03-25 17:1:39.4920,-0.64,-0.75,-2.44,-0.15,-0.27,0.12
2024-03-25 17:1:39.5020,-0.57,-0.61,-2.87,-0.11,-0.22,0.15
2024-03-25 17:1:39.5120,-0.49,-0.52,-3.07,-0.07,-0.17,0.17
2024-03-25 17:1:39.5220,-0.37,-0.46,-3.29,-0.04,-0.15,0.17
2024-03-25 17:1:39.5320,-0.17,-0.37,-3.61,-0.08,-0.18,0.15
2024-03-25 17:1:39.5420,0.05,-0.27,-4.13,-0.19,-0.21,0.12
2024-03-25 17:1:39.5520,0.18,-0.21,-4.47,-0.3,-0.2,0.12
2024-03-25 17:1:39.5620,0.05,-0.08,-4.23,-0.35,-0.13,0.18
2024-03-25 17:1:39.5720,-0.25,0.08,-3.51,-0.36,-0.03,0.26
2024-03-25 17:1:39.5820,-0.4,0.25,-2.68,-0.34,0.07,0.29
2024-03-25 17:1:39.5920,-0.22,0.32,-1.91,-0.28,0.12,0.24
2024-03-25 17:1:39.6020,0.07,0.48,-1.02,-0.17,0.11,0.13
2024-03-25 17:1:39.6120,0.4,0.84,-0.45,-0.13,0.05,-0.0
2024-03-25 17:1:39.6220,0.51,1.31,-0.45,-0.19,-0.09,-0.1
2024-03-25 17:1:39.6320,0.18,1.65,-0.52,-0.25,-0.22,-0.12
2024-03-25 17:1:39.6420,-0.32,2.0,0.1,-0.21,-0.3,-0.02
2024-03-25 17:1:39.6520,-0.99,2.27,1.26,-0.07,-0.33,0.14
2024-03-25 17:1:39.6620,-1.06,2.42,1.96,0.09,-0.32,0.25
2024-03-25 17:1:39.6720,-0.64,2.37,2.16,0.19,-0.3,0.26
2024-03-25 17:1:39.6820,-0.06,2.22,1.82,0.21,-0.3,0.21
2024-03-25 17:1:39.6920,0.39,2.09,1.39,0.2,-0.27,0.12
2024-03-25 17:1:39.7020,0.72,1.94,1.31,0.16,-0.18,0.04
2024-03-25 17:1:39.7120,0.8,1.72,1.42,0.09,-0.05,-0.01
2024-03-25 17:1:39.7220,0.69,1.45,1.65,0.02,0.05,-0.04
2024-03-25 17:1:39.7320,0.52,1.21,2.2,-0.02,0.08,-0.08
2024-03-25 17:1:39.7420,0.46,0.97,2.78,-0.03,0.03,-0.17
2024-03-25 17:1:39.7520,0.59,0.73,3.3,0.01,-0.08,-0.32
2024-03-25 17:1:39.7620,0.82,0.6,3.69,0.12,-0.23,-0.54
2024-03-25 17:1:39.7720,1.14,0.77,3.97,0.28,-0.35,-0.77
2024-03-25 17:1:39.7820,1.38,1.25,3.8,0.33,-0.3,-0.92
2024-03-25 17:1:39.7920,1.07,1.63,2.88,0.25,-0.09,-0.87
2024-03-25 17:1:39.8020,0.3,1.64,2.51,0.24,0.13,-0.67
2024-03-25 17:1:39.8120,-0.43,1.19,3.36,0.38,0.3,-0.42
2024-03-25 17:1:39.8220,-0.71,0.09,4.35,0.55,0.31,-0.27
2024-03-25 17:1:39.8320,-0.41,-1.24,4.11,0.61,0.15,-0.26
2024-03-25 17:1:39.8420,0.3,-2.12,2.98,0.55,-0.08,-0.35
2024-03-25 17:1:39.8520,0.94,-2.46,1.79,0.44,-0.26,-0.46
2024-03-25 17:1:39.8620,1.32,-2.42,0.96,0.35,-0.28,-0.49
2024-03-25 17:1:39.8720,1.1,-2.31,0.57,0.34,-0.16,-0.4
2024-03-25 17:1:39.8820,0.7,-2.21,0.49,0.33,0.04,-0.27
2024-03-25 17:1:39.8920,0.48,-2.27,0.15,0.29,0.26,-0.14
2024-03-25 17:1:39.9020,0.35,-2.37,-0.35,0.18,0.41,-0.03
2024-03-25 17:1:39.9120,0.09,-2.51,-0.75,0.04,0.43,0.06
2024-03-25 17:1:39.9220,-0.3,-2.69,-0.88,-0.08,0.34,0.11
2024-03-25 17:1:39.9320,-0.54,-2.92,-0.84,-0.16,0.16,0.14
2024-03-25 17:1:39.9420,-0.63,-3.07,-0.84,-0.2,-0.06,0.14
2024-03-25 17:1:39.9520,-0.52,-3.06,-1.1,-0.22,-0.25,0.06
2024-03-25 17:1:39.9620,-0.04,-2.8,-1.67,-0.23,-0.36,-0.03
2024-03-25 17:1:39.9720,0.33,-2.33,-2.33,-0.21,-0.37,-0.1
2024-03-25 17:1:39.9820,0.48,-1.82,-2.9,-0.16,-0.31,-0.15
2024-03-25 17:1:39.9920,0.51,-1.4,-3.36,-0.1,-0.2,-0.17
2024-03-25 17:1:40.0020,0.48,-0.99,-3.79,-0.07,-0.09,-0.16
2024-03-25 17:1:40.0120,0.43,-0.58,-4.33,-0.09,-0.01,-0.13
2024-03-25 17:1:40.0220,0.4,-0.17,-4.76,-0.17,0.04,-0.08
2024-03-25 17:1:40.0320,0.28,0.12,-4.96,-0.26,0.05,0.01
2024-03-25 17:1:40.0420,0.18,0.34,-4.77,-0.34,0.02,0.1
2024-03-25 17:1:40.0520,0.11,0.32,-4.34,-0.38,-0.0,0.17
2024-03-25 17:1:40.0620,0.32,0.1,-3.77,-0.39,-0.0,0.18
2024-03-25 17:1:40.0720,0.65,-0.19,-3.06,-0.35,0.02,0.15
2024-03-25 17:1:40.0820,0.81,-0.47,-2.29,-0.27,0.07,0.09
2024-03-25 17:1:40.0920,0.82,-0.58,-1.62,-0.16,0.13,0.03
2024-03-25 17:1:40.1020,0.76,-0.5,-1.1,-0.05,0.16,0.0
2024-03-25 17:1:40.1120,0.59,-0.24,-0.7,0.03,0.1,-0.02
2024-03-25 17:1:40.1220,0.4,0.1,-0.64,0.03,-0.02,0.0
2024-03-25 17:1:40.1320,0.26,0.48,-0.98,-0.07,-0.13,0.04
2024-03-25 17:1:40.1420,0.34,0.89,-1.37,-0.2,-0.17,0.09
2024-03-25 17:1:40.1520,0.54,1.2,-1.4,-0.33,-0.17,0.13
2024-03-25 17:1:40.1620,0.73,1.43,-1.05,-0.43,-0.05,0.19
2024-03-25 17:1:40.1720,0.8,1.38,-0.28,-0.4,0.17,0.25
2024-03-25 17:1:40.1820,0.9,1.04,1.29,-0.27,0.44,0.26
2024-03-25 17:1:40.1920,1.13,0.75,2.75,-0.18,0.67,0.26
2024-03-25 17:1:40.2020,0.93,0.39,3.51,-0.17,0.73,0.25
2024-03-25 17:1:40.2120,0.55,0.27,4.21,-0.19,0.61,0.21
2024-03-25 17:1:40.2220,0.32,0.17,4.87,-0.19,0.37,0.12
2024-03-25 17:1:40.2320,0.34,0.14,5.21,-0.15,0.15,-0.01
2024-03-25 17:1:40.2420,0.53,0.28,5.24,-0.04,0.04,-0.13
2024-03-25 17:1:40.2520,0.66,0.64,5.03,0.08,0.07,-0.23
2024-03-25 17:1:40.2620,0.58,0.96,4.29,0.11,0.23,-0.25
2024-03-25 17:1:40.2720,0.19,1.27,3.13,0.02,0.44,-0.14
2024-03-25 17:1:40.2820,-0.39,1.41,2.25,-0.09,0.61,0.03
2024-03-25 17:1:40.2920,-0.66,1.26,2.21,-0.12,0.65,0.15
2024-03-25 17:1:40.3020,-0.48,0.79,2.73,-0.06,0.57,0.19
2024-03-25 17:1:40.3120,-0.22,0.08,3.1,0.02,0.4,0.15
2024-03-25 17:1:40.3220,-0.01,-0.53,3.18,0.09,0.23,0.08
2024-03-25 17:1:40.3320,0.13,-1.03,3.03,0.18,0.1,-0.0
2024-03-25 17:1:40.3420,0.19,-1.43,2.82,0.29,-0.01,-0.08
2024-03-25 17:1:40.3520,0.06,-1.73,2.52,0.43,-0.1,-0.14
2024-03-25 17:1:40.3620,-0.08,-1.83,1.88,0.54,-0.16,-0.17
2024-03-25 17:1:40.3720,-0.26,-1.85,0.97,0.6,-0.23,-0.19
2024-03-25 17:1:40.3820,-0.42,-1.71,-0.11,0.56,-0.28,-0.17
2024-03-25 17:1:40.3920,-0.67,-1.56,-1.35,0.45,-0.3,-0.1
2024-03-25 17:1:40.4020,-0.87,-1.46,-2.29,0.29,-0.28,-0.02
2024-03-25 17:1:40.4120,-0.96,-1.46,-2.96,0.11,-0.19,0.1
2024-03-25 17:1:40.4220,-1.1,-1.61,-3.32,-0.05,-0.1,0.23
2024-03-25 17:1:40.4310,-1.12,-1.84,-3.25,-0.15,-0.07,0.3
2024-03-25 17:1:40.4410,-0.92,-2.11,-2.95,-0.19,-0.1,0.31
2024-03-25 17:1:40.4520,-0.7,-2.32,-2.73,-0.18,-0.16,0.26
2024-03-25 17:1:40.4620,-0.46,-2.33,-2.63,-0.15,-0.23,0.18
2024-03-25 17:1:40.4720,-0.26,-2.1,-2.83,-0.15,-0.26,0.11
2024-03-25 17:1:40.4820,-0.15,-1.63,-3.33,-0.19,-0.23,0.08
2024-03-25 17:1:40.4910,-0.21,-1.03,-3.91,-0.27,-0.15,0.1
2024-03-25 17:1:40.5020,-0.39,-0.44,-4.28,-0.36,-0.06,0.17
2024-03-25 17:1:40.5110,-0.6,-0.01,-4.3,-0.43,-0.01,0.27
2024-03-25 17:1:40.5210,-0.77,0.28,-4.0,-0.47,-0.02,0.36
2024-03-25 17:1:40.5310,-0.78,0.43,-3.67,-0.48,-0.09,0.42
2024-03-25 17:1:40.5410,-0.71,0.53,-3.29,-0.45,-0.19,0.44
2024-03-25 17:1:40.5510,-0.42,0.67,-2.99,-0.46,-0.25,0.4
2024-03-25 17:1:40.5620,-0.04,0.69,-3.03,-0.49,-0.2,0.36
2024-03-25 17:1:40.5710,0.21,0.8,-2.83,-0.52,-0.07,0.36
2024-03-25 17:1:40.5820,0.17,0.94,-2.23,-0.53,0.09,0.4
2024-03-25 17:1:40.5910,-0.01,1.06,-1.47,-0.49,0.25,0.44
2024-03-25 17:1:40.6010,-0.1,0.94,-0.52,-0.37,0.32,0.46
2024-03-25 17:1:40.6110,-0.12,0.74,0.4,-0.23,0.26,0.42
2024-03-25 17:1:40.6210,-0.07,0.54,1.13,-0.06,0.03,0.31
2024-03-25 17:1:40.6310,0.1,0.43,1.72,0.11,-0.26,0.14
2024-03-25 17:1:40.6410,0.41,0.38,1.76,0.22,-0.45,-0.04
2024-03-25 17:1:40.6520,0.55,0.48,1.25,0.25,-0.49,-0.14
2024-03-25 17:1:40.6610,0.38,0.71,0.74,0.27,-0.39,-0.15
2024-03-25 17:1:40.6710,0.08,0.95,0.69,0.29,-0.22,-0.11
2024-03-25 17:1:40.6820,-0.14,1.08,0.7,0.28,-0.06,-0.03
2024-03-25 17:1:40.6910,-0.39,1.17,0.71,0.25,-0.0,0.03
2024-03-25 17:1:40.7010,-0.53,1.22,0.91,0.22,-0.08,0.05
2024-03-25 17:1:40.7110,-0.43,1.14,1.32,0.21,-0.23,0.0
2024-03-25 17:1:40.7210,-0.16,1.04,1.67,0.17,-0.4,-0.08
2024-03-25 17:1:40.7320,0.12,1.02,1.71,0.11,-0.49,-0.17
2024-03-25 17:1:40.7410,0.39,1.06,1.73,0.08,-0.48,-0.27
2024-03-25 17:1:40.7520,0.68,1.15,1.89,0.08,-0.4,-0.35
2024-03-25 17:1:40.7610,0.8,1.25,2.11,0.11,-0.3,-0.45
2024-03-25 17:1:40.7710,0.89,1.46,2.26,0.13,-0.22,-0.53
2024-03-25 17:1:40.7820,0.8,1.78,2.22,0.1,-0.16,-0.57
2024-03-25 17:1:40.7910,0.54,2.12,2.08,0.06,-0.06,-0.5
2024-03-25 17:1:40.8010,-0.1,2.19,2.34,0.07,0.1,-0.25
2024-03-25 17:1:40.8110,-0.87,1.83,3.3,0.17,0.21,0.05
2024-03-25 17:1:40.8210,-1.14,0.71,4.28,0.29,0.18,0.25
2024-03-25 17:1:40.8310,-0.75,-0.71,4.44,0.35,-0.01,0.26
2024-03-25 17:1:40.8410,0.21,-1.93,3.84,0.33,-0.26,0.09
2024-03-25 17:1:40.8510,1.15,-2.7,3.01,0.27,-0.43,-0.16
2024-03-25 17:1:40.8610,1.63,-2.89,2.44,0.3,-0.48,-0.35
2024-03-25 17:1:40.8710,1.42,-2.75,2.22,0.37,-0.39,-0.4
2024-03-25 17:1:40.8810,0.91,-2.39,1.8,0.46,-0.23,-0.36
2024-03-25 17:1:40.8910,0.54,-1.93,1.09,0.51,-0.05,-0.3
2024-03-25 17:1:40.9010,0.37,-1.61,0.04,0.45,0.09,-0.21
2024-03-25 17:1:40.9110,0.09,-1.34,-1.06,0.27,0.18,-0.1
2024-03-25 17:1:40.9210,-0.25,-1.17,-2.02,0.02,0.18,0.04
2024-03-25 17:1:40.9310,-0.55,-1.19,-2.52,-0.24,0.11,0.16
2024-03-25 17:1:40.9410,-0.59,-1.43,-2.45,-0.42,-0.01,0.2
2024-03-25 17:1:40.9510,-0.11,-1.8,-2.0,-0.5,-0.09,0.11
2024-03-25 17:1:40.9610,0.62,-2.01,-1.58,-0.47,-0.11,-0.04
2024-03-25 17:1:40.9710,1.22,-1.86,-1.31,-0.36,-0.05,-0.2
2024-03-25 17:1:40.9810,1.44,-1.53,-1.27,-0.22,0.05,-0.33
2024-03-25 17:1:40.9910,1.37,-1.12,-1.58,-0.11,0.14,-0.43
2024-03-25 17:1:41.0010,1.14,-0.64,-2.19,-0.08,0.21,-0.49
2024-03-25 17:1:41.0110,0.85,-0.17,-2.93,-0.1,0.24,-0.5
2024-03-25 17:1:41.0210,0.58,0.25,-3.43,-0.15,0.28,-0.47
2024-03-25 17:1:41.0310,0.23,0.58,-3.58,-0.22,0.3,-0.4
2024-03-25 17:1:41.0410,-0.08,0.79,-3.6,-0.27,0.32,-0.29
2024-03-25 17:1:41.0520,-0.33,0.76,-3.26,-0.24,0.32,-0.17
2024-03-25 17:1:41.0610,-0.46,0.59,-2.53,-0.18,0.28,-0.07
2024-03-25 17:1:41.0710,-0.54,0.39,-2.09,-0.16,0.2,0.02
2024-03-25 17:1:41.0810,-0.52,0.19,-1.98,-0.16,0.06,0.06
2024-03-25 17:1:41.0910,-0.36,0.04,-1.79,-0.17,-0.1,0.08
2024-03-25 17:1:41.1010,-0.15,-0.03,-1.63,-0.17,-0.2,0.08
2024-03-25 17:1:41.1110,0.08,0.01,-1.48,-0.15,-0.22,0.08
2024-03-25 17:1:41.1210,0.29,0.11,-1.38,-0.12,-0.18,0.08
2024-03-25 17:1:41.1310,0.49,0.28,-1.44,-0.1,-0.1,0.09
2024-03-25 17:1:41.1410,0.54,0.41,-1.38,-0.06,-0.03,0.11
2024-03-25 17:1:41.1510,0.49,0.49,-1.04,-0.03,-0.01,0.11
2024-03-25 17:1:41.1610,0.61,0.54,-0.79,-0.02,-0.01,0.09
2024-03-25 17:1:41.1710,0.6,0.52,-0.5,0.01,-0.01,0.06
2024-03-25 17:1:41.1810,0.64,0.51,0.11,0.08,0.0,-0.01
2024-03-25 17:1:41.1910,0.86,0.61,0.63,0.13,0.06,-0.1
2024-03-25 17:1:41.2010,0.95,0.73,0.86,0.18,0.16,-0.18
2024-03-25 17:1:41.2110,0.8,0.87,1.15,0.23,0.3,-0.2
2024-03-25 17:1:41.2210,0.36,1.03,1.65,0.26,0.43,-0.18
2024-03-25 17:1:41.2310,-0.14,1.26,2.06,0.26,0.51,-0.1
2024-03-25 17:1:41.2410,-0.51,1.48,2.37,0.24,0.52,-0.03
2024-03-25 17:1:41.2510,-0.76,1.58,2.8,0.23,0.44,0.03
2024-03-25 17:1:41.2610,-0.9,1.45,3.26,0.26,0.28,0.04
2024-03-25 17:1:41.2710,-0.71,1.31,3.73,0.33,0.04,-0.03
2024-03-25 17:1:41.2810,-0.19,1.38,3.96,0.41,-0.16,-0.14
2024-03-25 17:1:41.2910,0.18,1.51,3.7,0.39,-0.31,-0.24
2024-03-25 17:1:41.3010,0.09,1.73,2.79,0.19,-0.3,-0.21
2024-03-25 17:1:41.3110,-0.46,1.82,1.85,-0.04,-0.14,0.0
2024-03-25 17:1:41.3210,-1.16,1.46,2.17,-0.07,-0.01,0.2
2024-03-25 17:1:41.3310,-1.09,0.46,3.41,0.08,0.07,0.39
2024-03-25 17:1:41.3410,-0.43,-0.55,4.23,0.22,0.01,0.35
2024-03-25 17:1:41.3510,0.04,-2.04,3.74,0.28,-0.12,0.22
2024-03-25 17:1:41.3610,0.27,-2.79,3.1,0.24,-0.27,0.13
2024-03-25 17:1:41.3710,-0.02,-3.13,2.44,0.17,-0.39,0.1
2024-03-25 17:1:41.3810,-0.47,-3.21,1.95,0.1,-0.43,0.13
2024-03-25 17:1:41.3910,-0.79,-3.18,1.54,0.08,-0.43,0.19
2024-03-25 17:1:41.4010,-0.98,-3.08,0.97,0.03,-0.38,0.23
2024-03-25 17:1:41.4110,-0.86,-2.98,0.05,-0.08,-0.3,0.25
2024-03-25 17:1:41.4210,-0.7,-2.82,-1.0,-0.18,-0.16,0.28
2024-03-25 17:1:41.4310,-0.61,-2.6,-1.6,-0.24,-0.01,0.32
2024-03-25 17:1:41.4410,-0.64,-2.38,-1.85,-0.29,0.11,0.34
2024-03-25 17:1:41.4510,-0.67,-2.15,-2.16,-0.36,0.18,0.37
2024-03-25 17:1:41.4610,-0.74,-1.97,-2.51,-0.39,0.18,0.38
2024-03-25 17:1:41.4710,-0.75,-1.81,-2.4,-0.34,0.13,0.35
2024-03-25 17:1:41.4810,-0.57,-1.5,-2.26,-0.29,0.05,0.29
2024-03-25 17:1:41.4910,-0.37,-1.14,-2.48,-0.26,-0.02,0.25
2024-03-25 17:1:41.5010,-0.29,-0.72,-2.93,-0.25,-0.04,0.24
2024-03-25 17:1:41.5110,-0.37,-0.33,-3.37,-0.27,-0.0,0.29
2024-03-25 17:1:41.5210,-0.46,-0.06,-3.67,-0.28,0.08,0.37
2024-03-25 17:1:41.5310,-0.41,0.03,-3.61,-0.23,0.17,0.43
2024-03-25 17:1:41.5410,-0.23,0.04,-3.26,-0.15,0.22,0.47
2024-03-25 17:1:41.5510,-0.02,-0.01,-3.01,-0.1,0.18,0.47
2024-03-25 17:1:41.5610,0.24,-0.08,-2.97,-0.07,0.06,0.41
2024-03-25 17:1:41.5710,0.58,-0.14,-2.88,-0.06,-0.07,0.3
2024-03-25 17:1:41.5810,0.95,-0.24,-2.72,-0.04,-0.19,0.17
2024-03-25 17:1:41.5910,1.16,-0.16,-2.54,-0.02,-0.23,0.07
2024-03-25 17:1:41.6010,1.14,0.0,-2.4,0.02,-0.18,0.01
2024-03-25 17:1:41.6110,1.15,0.26,-2.24,0.05,-0.05,-0.02
2024-03-25 17:1:41.6210,0.98,0.54,-2.12,0.05,0.09,0.01
2024-03-25 17:1:41.6310,0.66,0.84,-2.02,0.02,0.19,0.04
2024-03-25 17:1:41.6410,0.42,0.95,-1.84,0.01,0.2,0.06
2024-03-25 17:1:41.6510,0.21,1.02,-1.29,0.03,0.14,0.06
2024-03-25 17:1:41.6610,0.09,1.04,-0.59,0.04,0.01,0.02
2024-03-25 17:1:41.6710,0.14,1.04,-0.22,-0.01,-0.13,-0.04
2024-03-25 17:1:41.6810,0.16,1.09,-0.15,-0.1,-0.2,-0.07
2024-03-25 17:1:41.6910,-0.12,1.2,0.11,-0.17,-0.18,-0.02
2024-03-25 17:1:41.7010,-0.48,1.29,0.91,-0.15,-0.11,0.03
2024-03-25 17:1:41.7110,-0.46,1.33,1.84,-0.09,-0.06,0.05
2024-03-25 17:1:41.7210,-0.34,1.31,2.29,-0.04,-0.06,0.04
2024-03-25 17:1:41.7310,-0.34,1.23,2.57,0.02,-0.13,-0.03
2024-03-25 17:1:41.7410,-0.26,1.1,2.93,0.08,-0.21,-0.11
2024-03-25 17:1:41.7510,-0.15,0.95,3.23,0.12,-0.29,-0.22
2024-03-25 17:1:41.7610,0.11,0.96,3.36,0.13,-0.32,-0.32
2024-03-25 17:1:41.7710,0.35,1.18,3.21,0.09,-0.24,-0.36
2024-03-25 17:1:41.7810,0.35,1.36,3.03,0.01,-0.06,-0.31
2024-03-25 17:1:41.7910,0.1,1.34,3.03,-0.13,0.17,-0.16
2024-03-25 17:1:41.8010,-0.5,0.83,3.36,-0.21,0.29,0.03
2024-03-25 17:1:41.8110,-0.83,0.02,4.35,-0.19,0.24,0.12
2024-03-25 17:1:41.8210,-0.49,-0.9,5.17,-0.11,0.05,0.08
2024-03-25 17:1:41.8310,0.18,-1.62,5.38,0.0,-0.2,-0.08
2024-03-25 17:1:41.8410,0.85,-2.13,5.11,0.08,-0.3,-0.25
2024-03-25 17:1:41.8510,1.14,-2.45,4.43,0.15,-0.2,-0.33
2024-03-25 17:1:41.8610,0.94,-2.55,3.94,0.3,-0.08,-0.36
2024-03-25 17:1:41.8710,0.84,-2.42,3.72,0.47,-0.05,-0.4
2024-03-25 17:1:41.8810,0.86,-2.16,2.87,0.55,-0.11,-0.45
2024-03-25 17:1:41.8910,0.88,-1.72,1.3,0.5,-0.2,-0.48
2024-03-25 17:1:41.9010,0.86,-1.14,-0.39,0.38,-0.26,-0.46
2024-03-25 17:1:41.9110,0.6,-0.56,-1.66,0.2,-0.23,-0.34
2024-03-25 17:1:41.9210,0.27,-0.12,-2.49,0.0,-0.11,-0.15
2024-03-25 17:1:41.9310,0.12,0.05,-3.05,-0.17,0.04,0.02
2024-03-25 17:1:41.9410,0.24,-0.06,-3.16,-0.29,0.17,0.14
2024-03-25 17:1:41.9510,0.54,-0.41,-3.0,-0.35,0.22,0.19
2024-03-25 17:1:41.9610,0.89,-0.72,-2.73,-0.34,0.22,0.15
2024-03-25 17:1:41.9710,1.18,-1.11,-2.29,-0.26,0.2,0.03
2024-03-25 17:1:41.9810,1.54,-1.38,-2.11,-0.18,0.21,-0.09
2024-03-25 17:1:41.9910,1.54,-1.5,-2.35,-0.14,0.19,-0.21
2024-03-25 17:1:42.0000,1.43,-1.42,-2.73,-0.15,0.16,-0.29
2024-03-25 17:1:42.0100,1.04,-1.39,-3.01,-0.16,0.14,-0.33
2024-03-25 17:1:42.0210,0.77,-1.09,-3.02,-0.12,0.12,-0.34
2024-03-25 17:1:42.0310,0.63,-0.77,-2.9,-0.09,0.11,-0.35
2024-03-25 17:1:42.0400,0.67,-0.5,-3.14,-0.1,0.11,-0.34
2024-03-25 17:1:42.0500,0.64,-0.27,-3.5,-0.14,0.12,-0.33
2024-03-25 17:1:42.0610,0.55,-0.03,-3.56,-0.16,0.13,-0.29
2024-03-25 17:1:42.0710,0.4,0.18,-3.32,-0.18,0.11,-0.25
2024-03-25 17:1:42.0800,0.38,0.43,-2.99,-0.2,0.07,-0.2
2024-03-25 17:1:42.0900,0.48,0.62,-2.68,-0.24,0.04,-0.15
2024-03-25 17:1:42.1000,0.57,0.76,-2.49,-0.3,0.05,-0.08
2024-03-25 17:1:42.1100,0.5,0.86,-2.32,-0.36,0.08,0.01
2024-03-25 17:1:42.1200,0.49,0.88,-1.87,-0.38,0.11,0.07
2024-03-25 17:1:42.1300,0.69,0.85,-1.26,-0.38,0.1,0.09
2024-03-25 17:1:42.1400,0.97,0.76,-0.94,-0.41,0.1,0.08
2024-03-25 17:1:42.1500,1.17,0.74,-0.82,-0.47,0.12,0.05
2024-03-25 17:1:42.1600,1.23,0.69,-0.59,-0.51,0.18,0.03
2024-03-25 17:1:42.1700,1.2,0.66,0.04,-0.48,0.28,0.02
2024-03-25 17:1:42.1800,1.04,0.64,0.97,-0.4,0.41,-0.0
2024-03-25 17:1:42.1900,0.86,0.64,2.0,-0.31,0.52,-0.03
2024-03-25 17:1:42.2000,0.67,0.66,2.72,-0.23,0.57,-0.09
2024-03-25 17:1:42.2100,0.39,0.57,3.24,-0.15,0.53,-0.11
2024-03-25 17:1:42.2200,0.0,0.7,3.9,-0.01,0.44,-0.15
2024-03-25 17:1:42.2300,-0.19,0.78,4.62,0.16,0.37,-0.2
2024-03-25 17:1:42.2400,-0.33,0.75,4.98,0.32,0.35,-0.25
2024-03-25 17:1:42.2500,-0.57,0.75,4.9,0.46,0.33,-0.28
2024-03-25 17:1:42.2600,-0.8,0.95,4.68,0.57,0.27,-0.3
2024-03-25 17:1:42.2700,-0.91,1.22,4.38,0.68,0.19,-0.3
2024-03-25 17:1:42.2800,-1.03,1.58,4.1,0.72,0.15,-0.23
2024-03-25 17:1:42.2900,-1.52,1.69,3.39,0.64,0.17,-0.05
2024-03-25 17:1:42.3000,-1.92,1.53,2.74,0.55,0.18,0.2
2024-03-25 17:1:42.3100,-2.21,1.05,2.93,0.55,0.14,0.43
2024-03-25 17:1:42.3200,-1.85,0.13,3.56,0.65,-0.02,0.52
2024-03-25 17:1:42.3300,-1.23,-1.18,3.67,0.72,-0.23,0.56
2024-03-25 17:1:42.3400,-0.97,-2.19,3.09,0.66,-0.45,0.54
2024-03-25 17:1:42.3500,-0.5,-2.96,1.69,0.5,-0.56,0.49
2024-03-25 17:1:42.3600,-0.25,-3.46,0.66,0.36,-0.54,0.44
2024-03-25 17:1:42.3700,-0.06,-3.87,0.29,0.3,-0.49,0.4
2024-03-25 17:1:42.3800,-0.21,-4.1,0.24,0.31,-0.39,0.37
2024-03-25 17:1:42.3900,-0.03,-4.12,0.0,0.28,-0.25,0.28
2024-03-25 17:1:42.4000,-0.16,-4.44,-0.7,0.25,-0.13,0.2
2024-03-25 17:1:42.4100,-0.33,-4.15,-1.27,0.15,-0.03,0.11
2024-03-25 17:1:42.4200,-0.57,-3.94,-2.04,-0.0,0.01,0.05
2024-03-25 17:1:42.4300,-0.9,-3.57,-2.69,-0.15,0.02,0.0
2024-03-25 17:1:42.4400,-1.06,-2.95,-3.08,-0.26,0.03,-0.02
2024-03-25 17:1:42.4500,-1.23,-2.2,-3.2,-0.32,0.03,0.01
2024-03-25 17:1:42.4600,-1.36,-1.36,-3.24,-0.36,-0.01,0.06
2024-03-25 17:1:42.4700,-1.39,-0.7,-3.52,-0.44,-0.07,0.13
2024-03-25 17:1:42.4800,-1.35,-0.25,-3.81,-0.5,-0.11,0.21
2024-03-25 17:1:42.4900,-1.28,0.06,-3.73,-0.53,-0.14,0.3
2024-03-25 17:1:42.5000,-1.26,0.3,-3.5,-0.53,-0.12,0.38
2024-03-25 17:1:42.5100,-0.98,0.31,-3.18,-0.47,-0.08,0.42
2024-03-25 17:1:42.5200,-0.61,0.3,-2.53,-0.38,-0.06,0.46
2024-03-25 17:1:42.5300,-0.32,0.26,-2.16,-0.28,-0.1,0.42
2024-03-25 17:1:42.5400,0.15,0.21,-2.15,-0.21,-0.15,0.37
2024-03-25 17:1:42.5500,0.34,0.12,-2.22,-0.15,-0.22,0.3
2024-03-25 17:1:42.5600,0.55,0.12,-2.39,-0.13,-0.25,0.24
2024-03-25 17:1:42.5700,0.71,0.13,-2.73,-0.14,-0.23,0.19
2024-03-25 17:1:42.5800,0.76,0.16,-3.04,-0.17,-0.16,0.19
2024-03-25 17:1:42.5900,0.61,0.15,-3.09,-0.22,-0.07,0.22
2024-03-25 17:1:42.6000,0.5,0.1,-2.91,-0.26,-0.01,0.24
2024-03-25 17:1:42.6100,0.4,-0.03,-2.46,-0.27,0.03,0.25
2024-03-25 17:1:42.6200,0.39,-0.22,-1.74,-0.23,0.03,0.21
2024-03-25 17:1:42.6300,0.58,-0.36,-1.0,-0.16,-0.02,0.12
2024-03-25 17:1:42.6400,0.74,-0.43,-0.62,-0.09,-0.09,-0.02
2024-03-25 17:1:42.6500,0.87,-0.27,-0.59,-0.08,-0.13,-0.15
2024-03-25 17:1:42.6600,0.7,0.11,-0.73,-0.06,-0.11,-0.22
2024-03-25 17:1:42.6700,0.32,0.65,-0.63,-0.05,-0.07,-0.22
2024-03-25 17:1:42.6800,-0.17,1.25,-0.51,-0.09,-0.0,-0.17
2024-03-25 17:1:42.6900,-0.59,1.74,-0.37,-0.15,0.08,-0.09
2024-03-25 17:1:42.7000,-0.81,2.1,0.07,-0.19,0.12,0.0
2024-03-25 17:1:42.7100,-0.96,2.26,0.93,-0.16,0.14,0.04
2024-03-25 17:1:42.7200,-0.74,2.22,2.11,-0.07,0.16,0.0
2024-03-25 17:1:42.7300,-0.4,2.04,3.09,0.06,0.13,-0.1
2024-03-25 17:1:42.7400,-0.11,1.75,3.87,0.23,0.03,-0.28
2024-03-25 17:1:42.7500,0.07,1.64,4.53,0.36,-0.07,-0.42
2024-03-25 17:1:42.7600,-0.08,1.66,4.57,0.42,-0.17,-0.52
2024-03-25 17:1:42.7700,-0.3,1.69,4.28,0.43,-0.27,-0.55
2024-03-25 17:1:42.7800,-0.69,1.63,4.13,0.52,-0.33,-0.58
2024-03-25 17:1:42.7900,-0.76,1.51,4.31,0.69,-0.33,-0.62
2024-03-25 17:1:42.8000,-0.53,1.37,4.37,0.91,-0.31,-0.7
2024-03-25 17:1:42.8100,-0.21,1.27,3.95,1.07,-0.32,-0.81
2024-03-25 17:1:42.8200,0.24,1.41,3.05,1.09,-0.31,-0.92
2024-03-25 17:1:42.8300,0.59,1.79,2.0,0.96,-0.22,-0.92
2024-03-25 17:1:42.8400,0.33,2.0,1.19,0.7,0.05,-0.67
2024-03-25 17:1:42.8500,-0.83,1.39,1.19,0.53,0.37,-0.16
2024-03-25 17:1:42.8600,-1.98,-0.09,2.43,0.52,0.56,0.23
2024-03-25 17:1:42.8700,-1.47,-1.85,3.55,0.51,0.47,0.36
2024-03-25 17:1:42.8800,-0.3,-3.38,3.29,0.43,0.11,0.27
2024-03-25 17:1:42.8900,0.74,-4.09,2.44,0.25,-0.32,0.04
2024-03-25 17:1:42.9000,1.52,-4.31,1.34,0.02,-0.55,-0.12
2024-03-25 17:1:42.9100,1.52,-4.33,0.67,-0.08,-0.47,-0.15
2024-03-25 17:1:42.9200,1.22,-4.27,1.01,-0.01,-0.18,-0.12
2024-03-25 17:1:42.9300,1.06,-4.29,1.42,0.1,0.15,-0.11
2024-03-25 17:1:42.9400,1.07,-4.22,1.05,0.09,0.35,-0.15
2024-03-25 17:1:42.9500,0.9,-4.01,0.27,-0.03,0.36,-0.2
2024-03-25 17:1:42.9600,0.48,-3.65,-0.4,-0.19,0.26,-0.24
2024-03-25 17:1:42.9700,0.06,-3.28,-0.6,-0.27,0.16,-0.27
2024-03-25 17:1:42.9800,-0.06,-2.62,-0.4,-0.31,0.09,-0.29
2024-03-25 17:1:42.9900,-0.18,-1.92,-0.48,-0.33,0.05,-0.27
2024-03-25 17:1:43.0000,-0.36,-1.27,-0.82,-0.34,0.04,-0.24
2024-03-25 17:1:43.0100,-0.39,-0.72,-1.16,-0.34,0.04,-0.21
2024-03-25 17:1:43.0200,-0.35,-0.24,-1.53,-0.32,0.05,-0.17
2024-03-25 17:1:43.0300,-0.26,0.15,-1.92,-0.31,0.04,-0.14
2024-03-25 17:1:43.0400,-0.08,0.42,-2.34,-0.31,0.05,-0.13
2024-03-25 17:1:43.0500,0.17,0.53,-2.68,-0.31,0.09,-0.13
2024-03-25 17:1:43.0600,0.35,0.6,-2.86,-0.3,0.14,-0.12
2024-03-25 17:1:43.0700,0.46,0.58,-2.67,-0.24,0.2,-0.1
2024-03-25 17:1:43.0800,0.54,0.59,-2.29,-0.18,0.23,-0.07
2024-03-25 17:1:43.0900,0.58,0.56,-2.18,-0.15,0.22,-0.04
2024-03-25 17:1:43.1000,0.65,0.45,-2.27,-0.16,0.14,-0.0
2024-03-25 17:1:43.1100,0.65,0.3,-2.46,-0.2,0.06,0.03
2024-03-25 17:1:43.1200,0.69,0.07,-2.6,-0.23,-0.01,0.06
2024-03-25 17:1:43.1300,0.76,-0.2,-2.64,-0.25,-0.05,0.08
2024-03-25 17:1:43.1400,0.8,-0.44,-2.57,-0.26,-0.07,0.1
2024-03-25 17:1:43.1500,0.8,-0.57,-2.53,-0.27,-0.08,0.11
2024-03-25 17:1:43.1600,0.88,-0.68,-2.49,-0.25,-0.09,0.09
2024-03-25 17:1:43.1700,0.96,-0.86,-2.16,-0.16,-0.12,0.03
2024-03-25 17:1:43.1800,1.09,-0.95,-1.8,-0.07,-0.16,-0.05
2024-03-25 17:1:43.1900,1.15,-0.94,-1.98,-0.06,-0.21,-0.12
2024-03-25 17:1:43.2000,1.02,-0.76,-2.59,-0.12,-0.23,-0.15
2024-03-25 17:1:43.2100,0.82,-0.35,-3.14,-0.25,-0.22,-0.13
2024-03-25 17:1:43.2200,0.57,0.12,-3.36,-0.37,-0.14,-0.06
2024-03-25 17:1:43.2300,0.32,0.56,-2.94,-0.44,-0.02,0.04
2024-03-25 17:1:43.2400,0.26,0.89,-2.2,-0.47,0.11,0.11
2024-03-25 17:1:43.2500,0.36,0.92,-1.23,-0.42,0.19,0.12
2024-03-25 17:1:43.2600,0.56,0.9,-0.12,-0.34,0.2,0.08
2024-03-25 17:1:43.2700,0.74,0.96,0.45,-0.28,0.12,-0.01
2024-03-25 17:1:43.2800,0.9,1.06,0.8,-0.24,0.01,-0.12
2024-03-25 17:1:43.2900,1.03,1.36,0.89,-0.25,-0.03,-0.19
2024-03-25 17:1:43.3000,0.88,1.72,0.87,-0.26,0.02,-0.18
2024-03-25 17:1:43.3100,0.65,2.19,1.14,-0.25,0.11,-0.14
2024-03-25 17:1:43.3200,0.49,2.54,1.49,-0.26,0.22,-0.08
2024-03-25 17:1:43.3300,0.45,2.78,1.77,-0.24,0.35,-0.0
2024-03-25 17:1:43.3400,0.36,2.74,2.42,-0.14,0.46,0.04
2024-03-25 17:1:43.3500,0.5,2.54,3.43,-0.01,0.52,0.01
2024-03-25 17:1:43.3600,0.74,2.23,4.05,0.12,0.51,-0.06
2024-03-25 17:1:43.3700,0.91,1.91,4.39,0.27,0.43,-0.19
2024-03-25 17:1:43.3800,1.0,1.6,4.7,0.4,0.29,-0.32
2024-03-25 17:1:43.3900,0.78,1.49,4.62,0.5,0.16,-0.39
2024-03-25 17:1:43.4000,0.44,1.48,4.3,0.6,0.11,-0.43
2024-03-25 17:1:43.4100,0.31,1.38,3.92,0.72,0.12,-0.42
2024-03-25 17:1:43.4200,0.05,1.39,3.67,0.88,0.14,-0.37
2024-03-25 17:1:43.4300,0.0,1.7,3.39,0.97,0.15,-0.35
2024-03-25 17:1:43.4400,0.1,2.01,2.48,0.83,0.18,-0.31
2024-03-25 17:1:43.4500,-0.3,2.17,1.09,0.42,0.22,-0.12
2024-03-25 17:1:43.4600,-1.52,1.6,0.57,0.08,0.14,0.21
2024-03-25 17:1:43.4700,-2.17,0.71,2.33,0.14,-0.13,0.42
2024-03-25 17:1:43.4800,-1.57,-0.94,4.99,0.39,-0.45,0.34
2024-03-25 17:1:43.4900,-0.27,-2.97,5.39,0.51,-0.71,0.14
2024-03-25 17:1:43.5000,0.55,-4.03,3.81,0.45,-0.85,-0.05
2024-03-25 17:1:43.5090,0.47,-4.28,2.16,0.29,-0.75,-0.05
2024-03-25 17:1:43.5190,-0.18,-4.38,1.31,0.18,-0.49,0.07
2024-03-25 17:1:43.5290,-0.63,-4.22,1.43,0.23,-0.17,0.21
2024-03-25 17:1:43.5390,-0.92,-4.49,1.82,0.27,0.13,0.3
2024-03-25 17:1:43.5490,-1.13,-5.03,1.31,0.27,0.25,0.32
2024-03-25 17:1:43.5590,-1.18,-4.95,0.56,0.23,0.19,0.23
2024-03-25 17:1:43.5690,-1.12,-4.97,-0.17,0.2,0.06,0.06
2024-03-25 17:1:43.5790,-0.96,-4.5,-0.76,0.18,-0.04,-0.09
2024-03-25 17:1:43.5890,-1.12,-3.74,-1.55,0.16,-0.05,-0.16
2024-03-25 17:1:43.5990,-1.41,-2.68,-2.48,0.11,0.01,-0.12
2024-03-25 17:1:43.6090,-1.73,-1.64,-3.29,0.04,0.09,-0.01
2024-03-25 17:1:43.6190,-1.82,-0.81,-3.87,-0.03,0.14,0.11
2024-03-25 17:1:43.6290,-1.74,-0.25,-4.37,-0.13,0.16,0.23
2024-03-25 17:1:43.6390,-1.52,0.06,-4.71,-0.22,0.16,0.32
2024-03-25 17:1:43.6490,-1.23,0.15,-4.73,-0.26,0.17,0.37
2024-03-25 17:1:43.6590,-0.84,0.05,-4.48,-0.24,0.2,0.38
2024-03-25 17:1:43.6690,-0.44,-0.13,-4.17,-0.2,0.2,0.36
2024-03-25 17:1:43.6790,-0.24,-0.36,-3.97,-0.16,0.13,0.32
2024-03-25 17:1:43.6900,-0.13,-0.43,-3.96,-0.18,0.05,0.3
2024-03-25 17:1:43.6990,-0.12,-0.49,-4.15,-0.25,-0.03,0.3
2024-03-25 17:1:43.7090,-0.22,-0.63,-4.07,-0.31,-0.1,0.32
2024-03-25 17:1:43.7190,-0.17,-0.74,-3.66,-0.35,-0.16,0.32
2024-03-25 17:1:43.7300,0.13,-0.83,-3.22,-0.36,-0.19,0.27
2024-03-25 17:1:43.7400,0.47,-0.91,-2.85,-0.33,-0.19,0.2
2024-03-25 17:1:43.7490,0.66,-0.98,-2.67,-0.29,-0.18,0.12
2024-03-25 17:1:43.7590,0.65,-0.94,-2.66,-0.29,-0.17,0.05
2024-03-25 17:1:43.7690,0.52,-0.76,-2.79,-0.32,-0.16,-0.0
2024-03-25 17:1:43.7790,0.37,-0.47,-2.9,-0.37,-0.13,-0.03
2024-03-25 17:1:43.7890,0.27,-0.17,-2.9,-0.43,-0.07,-0.04
2024-03-25 17:1:43.7990,0.13,0.13,-2.73,-0.46,-0.0,-0.03
2024-03-25 17:1:43.8090,-0.08,0.39,-2.23,-0.46,0.03,-0.0
2024-03-25 17:1:43.8190,-0.46,0.6,-1.34,-0.43,0.04,0.01
2024-03-25 17:1:43.8290,-0.6,0.8,-0.45,-0.37,0.04,-0.03
2024-03-25 17:1:43.8390,-0.53,1.06,0.32,-0.28,0.05,-0.1
2024-03-25 17:1:43.8490,-0.61,1.41,1.06,-0.16,0.07,-0.17
2024-03-25 17:1:43.8590,-0.82,1.87,1.52,-0.08,0.05,-0.21
2024-03-25 17:1:43.8690,-1.26,2.29,1.62,-0.04,-0.02,-0.19
2024-03-25 17:1:43.8790,-1.76,2.81,1.64,-0.07,-0.1,-0.1
2024-03-25 17:1:43.8890,-2.17,3.22,1.58,-0.12,-0.17,0.02
2024-03-25 17:1:43.8990,-2.27,3.51,1.75,-0.15,-0.21,0.15
2024-03-25 17:1:43.9090,-2.17,3.58,2.15,-0.15,-0.22,0.24
2024-03-25 17:1:43.9190,-1.72,3.41,2.58,-0.12,-0.18,0.25
2024-03-25 17:1:43.9290,-1.13,3.0,2.97,-0.05,-0.14,0.19
2024-03-25 17:1:43.9390,-0.72,2.57,3.43,0.04,-0.09,0.1
2024-03-25 17:1:43.9490,-0.56,2.27,3.79,0.1,-0.05,0.02
2024-03-25 17:1:43.9590,-0.74,1.96,3.92,0.16,-0.03,-0.02
2024-03-25 17:1:43.9690,-1.25,1.6,4.25,0.25,-0.06,-0.01
2024-03-25 17:1:43.9790,-1.5,1.31,4.57,0.36,-0.05,-0.02
2024-03-25 17:1:43.9890,-1.38,0.87,4.5,0.46,-0.05,-0.05
2024-03-25 17:1:43.9990,-1.07,0.49,4.07,0.5,-0.05,-0.09
2024-03-25 17:1:44.0090,-0.87,0.17,3.29,0.48,-0.05,-0.12
2024-03-25 17:1:44.0190,-0.81,-0.05,2.66,0.43,-0.0,-0.12
2024-03-25 17:1:44.0290,-0.83,-0.29,2.44,0.41,0.09,-0.08
2024-03-25 17:1:44.0390,-0.76,-0.56,2.65,0.42,0.17,-0.03
2024-03-25 17:1:44.0490,-0.6,-0.9,2.8,0.43,0.2,0.02
2024-03-25 17:1:44.0590,-0.42,-1.35,2.68,0.44,0.12,0.02
2024-03-25 17:1:44.0690,-0.06,-1.78,2.52,0.5,-0.06,-0.02
2024-03-25 17:1:44.0790,0.48,-2.02,2.14,0.56,-0.26,-0.08
2024-03-25 17:1:44.0890,0.95,-2.12,1.4,0.59,-0.43,-0.14
2024-03-25 17:1:44.0990,1.32,-2.14,0.3,0.55,-0.45,-0.16
2024-03-25 17:1:44.1090,1.61,-2.22,-0.97,0.45,-0.28,-0.11
2024-03-25 17:1:44.1190,1.84,-2.35,-1.89,0.34,0.01,-0.04
2024-03-25 17:1:44.1290,2.03,-2.53,-2.15,0.23,0.34,-0.01
2024-03-25 17:1:44.1390,2.21,-2.75,-2.11,0.11,0.55,-0.0
2024-03-25 17:1:44.1490,2.15,-2.92,-1.82,-0.01,0.65,-0.02
2024-03-25 17:1:44.1590,1.87,-3.06,-1.3,-0.11,0.63,-0.06
2024-03-25 17:1:44.1690,1.45,-3.2,-0.61,-0.18,0.59,-0.1
2024-03-25 17:1:44.1790,1.0,-3.29,-0.05,-0.2,0.55,-0.12
2024-03-25 17:1:44.1890,0.7,-3.12,0.51,-0.14,0.39,-0.21
2024-03-25 17:1:44.1990,0.58,-2.81,0.78,-0.07,0.17,-0.33
2024-03-25 17:1:44.2090,0.67,-2.04,0.48,-0.1,-0.02,-0.39
2024-03-25 17:1:44.2190,0.6,-1.21,-0.55,-0.2,-0.1,-0.42
2024-03-25 17:1:44.2290,0.65,-0.52,-1.37,-0.29,-0.07,-0.42
2024-03-25 17:1:44.2400,0.58,-0.05,-1.65,-0.32,0.01,-0.37
2024-03-25 17:1:44.2490,0.4,0.3,-1.61,-0.33,0.1,-0.3
2024-03-25 17:1:44.2590,0.16,0.56,-1.56,-0.34,0.13,-0.2
2024-03-25 17:1:44.2690,-0.05,0.67,-1.59,-0.35,0.09,-0.13
2024-03-25 17:1:44.2790,-0.02,0.68,-1.67,-0.37,0.03,-0.1
2024-03-25 17:1:44.2890,0.1,0.61,-1.84,-0.38,-0.03,-0.09
2024-03-25 17:1:44.2990,0.23,0.52,-1.99,-0.39,-0.07,-0.09
2024-03-25 17:1:44.3090,0.35,0.4,-2.11,-0.39,-0.05,-0.06
2024-03-25 17:1:44.3190,0.33,0.23,-2.09,-0.38,0.01,-0.02
2024-03-25 17:1:44.3290,0.27,0.0,-2.09,-0.36,0.07,0.03
2024-03-25 17:1:44.3400,0.25,-0.22,-2.06,-0.34,0.11,0.06
2024-03-25 17:1:44.3490,0.25,-0.45,-2.04,-0.32,0.09,0.08
2024-03-25 17:1:44.3590,0.25,-0.66,-2.09,-0.32,0.04,0.09
2024-03-25 17:1:44.3690,0.25,-0.81,-2.16,-0.3,-0.03,0.09
2024-03-25 17:1:44.3790,0.21,-0.92,-2.12,-0.25,-0.1,0.1
2024-03-25 17:1:44.3890,0.24,-0.98,-2.0,-0.19,-0.15,0.07
2024-03-25 17:1:44.3990,0.44,-1.02,-2.09,-0.18,-0.18,0.03
2024-03-25 17:1:44.4090,0.65,-0.93,-2.38,-0.19,-0.19,-0.01
2024-03-25 17:1:44.4190,0.77,-0.66,-2.52,-0.2,-0.19,-0.03
2024-03-25 17:1:44.4290,0.83,-0.35,-2.44,-0.2,-0.17,-0.05
2024-03-25 17:1:44.4390,0.86,-0.01,-2.24,-0.21,-0.13,-0.05
2024-03-25 17:1:44.4490,0.79,0.33,-2.13,-0.23,-0.12,-0.04
2024-03-25 17:1:44.4590,0.64,0.7,-1.86,-0.26,-0.12,-0.03
2024-03-25 17:1:44.4690,0.6,1.09,-1.49,-0.29,-0.11,-0.04
2024-03-25 17:1:44.4790,0.68,1.41,-0.92,-0.3,-0.09,-0.06
2024-03-25 17:1:44.4890,0.8,1.72,-0.31,-0.31,-0.05,-0.11
2024-03-25 17:1:44.4990,0.88,1.92,0.28,-0.29,0.02,-0.16
2024-03-25 17:1:44.5090,0.93,2.11,1.03,-0.22,0.12,-0.22
2024-03-25 17:1:44.5190,0.91,2.2,1.88,-0.09,0.25,-0.3
2024-03-25 17:1:44.5290,0.82,2.25,2.75,0.08,0.38,-0.38
2024-03-25 17:1:44.5390,0.55,2.38,3.29,0.22,0.47,-0.43
2024-03-25 17:1:44.5490,0.11,2.54,3.34,0.31,0.51,-0.45
2024-03-25 17:1:44.5590,-0.31,2.69,3.16,0.33,0.53,-0.43
2024-03-25 17:1:44.5690,-0.66,2.79,3.02,0.32,0.48,-0.39
2024-03-25 17:1:44.5790,-1.02,2.74,3.09,0.34,0.4,-0.31
2024-03-25 17:1:44.5890,-1.37,2.43,3.5,0.44,0.35,-0.23
2024-03-25 17:1:44.5990,-1.52,1.76,4.11,0.69,0.29,-0.19
2024-03-25 17:1:44.6090,-1.32,1.02,4.74,1.03,0.18,-0.22
2024-03-25 17:1:44.6190,-0.98,0.41,4.69,1.3,0.01,-0.3
2024-03-25 17:1:44.6290,-0.85,-0.03,3.74,1.47,-0.17,-0.38
2024-03-25 17:1:44.6390,-0.92,-0.1,2.53,1.46,-0.32,-0.36
2024-03-25 17:1:44.6490,-1.64,-0.32,1.31,1.3,-0.36,-0.17
2024-03-25 17:1:44.6590,-2.53,-0.74,0.56,1.15,-0.29,0.12
2024-03-25 17:1:44.6690,-2.79,-1.35,0.67,1.1,-0.23,0.37
2024-03-25 17:1:44.6790,-2.52,-2.14,1.09,1.03,-0.22,0.55
2024-03-25 17:1:44.6890,-2.4,-2.99,0.84,0.82,-0.31,0.73
2024-03-25 17:1:44.6990,-2.56,-3.64,0.13,0.48,-0.46,0.88
2024-03-25 17:1:44.7090,-2.43,-3.95,-0.42,0.09,-0.58,1.01
2024-03-25 17:1:44.7190,-2.26,-4.28,-0.39,-0.2,-0.63,1.13
2024-03-25 17:1:44.7290,-2.19,-4.55,0.21,-0.4,-0.59,1.23
2024-03-25 17:1:44.7390,-1.98,-4.79,0.7,-0.56,-0.46,1.29
2024-03-25 17:1:44.7490,-1.78,-5.08,0.96,-0.68,-0.3,1.28
2024-03-25 17:1:44.7590,-1.53,-5.22,1.32,-0.72,-0.2,1.18
2024-03-25 17:1:44.7690,-1.11,-5.11,1.77,-0.7,-0.18,0.97
2024-03-25 17:1:44.7790,-0.7,-4.54,1.82,-0.67,-0.2,0.76
2024-03-25 17:1:44.7890,-0.6,-3.55,1.31,-0.66,-0.19,0.64
2024-03-25 17:1:44.7990,-0.74,-2.52,0.57,-0.66,-0.12,0.59
2024-03-25 17:1:44.8090,-0.8,-1.56,-0.23,-0.68,0.01,0.6
2024-03-25 17:1:44.8190,-0.82,-0.84,-1.0,-0.72,0.16,0.66
2024-03-25 17:1:44.8290,-0.89,-0.38,-1.55,-0.7,0.31,0.75
2024-03-25 17:1:44.8390,-0.88,-0.2,-1.49,-0.62,0.42,0.8
2024-03-25 17:1:44.8490,-0.62,-0.31,-1.25,-0.48,0.52,0.8
2024-03-25 17:1:44.8590,-0.22,-0.46,-1.13,-0.32,0.56,0.75
2024-03-25 17:1:44.8690,0.04,-0.52,-1.24,-0.2,0.5,0.68
2024-03-25 17:1:44.8790,0.02,-0.62,-1.45,-0.11,0.35,0.62
2024-03-25 17:1:44.8890,-0.09,-0.59,-1.59,-0.05,0.17,0.58
2024-03-25 17:1:44.8990,-0.23,-0.42,-1.94,-0.05,0.02,0.6
2024-03-25 17:1:44.9090,-0.42,-0.22,-2.36,-0.06,-0.06,0.65
2024-03-25 17:1:44.9190,-0.34,-0.05,-2.6,-0.04,-0.06,0.69
2024-03-25 17:1:44.9290,0.07,0.05,-2.76,0.0,-0.0,0.67
2024-03-25 17:1:44.9390,0.56,0.08,-2.94,0.04,0.08,0.62
2024-03-25 17:1:44.9490,0.86,0.05,-3.22,0.05,0.17,0.56
2024-03-25 17:1:44.9590,0.88,0.01,-3.51,0.05,0.26,0.52
2024-03-25 17:1:44.9690,0.8,-0.05,-3.59,0.04,0.32,0.47
2024-03-25 17:1:44.9790,0.75,-0.19,-3.62,0.03,0.35,0.45
2024-03-25 17:1:44.9880,0.42,-0.24,-3.43,0.03,0.3,0.46
2024-03-25 17:1:44.9980,0.17,-0.15,-3.29,-0.0,0.21,0.46
2024-03-25 17:1:45.0090,0.1,-0.07,-3.39,-0.08,0.11,0.47
2024-03-25 17:1:45.0180,0.11,0.14,-3.47,-0.18,0.07,0.48
2024-03-25 17:1:45.0290,0.22,0.32,-3.35,-0.27,0.11,0.46
2024-03-25 17:1:45.0390,0.5,0.51,-2.94,-0.33,0.26,0.41
2024-03-25 17:1:45.0480,0.68,0.71,-2.18,-0.31,0.48,0.34
2024-03-25 17:1:45.0590,0.67,1.01,-1.05,-0.21,0.65,0.25
2024-03-25 17:1:45.0680,0.57,1.23,0.1,-0.06,0.66,0.17
2024-03-25 17:1:45.0790,0.2,1.64,1.08,0.02,0.53,0.11
2024-03-25 17:1:45.0880,-0.33,2.08,1.38,0.0,0.3,0.11
2024-03-25 17:1:45.0980,-0.96,2.67,1.51,-0.1,0.03,0.16
2024-03-25 17:1:45.1080,-1.28,3.3,1.58,-0.25,-0.16,0.24
2024-03-25 17:1:45.1180,-1.2,3.75,1.82,-0.35,-0.23,0.28
2024-03-25 17:1:45.1280,-0.77,3.91,2.38,-0.37,-0.21,0.26
2024-03-25 17:1:45.1380,-0.31,3.88,3.04,-0.33,-0.14,0.2
2024-03-25 17:1:45.1480,0.02,3.68,3.6,-0.23,-0.06,0.09
2024-03-25 17:1:45.1580,0.24,3.45,4.14,-0.11,-0.03,-0.03
2024-03-25 17:1:45.1680,0.31,3.23,4.48,-0.02,-0.05,-0.15
2024-03-25 17:1:45.1780,0.12,2.93,4.53,0.05,-0.12,-0.24
2024-03-25 17:1:45.1880,-0.16,2.62,4.62,0.18,-0.21,-0.32
2024-03-25 17:1:45.1980,-0.22,2.34,4.78,0.36,-0.25,-0.41
2024-03-25 17:1:45.2080,-0.06,2.0,4.58,0.54,-0.26,-0.51
2024-03-25 17:1:45.2180,0.12,1.63,3.99,0.68,-0.19,-0.59
2024-03-25 17:1:45.2280,0.27,1.26,3.02,0.7,-0.07,-0.64
2024-03-25 17:1:45.2380,0.24,0.94,1.93,0.59,0.11,-0.56
2024-03-25 17:1:45.2480,-0.25,0.45,1.24,0.46,0.25,-0.36
2024-03-25 17:1:45.2580,-0.74,-0.44,1.54,0.45,0.31,-0.19
2024-03-25 17:1:45.2680,-0.65,-1.6,2.5,0.51,0.24,-0.13
2024-03-25 17:1:45.2780,-0.13,-2.75,2.92,0.56,0.06,-0.21
2024-03-25 17:1:45.2880,0.41,-3.51,2.38,0.5,-0.21,-0.34
2024-03-25 17:1:45.2980,0.6,-3.75,1.22,0.35,-0.46,-0.44
2024-03-25 17:1:45.3080,0.48,-3.55,0.1,0.2,-0.61,-0.46
2024-03-25 17:1:45.3180,0.45,-3.3,-0.36,0.11,-0.61,-0.45
2024-03-25 17:1:45.3290,0.62,-3.15,-0.57,0.09,-0.46,-0.39
2024-03-25 17:1:45.3380,0.75,-3.05,-0.71,0.12,-0.26,-0.35
2024-03-25 17:1:45.3480,1.15,-2.93,-0.87,0.15,-0.05,-0.33
2024-03-25 17:1:45.3580,1.39,-2.83,-0.98,0.16,0.1,-0.32
2024-03-25 17:1:45.3680,1.5,-2.59,-1.13,0.1,0.19,-0.32
2024-03-25 17:1:45.3780,1.5,-2.37,-1.33,-0.01,0.25,-0.33
2024-03-25 17:1:45.3880,1.46,-2.17,-1.37,-0.19,0.33,-0.28
2024-03-25 17:1:45.3980,1.06,-1.97,-1.18,-0.39,0.47,-0.14
2024-03-25 17:1:45.4080,0.44,-1.87,-0.49,-0.54,0.6,0.04
2024-03-25 17:1:45.4180,-0.05,-1.99,0.72,-0.62,0.65,0.2
2024-03-25 17:1:45.4280,-0.22,-2.25,1.89,-0.6,0.59,0.28
2024-03-25 17:1:45.4380,-0.06,-2.7,2.91,-0.47,0.36,0.22
2024-03-25 17:1:45.4480,0.39,-3.0,3.59,-0.33,0.04,0.04
2024-03-25 17:1:45.4580,0.94,-2.96,3.22,-0.26,-0.21,-0.17
2024-03-25 17:1:45.4680,1.31,-2.54,2.21,-0.21,-0.33,-0.34
2024-03-25 17:1:45.4780,1.38,-1.85,1.27,-0.16,-0.3,-0.41
2024-03-25 17:1:45.4880,1.16,-1.04,0.47,-0.11,-0.19,-0.4
2024-03-25 17:1:45.4980,0.99,-0.32,-0.34,-0.11,-0.05,-0.34
2024-03-25 17:1:45.5080,0.88,0.16,-1.04,-0.13,0.07,-0.27
2024-03-25 17:1:45.5180,0.86,0.53,-1.49,-0.15,0.13,-0.2
2024-03-25 17:1:45.5280,0.87,0.69,-1.76,-0.17,0.15,-0.15
2024-03-25 17:1:45.5380,0.89,0.75,-1.88,-0.19,0.14,-0.11
2024-03-25 17:1:45.5490,0.86,0.76,-1.97,-0.2,0.11,-0.06
2024-03-25 17:1:45.5590,0.73,0.7,-1.95,-0.22,0.09,-0.01
2024-03-25 17:1:45.5680,0.64,0.64,-1.94,-0.24,0.09,0.05
2024-03-25 17:1:45.5780,0.54,0.49,-1.91,-0.24,0.07,0.12
2024-03-25 17:1:45.5880,0.5,0.36,-1.79,-0.23,0.05,0.17
2024-03-25 17:1:45.5980,0.47,0.17,-1.78,-0.24,0.04,0.23
2024-03-25 17:1:45.6080,0.46,-0.05,-1.86,-0.25,0.02,0.26
2024-03-25 17:1:45.6180,0.53,-0.3,-2.05,-0.27,0.02,0.29
2024-03-25 17:1:45.6280,0.52,-0.54,-2.09,-0.26,-0.0,0.3
2024-03-25 17:1:45.6380,0.48,-0.7,-2.04,-0.26,-0.03,0.29
2024-03-25 17:1:45.6480,0.52,-0.92,-2.11,-0.26,-0.04,0.28
2024-03-25 17:1:45.6580,0.54,-1.04,-2.11,-0.22,-0.06,0.25
2024-03-25 17:1:45.6680,0.64,-1.09,-1.96,-0.15,-0.07,0.18
2024-03-25 17:1:45.6780,0.94,-1.1,-1.81,-0.05,-0.07,0.08
2024-03-25 17:1:45.6880,1.18,-1.06,-1.79,0.03,-0.06,-0.03
2024-03-25 17:1:45.6980,1.26,-0.95,-2.06,0.05,-0.04,-0.1
2024-03-25 17:1:45.7080,1.13,-0.78,-2.48,0.01,0.01,-0.1
2024-03-25 17:1:45.7180,0.71,-0.52,-2.69,-0.04,0.04,-0.04
2024-03-25 17:1:45.7280,0.39,-0.24,-2.54,-0.08,0.05,0.04
2024-03-25 17:1:45.7380,0.29,-0.1,-2.09,-0.07,0.01,0.08
2024-03-25 17:1:45.7480,0.58,0.01,-1.65,-0.07,-0.06,0.06
2024-03-25 17:1:45.7580,0.99,0.08,-1.53,-0.05,-0.11,-0.01
2024-03-25 17:1:45.7680,1.31,0.11,-1.34,-0.01,-0.13,-0.1
2024-03-25 17:1:45.7780,1.52,0.28,-1.15,-0.0,-0.11,-0.16
2024-03-25 17:1:45.7890,1.46,0.6,-1.18,-0.04,-0.04,-0.15
2024-03-25 17:1:45.7980,1.33,1.04,-1.11,-0.09,0.05,-0.1
2024-03-25 17:1:45.8080,1.28,1.42,-0.8,-0.16,0.11,-0.04
2024-03-25 17:1:45.8180,1.19,1.68,-0.42,-0.29,0.13,0.04
2024-03-25 17:1:45.8280,1.03,1.83,0.01,-0.42,0.11,0.1
2024-03-25 17:1:45.8380,1.01,1.91,0.95,-0.47,0.1,0.12
2024-03-25 17:1:45.8480,1.22,1.76,2.27,-0.45,0.15,0.09
2024-03-25 17:1:45.8580,1.48,1.53,3.41,-0.34,0.25,0.03
2024-03-25 17:1:45.8680,1.58,1.35,4.52,-0.12,0.33,-0.06
2024-03-25 17:1:45.8780,1.51,1.3,5.47,0.12,0.32,-0.17
2024-03-25 17:1:45.8880,1.33,1.31,5.64,0.25,0.22,-0.29
2024-03-25 17:1:45.8980,0.99,1.41,5.1,0.3,0.1,-0.41
2024-03-25 17:1:45.9080,0.62,1.52,4.5,0.36,0.01,-0.44
2024-03-25 17:1:45.9180,0.41,1.88,4.15,0.44,0.01,-0.46
2024-03-25 17:1:45.9280,0.38,1.99,3.87,0.58,0.09,-0.49
2024-03-25 17:1:45.9380,0.42,2.22,3.54,0.68,0.22,-0.46
2024-03-25 17:1:45.9480,0.04,2.31,3.07,0.71,0.33,-0.4
2024-03-25 17:1:45.9580,-0.49,2.2,2.68,0.66,0.36,-0.29
2024-03-25 17:1:45.9680,-1.11,1.78,2.67,0.66,0.25,-0.16
2024-03-25 17:1:45.9780,-1.54,1.06,3.28,0.79,-0.02,-0.06
2024-03-25 17:1:45.9880,-1.51,0.01,3.88,0.97,-0.39,-0.07
2024-03-25 17:1:45.9980,-1.06,-1.1,3.45,1.01,-0.76,-0.13
2024-03-25 17:1:46.0080,-0.7,-1.97,1.85,0.89,-1.04,-0.14
2024-03-25 17:1:46.0180,-0.7,-2.31,0.19,0.62,-1.13,-0.06
2024-03-25 17:1:46.0280,-0.85,-2.49,-1.02,0.35,-0.96,0.12
2024-03-25 17:1:46.0380,-0.92,-2.77,-1.28,0.22,-0.65,0.32
2024-03-25 17:1:46.0480,-0.75,-3.17,-0.61,0.25,-0.34,0.43
2024-03-25 17:1:46.0580,-0.43,-3.92,0.13,0.33,-0.18,0.4
2024-03-25 17:1:46.0680,0.0,-4.78,0.49,0.39,-0.18,0.18
2024-03-25 17:1:46.0780,0.52,-5.33,0.41,0.39,-0.22,-0.14
2024-03-25 17:1:46.0880,0.92,-5.34,-0.2,0.31,-0.15,-0.43
2024-03-25 17:1:46.0980,0.61,-4.96,-0.94,0.21,0.0,-0.57
2024-03-25 17:1:46.1080,-0.01,-4.16,-1.33,0.13,0.2,-0.57
2024-03-25 17:1:46.1180,-0.89,-3.49,-1.69,0.1,0.34,-0.45
2024-03-25 17:1:46.1280,-1.67,-2.35,-1.8,0.01,0.33,-0.31
2024-03-25 17:1:46.1380,-1.81,-1.41,-2.39,-0.17,0.2,-0.18
2024-03-25 17:1:46.1480,-1.77,-0.61,-3.01,-0.38,-0.03,-0.09
2024-03-25 17:1:46.1580,-1.57,0.09,-3.19,-0.55,-0.24,0.01
2024-03-25 17:1:46.1680,-1.53,0.5,-3.07,-0.64,-0.34,0.12
2024-03-25 17:1:46.1780,-1.42,0.69,-2.78,-0.63,-0.28,0.23
2024-03-25 17:1:46.1880,-1.09,0.79,-2.34,-0.57,-0.13,0.31
2024-03-25 17:1:46.1980,-0.72,0.63,-2.03,-0.5,0.02,0.36
2024-03-25 17:1:46.2080,-0.52,0.35,-1.79,-0.43,0.08,0.37
2024-03-25 17:1:46.2180,-0.4,0.01,-1.48,-0.36,0.07,0.33
2024-03-25 17:1:46.2280,-0.21,-0.38,-1.24,-0.3,-0.0,0.25
2024-03-25 17:1:46.2380,-0.01,-0.66,-1.18,-0.25,-0.1,0.16
2024-03-25 17:1:46.2480,0.11,-0.8,-1.27,-0.2,-0.18,0.08
2024-03-25 17:1:46.2580,0.18,-0.83,-1.48,-0.16,-0.23,0.01
2024-03-25 17:1:46.2680,0.2,-0.77,-1.88,-0.17,-0.26,-0.01
2024-03-25 17:1:46.2780,0.1,-0.6,-2.45,-0.22,-0.26,0.0
2024-03-25 17:1:46.2880,0.02,-0.38,-2.97,-0.3,-0.23,0.02
2024-03-25 17:1:46.2980,0.08,-0.25,-3.36,-0.4,-0.2,0.05
2024-03-25 17:1:46.3080,0.12,-0.21,-3.51,-0.48,-0.15,0.09
2024-03-25 17:1:46.3180,0.2,-0.22,-3.38,-0.55,-0.09,0.09
2024-03-25 17:1:46.3280,0.4,-0.32,-3.04,-0.58,-0.0,0.08
2024-03-25 17:1:46.3380,0.48,-0.47,-2.4,-0.56,0.08,0.05
2024-03-25 17:1:46.3480,0.4,-0.5,-1.72,-0.51,0.13,0.02
2024-03-25 17:1:46.3580,0.28,-0.4,-1.15,-0.48,0.12,-0.02
2024-03-25 17:1:46.3680,0.06,-0.18,-0.74,-0.48,0.06,-0.06
2024-03-25 17:1:46.3780,-0.15,0.21,-0.52,-0.51,-0.01,-0.08
2024-03-25 17:1:46.3880,-0.3,0.69,-0.18,-0.51,-0.08,-0.08
2024-03-25 17:1:46.3980,-0.45,1.08,0.34,-0.47,-0.09,-0.08
2024-03-25 17:1:46.4080,-0.48,1.37,0.95,-0.38,-0.04,-0.09
2024-03-25 17:1:46.4180,-0.42,1.54,1.55,-0.25,0.04,-0.12
2024-03-25 17:1:46.4280,-0.37,1.73,2.1,-0.1,0.09,-0.19
2024-03-25 17:1:46.4370,-0.46,1.89,2.5,0.04,0.08,-0.26
2024-03-25 17:1:46.4480,-0.8,2.16,2.81,0.15,0.0,-0.3
2024-03-25 17:1:46.4580,-1.2,2.46,2.9,0.21,-0.15,-0.31
2024-03-25 17:1:46.4670,-1.44,2.89,2.85,0.23,-0.31,-0.28
2024-03-25 17:1:46.4770,-1.59,3.19,2.67,0.23,-0.41,-0.23
2024-03-25 17:1:46.4880,-1.57,3.3,2.6,0.26,-0.43,-0.17
2024-03-25 17:1:46.4970,-1.4,3.21,2.7,0.33,-0.4,-0.14
2024-03-25 17:1:46.5070,-1.13,2.97,2.79,0.41,-0.36,-0.15
2024-03-25 17:1:46.5170,-0.81,2.57,2.71,0.5,-0.32,-0.2
2024-03-25 17:1:46.5270,-0.62,2.19,2.63,0.59,-0.33,-0.27
2024-03-25 17:1:46.5380,-0.57,1.89,2.51,0.66,-0.39,-0.35
2024-03-25 17:1:46.5470,-0.54,1.62,2.18,0.69,-0.47,-0.42
2024-03-25 17:1:46.5570,-0.47,1.45,1.69,0.66,-0.53,-0.45
2024-03-25 17:1:46.5670,-0.52,1.33,1.32,0.67,-0.56,-0.47
2024-03-25 17:1:46.5780,-0.41,1.25,1.23,0.71,-0.56,-0.49
2024-03-25 17:1:46.5870,-0.15,1.11,1.1,0.77,-0.53,-0.53
2024-03-25 17:1:46.5970,0.26,1.04,0.78,0.78,-0.48,-0.6
2024-03-25 17:1:46.6070,0.68,1.19,0.29,0.67,-0.39,-0.62
2024-03-25 17:1:46.6170,0.69,1.38,-0.29,0.48,-0.21,-0.5
2024-03-25 17:1:46.6270,0.2,1.17,-0.29,0.36,0.02,-0.29
2024-03-25 17:1:46.6370,-0.23,0.47,0.66,0.41,0.2,-0.07
2024-03-25 17:1:46.6470,-0.24,-0.75,1.84,0.55,0.21,-0.0
2024-03-25 17:1:46.6570,0.23,-1.93,2.06,0.59,0.02,-0.05
2024-03-25 17:1:46.6670,0.57,-2.81,1.2,0.53,-0.27,-0.17
2024-03-25 17:1:46.6770,0.85,-3.29,0.24,0.39,-0.54,-0.31
2024-03-25 17:1:46.6870,0.97,-3.46,-0.42,0.31,-0.63,-0.4
2024-03-25 17:1:46.6970,0.92,-3.37,-0.62,0.29,-0.53,-0.41
2024-03-25 17:1:46.7070,0.79,-3.07,-0.7,0.27,-0.28,-0.34
2024-03-25 17:1:46.7180,0.68,-2.78,-0.99,0.17,0.03,-0.24
2024-03-25 17:1:46.7270,0.64,-2.58,-1.29,0.01,0.32,-0.14
2024-03-25 17:1:46.7370,0.42,-2.61,-1.2,-0.18,0.49,-0.05
2024-03-25 17:1:46.7470,0.12,-2.78,-0.61,-0.34,0.56,0.02
2024-03-25 17:1:46.7570,-0.13,-2.97,0.19,-0.46,0.57,0.05
2024-03-25 17:1:46.7670,-0.21,-3.18,1.03,-0.53,0.47,-0.01
2024-03-25 17:1:46.7770,-0.07,-3.19,1.86,-0.5,0.31,-0.13
2024-03-25 17:1:46.7870,0.14,-2.81,2.63,-0.39,0.17,-0.27
2024-03-25 17:1:46.7970,0.19,-2.31,2.98,-0.25,0.09,-0.37
2024-03-25 17:1:46.8070,0.04,-1.76,2.78,-0.13,0.04,-0.42
2024-03-25 17:1:46.8170,-0.12,-1.14,2.03,-0.07,0.04,-0.43
2024-03-25 17:1:46.8270,-0.27,-0.58,0.95,-0.07,0.06,-0.4
2024-03-25 17:1:46.8370,-0.38,-0.07,-0.05,-0.1,0.12,-0.33
2024-03-25 17:1:46.8470,-0.51,0.26,-0.78,-0.11,0.19,-0.25
2024-03-25 17:1:46.8570,-0.6,0.42,-1.25,-0.12,0.26,-0.16
2024-03-25 17:1:46.8670,-0.58,0.43,-1.6,-0.11,0.31,-0.09
2024-03-25 17:1:46.8770,-0.57,0.38,-1.87,-0.08,0.27,-0.01
2024-03-25 17:1:46.8870,-0.77,0.24,-1.98,-0.05,0.18,0.08
2024-03-25 17:1:46.8970,-0.83,0.18,-2.23,-0.07,0.07,0.15
2024-03-25 17:1:46.9070,-0.74,-0.02,-2.87,-0.14,-0.03,0.22
2024-03-25 17:1:46.9170,-0.67,-0.28,-3.38,-0.2,-0.09,0.3
2024-03-25 17:1:46.9270,-0.7,-0.57,-3.59,-0.23,-0.09,0.41
2024-03-25 17:1:46.9370,-0.84,-0.91,-3.66,-0.24,-0.05,0.53
2024-03-25 17:1:46.9470,-0.98,-1.28,-3.76,-0.25,0.01,0.64
2024-03-25 17:1:46.9570,-1.04,-1.56,-3.95,-0.27,0.04,0.71
2024-03-25 17:1:46.9670,-1.06,-1.69,-4.07,-0.29,-0.06,0.75
2024-03-25 17:1:46.9770,-1.05,-1.59,-4.04,-0.34,-0.24,0.76
2024-03-25 17:1:46.9870,-0.96,-1.35,-4.12,-0.41,-0.37,0.81
2024-03-25 17:1:46.9970,-0.87,-0.98,-4.02,-0.46,-0.42,0.87
2024-03-25 17:1:47.0070,-0.55,-0.5,-3.83,-0.53,-0.35,0.93
2024-03-25 17:1:47.0170,-0.12,-0.24,-3.8,-0.6,-0.13,0.96
2024-03-25 17:1:47.0270,0.46,-0.07,-3.46,-0.62,0.15,0.97
2024-03-25 17:1:47.0370,0.86,-0.03,-2.6,-0.6,0.45,0.94
2024-03-25 17:1:47.0470,1.38,-0.01,-1.5,-0.53,0.66,0.8
2024-03-25 17:1:47.0570,2.17,-0.18,-0.18,-0.38,0.74,0.51
2024-03-25 17:1:47.0670,2.82,-0.2,1.19,-0.23,0.7,0.19
2024-03-25 17:1:47.0770,2.82,-0.06,2.2,-0.08,0.61,-0.09
2024-03-25 17:1:47.0870,2.56,0.33,2.95,0.05,0.5,-0.28
2024-03-25 17:1:47.0970,1.87,0.92,3.41,0.13,0.42,-0.28
2024-03-25 17:1:47.1070,0.82,1.7,3.7,0.18,0.39,-0.14
2024-03-25 17:1:47.1170,0.25,2.5,4.08,0.2,0.36,0.03
2024-03-25 17:1:47.1270,0.24,2.99,4.31,0.15,0.31,0.16
2024-03-25 17:1:47.1370,0.53,3.16,4.34,0.11,0.27,0.25
2024-03-25 17:1:47.1470,0.78,3.0,4.75,0.17,0.25,0.3
2024-03-25 17:1:47.1570,0.94,2.65,5.57,0.33,0.22,0.29
2024-03-25 17:1:47.1670,1.07,2.22,6.07,0.5,0.16,0.24
2024-03-25 17:1:47.1770,1.15,1.86,5.86,0.57,0.05,0.18
2024-03-25 17:1:47.1870,1.05,1.65,4.98,0.55,-0.07,0.13
2024-03-25 17:1:47.1970,0.83,1.56,4.22,0.54,-0.16,0.09
2024-03-25 17:1:47.2070,0.72,1.6,3.91,0.57,-0.17,0.03
2024-03-25 17:1:47.2170,0.83,1.68,3.73,0.64,-0.11,-0.06
2024-03-25 17:1:47.2270,0.94,1.73,3.45,0.75,0.01,-0.15
2024-03-25 17:1:47.2370,0.68,1.76,3.26,0.92,0.14,-0.22
2024-03-25 17:1:47.2470,0.22,1.85,3.24,1.11,0.2,-0.28
2024-03-25 17:1:47.2570,-0.44,1.87,2.94,1.24,0.19,-0.27
2024-03-25 17:1:47.2670,-1.17,1.78,2.06,1.26,0.12,-0.19
2024-03-25 17:1:47.2770,-1.87,1.42,0.89,1.17,0.01,-0.03
2024-03-25 17:1:47.2870,-2.33,0.82,-0.06,1.04,-0.09,0.18
2024-03-25 17:1:47.2970,-2.56,-0.05,-0.62,0.93,-0.16,0.39
2024-03-25 17:1:47.3070,-2.51,-1.11,-1.0,0.83,-0.2,0.55
2024-03-25 17:1:47.3170,-2.18,-2.05,-1.41,0.71,-0.24,0.66
2024-03-25 17:1:47.3270,-1.72,-2.93,-1.91,0.59,-0.27,0.71
2024-03-25 17:1:47.3370,-1.39,-3.65,-2.3,0.43,-0.26,0.76
2024-03-25 17:1:47.3470,-1.36,-4.18,-2.59,0.26,-0.19,0.85
2024-03-25 17:1:47.3570,-1.43,-4.64,-2.64,0.12,-0.08,0.91
2024-03-25 17:1:47.3670,-1.3,-5.07,-2.53,-0.01,0.03,0.9
2024-03-25 17:1:47.3770,-1.06,-5.45,-2.43,-0.12,0.1,0.82
2024-03-25 17:1:47.3870,-0.8,-5.6,-2.46,-0.23,0.12,0.67
2024-03-25 17:1:47.3970,-0.55,-5.49,-2.52,-0.31,0.13,0.46
2024-03-25 17:1:47.4070,-0.17,-5.02,-2.51,-0.36,0.13,0.22
2024-03-25 17:1:47.4170,-0.03,-4.09,-2.52,-0.39,0.17,0.1
2024-03-25 17:1:47.4270,-0.41,-2.9,-2.55,-0.44,0.22,0.09
2024-03-25 17:1:47.4370,-0.82,-1.75,-2.8,-0.52,0.29,0.17
2024-03-25 17:1:47.4470,-1.12,-0.92,-3.0,-0.62,0.38,0.31
2024-03-25 17:1:47.4570,-1.32,-0.21,-2.89,-0.71,0.45,0.49
2024-03-25 17:1:47.4670,-1.34,0.23,-2.54,-0.76,0.49,0.63
2024-03-25 17:1:47.4770,-0.94,0.34,-1.94,-0.77,0.47,0.67
2024-03-25 17:1:47.4870,-0.38,0.16,-1.42,-0.76,0.43,0.65
2024-03-25 17:1:47.4970,0.09,-0.13,-0.83,-0.66,0.38,0.57
2024-03-25 17:1:47.5070,0.48,-0.31,0.07,-0.49,0.32,0.48
2024-03-25 17:1:47.5170,0.56,-0.27,0.67,-0.35,0.23,0.42
2024-03-25 17:1:47.5270,0.38,-0.04,0.61,-0.28,0.15,0.43
2024-03-25 17:1:47.5370,0.02,0.16,0.27,-0.26,0.07,0.49
2024-03-25 17:1:47.5470,-0.2,0.4,-0.04,-0.28,-0.01,0.57
2024-03-25 17:1:47.5570,-0.2,0.48,-0.37,-0.31,-0.09,0.62
2024-03-25 17:1:47.5670,0.03,0.37,-0.53,-0.31,-0.16,0.62
2024-03-25 17:1:47.5770,0.36,0.29,-0.57,-0.29,-0.19,0.58
2024-03-25 17:1:47.5870,0.66,0.19,-0.7,-0.26,-0.18,0.52
2024-03-25 17:1:47.5970,0.8,0.13,-0.87,-0.22,-0.14,0.45
2024-03-25 17:1:47.6070,0.78,0.1,-1.01,-0.22,-0.07,0.36
2024-03-25 17:1:47.6170,0.7,0.06,-1.29,-0.27,0.01,0.28
2024-03-25 17:1:47.6270,0.59,-0.01,-1.58,-0.32,0.08,0.21
2024-03-25 17:1:47.6370,0.41,-0.03,-1.47,-0.32,0.15,0.16
2024-03-25 17:1:47.6470,0.26,-0.02,-0.95,-0.26,0.19,0.1
2024-03-25 17:1:47.6570,0.17,0.11,-0.62,-0.2,0.24,0.03
2024-03-25 17:1:47.6670,0.11,0.26,-0.69,-0.16,0.21,-0.03
2024-03-25 17:1:47.6770,-0.06,0.48,-0.83,-0.18,0.15,-0.07
2024-03-25 17:1:47.6870,-0.36,0.7,-1.07,-0.24,0.05,-0.06
2024-03-25 17:1:47.6970,-0.72,0.9,-1.1,-0.29,-0.03,0.04
2024-03-25 17:1:47.7070,-1.02,1.06,-0.81,-0.33,-0.11,0.14
2024-03-25 17:1:47.7170,-0.86,1.13,-0.57,-0.34,-0.19,0.19
2024-03-25 17:1:47.7270,-0.48,1.04,-0.42,-0.31,-0.25,0.17
2024-03-25 17:1:47.7370,0.02,0.9,-0.17,-0.2,-0.28,0.08
2024-03-25 17:1:47.7470,0.36,0.87,0.13,-0.04,-0.3,-0.04
2024-03-25 17:1:47.7560,0.46,1.06,0.33,0.09,-0.31,-0.16
2024-03-25 17:1:47.7670,0.35,1.46,0.06,0.12,-0.32,-0.22
2024-03-25 17:1:47.7770,-0.06,2.02,-0.43,0.09,-0.28,-0.2
2024-03-25 17:1:47.7870,-0.53,2.55,-0.57,0.06,-0.19,-0.13
2024-03-25 17:1:47.7970,-0.86,2.84,-0.27,0.06,-0.08,-0.05
2024-03-25 17:1:47.8070,-1.06,2.9,0.29,0.09,0.02,-0.0
2024-03-25 17:1:47.8170,-1.08,2.75,0.81,0.15,0.07,0.01
2024-03-25 17:1:47.8270,-1.14,2.46,1.34,0.24,0.06,-0.02
2024-03-25 17:1:47.8370,-1.13,2.17,1.85,0.33,0.02,-0.06
2024-03-25 17:1:47.8470,-1.26,1.91,2.16,0.42,-0.08,-0.09
2024-03-25 17:1:47.8570,-1.41,1.65,2.44,0.55,-0.21,-0.13
2024-03-25 17:1:47.8670,-1.41,1.47,2.57,0.67,-0.32,-0.17
2024-03-25 17:1:47.8770,-1.37,1.28,2.24,0.78,-0.4,-0.2
2024-03-25 17:1:47.8870,-1.29,1.17,1.72,0.89,-0.43,-0.22
2024-03-25 17:1:47.8970,-0.93,1.01,1.3,1.04,-0.49,-0.31
2024-03-25 17:1:47.9070,-0.16,0.99,1.06,1.12,-0.52,-0.43
2024-03-25 17:1:47.9160,0.53,1.1,0.53,1.1,-0.46,-0.47
2024-03-25 17:1:47.9260,0.78,1.27,-0.05,0.97,-0.2,-0.42
2024-03-25 17:1:47.9370,1.01,1.25,-0.51,0.74,0.26,-0.22
2024-03-25 17:1:47.9470,0.79,0.83,-0.28,0.62,0.68,0.08
2024-03-25 17:1:47.9570,0.08,0.04,1.41,0.6,0.83,0.42
2024-03-25 17:1:47.9670,-0.71,-1.21,2.78,0.57,0.6,0.69
2024-03-25 17:1:47.9760,-0.69,-2.48,3.22,0.51,0.02,0.72
2024-03-25 17:1:47.9860,0.43,-3.44,3.01,0.39,-0.69,0.49
2024-03-25 17:1:47.9960,2.04,-3.61,2.02,0.14,-1.21,0.19
2024-03-25 17:1:48.0060,3.01,-3.3,0.56,-0.15,-1.34,-0.01
2024-03-25 17:1:48.0160,3.17,-2.77,-0.33,-0.38,-1.04,-0.11
2024-03-25 17:1:48.0270,2.9,-2.36,-0.28,-0.46,-0.38,-0.06
2024-03-25 17:1:48.0360,1.92,-2.23,0.67,-0.41,0.29,0.08
2024-03-25 17:1:48.0470,0.97,-2.28,1.8,-0.42,0.63,0.14
2024-03-25 17:1:48.0560,0.6,-2.54,1.92,-0.58,0.59,0.05
2024-03-25 17:1:48.0660,0.44,-2.74,1.53,-0.76,0.36,-0.13
2024-03-25 17:1:48.0760,0.31,-2.57,1.76,-0.79,0.09,-0.31
2024-03-25 17:1:48.0860,0.14,-2.05,2.27,-0.73,-0.04,-0.45
2024-03-25 17:1:48.0970,0.0,-1.43,2.06,-0.62,-0.02,-0.53
2024-03-25 17:1:48.1060,-0.2,-0.87,1.45,-0.48,0.07,-0.55
2024-03-25 17:1:48.1160,-0.49,-0.29,0.74,-0.35,0.15,-0.51
2024-03-25 17:1:48.1260,-0.81,0.18,-0.24,-0.27,0.19,-0.43
2024-03-25 17:1:48.1360,-1.08,0.5,-1.21,-0.21,0.15,-0.32
2024-03-25 17:1:48.1460,-1.37,0.66,-1.94,-0.2,0.07,-0.2
2024-03-25 17:1:48.1570,-1.53,0.69,-2.62,-0.22,0.02,-0.05
2024-03-25 17:1:48.1660,-1.55,0.52,-3.15,-0.25,0.02,0.08
2024-03-25 17:1:48.1760,-1.35,0.26,-3.38,-0.25,0.04,0.17
2024-03-25 17:1:48.1860,-1.0,-0.07,-3.34,-0.21,0.06,0.2
2024-03-25 17:1:48.1960,-0.67,-0.39,-3.19,-0.14,0.08,0.19
2024-03-25 17:1:48.2060,-0.45,-0.57,-3.12,-0.08,0.09,0.18
2024-03-25 17:1:48.2160,-0.4,-0.6,-3.16,-0.06,0.07,0.18
2024-03-25 17:1:48.2260,-0.39,-0.5,-3.47,-0.1,0.06,0.21
2024-03-25 17:1:48.2360,-0.44,-0.38,-3.79,-0.18,0.05,0.27
2024-03-25 17:1:48.2460,-0.45,-0.26,-3.76,-0.24,0.06,0.33
2024-03-25 17:1:48.2560,-0.34,-0.21,-3.48,-0.3,0.1,0.38
2024-03-25 17:1:48.2660,-0.21,-0.23,-3.11,-0.34,0.17,0.43
2024-03-25 17:1:48.2760,-0.06,-0.22,-2.56,-0.36,0.25,0.44
2024-03-25 17:1:48.2860,0.23,-0.25,-1.77,-0.36,0.31,0.42
2024-03-25 17:1:48.2960,0.43,-0.19,-1.01,-0.36,0.37,0.41
2024-03-25 17:1:48.3060,0.3,-0.07,-0.27,-0.34,0.42,0.42
2024-03-25 17:1:48.3160,0.14,0.07,0.55,-0.28,0.44,0.43
2024-03-25 17:1:48.3260,0.0,0.17,1.34,-0.23,0.46,0.44
2024-03-25 17:1:48.3360,-0.16,0.29,1.79,-0.21,0.48,0.47
2024-03-25 17:1:48.3460,-0.32,0.38,2.06,-0.19,0.48,0.51
2024-03-25 17:1:48.3560,-0.46,0.42,2.43,-0.16,0.44,0.54
2024-03-25 17:1:48.3660,-0.53,0.45,2.95,-0.06,0.4,0.54
2024-03-25 17:1:48.3760,-0.39,0.39,3.51,0.14,0.35,0.5
2024-03-25 17:1:48.3860,-0.22,0.2,4.17,0.4,0.3,0.42
2024-03-25 17:1:48.3960,-0.16,0.03,4.34,0.62,0.23,0.31
2024-03-25 17:1:48.4060,-0.13,0.11,3.81,0.74,0.13,0.21
2024-03-25 17:1:48.4160,-0.16,0.58,2.83,0.68,0.0,0.16
2024-03-25 17:1:48.4260,-0.75,0.85,1.61,0.41,-0.11,0.27
2024-03-25 17:1:48.4360,-1.72,0.98,0.73,0.11,-0.15,0.58
2024-03-25 17:1:48.4460,-2.36,0.78,1.18,0.07,-0.14,0.87
2024-03-25 17:1:48.4560,-1.89,-0.12,2.76,0.24,-0.16,0.92
2024-03-25 17:1:48.4660,-0.55,-1.46,3.54,0.41,-0.21,0.76
2024-03-25 17:1:48.4760,0.42,-2.4,2.85,0.46,-0.27,0.55
2024-03-25 17:1:48.4860,0.61,-2.69,1.65,0.38,-0.24,0.42
2024-03-25 17:1:48.4960,0.18,-2.65,0.54,0.24,-0.11,0.42
2024-03-25 17:1:48.5060,-0.61,-2.42,0.06,0.13,0.05,0.52
2024-03-25 17:1:48.5160,-1.24,-2.25,0.03,0.02,0.15,0.6
2024-03-25 17:1:48.5260,-1.41,-2.07,-0.21,-0.17,0.18,0.64
2024-03-25 17:1:48.5360,-1.25,-1.94,-0.75,-0.36,0.18,0.62
2024-03-25 17:1:48.5460,-1.02,-1.66,-0.83,-0.49,0.2,0.6
2024-03-25 17:1:48.5560,-0.94,-1.29,-0.54,-0.55,0.3,0.58
2024-03-25 17:1:48.5660,-0.86,-0.88,-0.16,-0.55,0.46,0.57
2024-03-25 17:1:48.5760,-0.83,-0.56,0.19,-0.49,0.68,0.57
2024-03-25 17:1:48.5860,-0.81,-0.33,0.53,-0.35,0.9,0.56
2024-03-25 17:1:48.5960,-0.79,-0.16,0.86,-0.16,1.09,0.54
2024-03-25 17:1:48.6060,-0.64,-0.03,0.94,0.04,1.21,0.48
2024-03-25 17:1:48.6160,-0.53,0.14,0.64,0.15,1.18,0.43
2024-03-25 17:1:48.6260,-0.69,0.28,-0.02,0.16,0.97,0.37
2024-03-25 17:1:48.6360,-0.93,0.47,-0.69,0.08,0.69,0.35
2024-03-25 17:1:48.6460,-1.15,0.64,-1.31,-0.02,0.4,0.37
2024-03-25 17:1:48.6560,-1.28,0.72,-1.63,-0.09,0.18,0.43
2024-03-25 17:1:48.6660,-1.26,0.69,-1.67,-0.08,0.06,0.51
2024-03-25 17:1:48.6760,-1.11,0.55,-1.64,-0.04,0.04,0.61
2024-03-25 17:1:48.6860,-0.85,0.36,-1.7,0.04,0.05,0.65
2024-03-25 17:1:48.6960,-0.32,0.12,-1.97,0.11,0.04,0.65
2024-03-25 17:1:48.7060,0.24,-0.07,-2.32,0.14,0.04,0.61
2024-03-25 17:1:48.7160,0.62,-0.15,-2.8,0.12,0.04,0.58
2024-03-25 17:1:48.7260,0.82,-0.18,-3.18,0.09,0.05,0.55
2024-03-25 17:1:48.7360,1.0,-0.17,-3.28,0.04,0.09,0.53
2024-03-25 17:1:48.7460,1.13,-0.17,-3.31,-0.03,0.16,0.54
2024-03-25 17:1:48.7560,1.14,-0.21,-3.13,-0.1,0.2,0.54
2024-03-25 17:1:48.7660,1.18,-0.32,-2.58,-0.11,0.19,0.5
2024-03-25 17:1:48.7760,1.37,-0.46,-1.79,-0.08,0.13,0.4
2024-03-25 17:1:48.7860,1.59,-0.46,-1.16,-0.03,0.02,0.25
2024-03-25 17:1:48.7960,1.85,-0.31,-0.89,0.01,-0.11,0.05
2024-03-25 17:1:48.8060,2.06,-0.09,-0.88,0.0,-0.18,-0.12
2024-03-25 17:1:48.8160,1.99,0.3,-1.17,-0.07,-0.16,-0.2
2024-03-25 17:1:48.8260,1.57,0.69,-1.33,-0.16,-0.05,-0.19
2024-03-25 17:1:48.8360,0.98,0.99,-1.03,-0.26,0.07,-0.11
2024-03-25 17:1:48.8460,0.52,1.12,-0.34,-0.32,0.13,-0.05
2024-03-25 17:1:48.8560,0.41,1.03,0.72,-0.3,0.11,-0.07
2024-03-25 17:1:48.8660,0.48,0.75,1.86,-0.2,0.03,-0.15
2024-03-25 17:1:48.8760,0.61,0.36,2.94,-0.0,-0.13,-0.33
2024-03-25 17:1:48.8860,0.97,0.19,3.74,0.2,-0.28,-0.55
2024-03-25 17:1:48.8960,1.17,0.33,3.69,0.3,-0.39,-0.73
2024-03-25 17:1:48.9060,1.03,0.87,2.93,0.26,-0.42,-0.81
2024-03-25 17:1:48.9160,0.58,1.56,2.11,0.1,-0.27,-0.73
2024-03-25 17:1:48.9260,-0.24,2.03,1.69,-0.15,0.07,-0.41
2024-03-25 17:1:48.9360,-1.43,2.04,1.94,-0.34,0.35,-0.0
2024-03-25 17:1:48.9460,-2.05,1.46,3.23,-0.41,0.43,0.28
2024-03-25 17:1:48.9560,-1.89,0.28,4.66,-0.38,0.3,0.37
2024-03-25 17:1:48.9660,-1.27,-1.04,5.59,-0.28,-0.07,0.2
2024-03-25 17:1:48.9760,-0.41,-2.1,5.84,-0.19,-0.53,-0.14
2024-03-25 17:1:48.9860,0.35,-2.6,5.36,-0.14,-0.85,-0.45
2024-03-25 17:1:48.9960,0.53,-2.73,4.69,0.02,-0.98,-0.66
2024-03-25 17:1:49.0060,0.35,-2.53,4.12,0.25,-0.97,-0.75
2024-03-25 17:1:49.0160,0.19,-2.14,2.96,0.42,-0.86,-0.8
2024-03-25 17:1:49.0260,0.42,-1.72,1.27,0.5,-0.71,-0.86
2024-03-25 17:1:49.0360,0.67,-1.26,-0.53,0.47,-0.52,-0.89
2024-03-25 17:1:49.0460,0.64,-0.89,-2.01,0.37,-0.3,-0.87
2024-03-25 17:1:49.0560,0.47,-0.52,-2.84,0.26,-0.07,-0.83
2024-03-25 17:1:49.0660,0.15,-0.26,-2.94,0.2,0.11,-0.72
2024-03-25 17:1:49.0760,-0.38,-0.12,-2.4,0.18,0.18,-0.6
2024-03-25 17:1:49.0860,-0.59,-0.02,-1.76,0.15,0.17,-0.52
2024-03-25 17:1:49.0960,-0.54,-0.01,-1.49,0.09,0.11,-0.49
2024-03-25 17:1:49.1060,-0.35,-0.01,-1.29,0.05,0.01,-0.48
2024-03-25 17:1:49.1160,-0.17,0.09,-0.95,0.05,-0.1,-0.47
2024-03-25 17:1:49.1260,-0.02,0.27,-0.64,0.06,-0.17,-0.44
2024-03-25 17:1:49.1360,0.1,0.45,-0.67,0.07,-0.22,-0.38
2024-03-25 17:1:49.1460,0.16,0.65,-0.81,0.07,-0.26,-0.29
2024-03-25 17:1:49.1560,0.26,0.79,-0.99,0.05,-0.28,-0.2
2024-03-25 17:1:49.1660,0.48,0.84,-1.21,-0.0,-0.29,-0.11
2024-03-25 17:1:49.1760,0.77,0.75,-1.28,-0.02,-0.28,-0.05
2024-03-25 17:1:49.1860,1.13,0.47,-1.0,0.01,-0.24,-0.03
2024-03-25 17:1:49.1960,1.58,0.08,-0.73,0.04,-0.13,-0.04
2024-03-25 17:1:49.2060,1.9,-0.31,-0.68,0.07,0.02,-0.07
2024-03-25 17:1:49.2160,1.96,-0.68,-0.59,0.12,0.18,-0.12
2024-03-25 17:1:49.2260,1.83,-0.96,-0.59,0.13,0.29,-0.16
2024-03-25 17:1:49.2360,1.37,-1.2,-0.72,0.12,0.31,-0.17
2024-03-25 17:1:49.2460,0.78,-1.31,-0.89,0.1,0.25,-0.15
2024-03-25 17:1:49.2560,0.31,-1.46,-1.0,0.08,0.13,-0.14
2024-03-25 17:1:49.2660,0.1,-1.62,-1.12,0.06,0.0,-0.16
2024-03-25 17:1:49.2760,0.13,-1.82,-1.53,0.04,-0.09,-0.2
2024-03-25 17:1:49.2860,0.18,-1.96,-2.03,0.04,-0.1,-0.26
2024-03-25 17:1:49.2960,0.33,-2.02,-2.54,0.05,-0.07,-0.34
2024-03-25 17:1:49.3060,0.37,-2.03,-3.05,0.06,0.01,-0.4
2024-03-25 17:1:49.3150,0.19,-1.89,-3.53,0.03,0.07,-0.44
2024-03-25 17:1:49.3260,-0.13,-1.58,-4.02,-0.05,0.08,-0.43
2024-03-25 17:1:49.3360,-0.37,-1.06,-4.33,-0.17,0.02,-0.39
2024-03-25 17:1:49.3460,-0.55,-0.5,-4.39,-0.31,-0.06,-0.33
2024-03-25 17:1:49.3560,-0.65,-0.02,-4.32,-0.43,-0.09,-0.24
2024-03-25 17:1:49.3660,-0.64,0.32,-4.05,-0.5,0.01,-0.15
2024-03-25 17:1:49.3750,-0.63,0.41,-3.44,-0.51,0.18,-0.07
2024-03-25 17:1:49.3850,-0.54,0.52,-2.53,-0.48,0.33,-0.04
2024-03-25 17:1:49.3960,-0.26,0.89,-1.58,-0.4,0.35,-0.07
2024-03-25 17:1:49.4050,0.15,1.58,-0.56,-0.32,0.23,-0.14
2024-03-25 17:1:49.4150,0.51,2.51,0.22,-0.34,0.04,-0.18
2024-03-25 17:1:49.4250,0.61,3.3,0.46,-0.42,-0.12,-0.18
2024-03-25 17:1:49.4350,0.61,3.93,1.02,-0.4,-0.12,-0.12
2024-03-25 17:1:49.4460,0.53,4.41,2.23,-0.27,0.05,-0.01
2024-03-25 17:1:49.4550,0.53,4.72,3.52,-0.08,0.27,0.09
2024-03-25 17:1:49.4650,0.92,4.94,4.41,0.14,0.38,0.09
2024-03-25 17:1:49.4750,1.48,5.08,4.81,0.3,0.32,0.02
2024-03-25 17:1:49.4850,1.7,5.05,4.83,0.39,0.14,-0.05
2024-03-25 17:1:49.4950,1.49,4.82,4.53,0.41,-0.1,-0.09
2024-03-25 17:1:49.5050,1.41,4.6,4.1,0.37,-0.34,-0.12
2024-03-25 17:1:49.5150,1.52,4.43,3.36,0.27,-0.48,-0.16
2024-03-25 17:1:49.5250,1.72,4.11,2.37,0.16,-0.48,-0.2
2024-03-25 17:1:49.5350,2.0,3.69,1.7,0.13,-0.35,-0.27
2024-03-25 17:1:49.5450,2.33,3.28,1.39,0.13,-0.14,-0.35
2024-03-25 17:1:49.5560,2.38,2.87,1.07,0.14,0.07,-0.41
2024-03-25 17:1:49.5660,2.06,2.4,0.64,0.09,0.18,-0.45
2024-03-25 17:1:49.5750,1.57,1.9,0.23,0.01,0.14,-0.49
2024-03-25 17:1:49.5850,1.31,1.52,0.09,-0.05,0.0,-0.58
2024-03-25 17:1:49.5950,1.4,1.15,0.19,-0.1,-0.19,-0.76
2024-03-25 17:1:49.6050,1.71,0.65,0.1,-0.2,-0.32,-0.86
2024-03-25 17:1:49.6150,1.26,-0.27,-0.16,-0.3,-0.39,-0.85
2024-03-25 17:1:49.6250,0.87,-1.16,0.36,-0.25,-0.44,-0.85
2024-03-25 17:1:49.6350,1.07,-2.09,1.53,-0.04,-0.39,-0.91
2024-03-25 17:1:49.6450,1.38,-3.04,2.44,0.18,-0.26,-0.99
2024-03-25 17:1:49.6560,1.29,-3.72,2.46,0.19,-0.08,-1.0
2024-03-25 17:1:49.6650,0.63,-4.2,1.78,0.02,0.15,-0.87
2024-03-25 17:1:49.6750,-0.52,-4.59,1.89,-0.08,0.2,-0.66
2024-03-25 17:1:49.6850,-1.52,-5.04,3.52,0.08,-0.0,-0.59
2024-03-25 17:1:49.6960,-1.64,-5.39,5.37,0.38,-0.4,-0.67
2024-03-25 17:1:49.7050,-1.5,-5.5,5.56,0.55,-0.82,-0.81
2024-03-25 17:1:49.7160,-1.5,-5.06,4.1,0.53,-1.04,-0.86
2024-03-25 17:1:49.7250,-1.66,-4.24,2.39,0.41,-1.01,-0.82
2024-03-25 17:1:49.7360,-1.84,-3.55,1.32,0.33,-0.77,-0.7
2024-03-25 17:1:49.7450,-1.92,-2.85,1.07,0.31,-0.45,-0.53
2024-03-25 17:1:49.7560,-2.13,-2.37,0.93,0.28,-0.2,-0.33
2024-03-25 17:1:49.7650,-2.24,-1.94,0.64,0.18,-0.12,-0.16
2024-03-25 17:1:49.7750,-2.19,-1.54,0.02,-0.01,-0.19,-0.06
2024-03-25 17:1:49.7850,-1.88,-1.19,-0.63,-0.23,-0.33,-0.02
2024-03-25 17:1:49.7950,-1.48,-0.9,-0.91,-0.38,-0.43,-0.02
2024-03-25 17:1:49.8050,-1.07,-0.67,-0.74,-0.43,-0.39,-0.01
2024-03-25 17:1:49.8150,-0.74,-0.43,-0.54,-0.41,-0.22,0.02
2024-03-25 17:1:49.8250,-0.46,-0.27,-0.55,-0.38,-0.01,0.04
2024-03-25 17:1:49.8350,-0.17,-0.22,-0.65,-0.36,0.17,0.04
2024-03-25 17:1:49.8450,0.13,-0.29,-0.84,-0.36,0.31,-0.01
2024-03-25 17:1:49.8550,0.5,-0.44,-1.0,-0.34,0.4,-0.09
2024-03-25 17:1:49.8650,0.73,-0.58,-1.07,-0.29,0.45,-0.16
2024-03-25 17:1:49.8750,0.61,-0.74,-0.88,-0.17,0.41,-0.2
2024-03-25 17:1:49.8850,0.26,-0.77,-0.35,-0.02,0.3,-0.19
2024-03-25 17:1:49.8950,-0.07,-0.77,-0.02,0.08,0.17,-0.18
2024-03-25 17:1:49.9050,-0.02,-0.76,-0.38,0.08,0.12,-0.17
2024-03-25 17:1:49.9150,0.05,-0.77,-0.95,0.05,0.17,-0.15
2024-03-25 17:1:49.9250,0.06,-0.77,-1.05,0.09,0.27,-0.13
2024-03-25 17:1:49.9350,0.22,-0.83,-0.64,0.21,0.38,-0.14
2024-03-25 17:1:49.9450,0.54,-1.14,-0.14,0.4,0.42,-0.25
2024-03-25 17:1:49.9550,0.92,-1.49,0.23,0.62,0.39,-0.4
2024-03-25 17:1:49.9650,1.21,-1.77,0.42,0.82,0.32,-0.56
2024-03-25 17:1:49.9750,1.15,-1.74,0.29,0.95,0.17,-0.67
2024-03-25 17:1:49.9850,0.68,-1.46,-0.22,0.98,0.02,-0.67
2024-03-25 17:1:49.9950,-0.08,-0.93,-0.77,0.95,-0.07,-0.57
2024-03-25 17:1:50.0050,-0.7,-0.28,-1.15,0.88,-0.15,-0.47
2024-03-25 17:1:50.0150,-0.87,0.09,-1.55,0.75,-0.25,-0.38
2024-03-25 17:1:50.0250,-0.78,0.34,-1.93,0.61,-0.4,-0.35
2024-03-25 17:1:50.0350,-0.64,0.5,-2.23,0.48,-0.55,-0.35
2024-03-25 17:1:50.0450,-0.6,0.63,-2.35,0.38,-0.65,-0.33
2024-03-25 17:1:50.0550,-0.64,0.76,-2.33,0.28,-0.71,-0.32
2024-03-25 17:1:50.0650,-0.67,0.93,-2.39,0.17,-0.76,-0.31
2024-03-25 17:1:50.0750,-0.73,1.14,-2.45,0.06,-0.8,-0.28
2024-03-25 17:1:50.0850,-0.81,1.28,-2.15,0.02,-0.8,-0.28
2024-03-25 17:1:50.0950,-0.61,1.35,-1.64,0.03,-0.73,-0.3
2024-03-25 17:1:50.1050,-0.32,1.33,-1.32,0.09,-0.55,-0.31
2024-03-25 17:1:50.1150,-0.09,1.38,-0.99,0.21,-0.36,-0.31
2024-03-25 17:1:50.1250,0.14,1.42,-0.66,0.33,-0.21,-0.31
2024-03-25 17:1:50.1350,0.41,1.42,-0.71,0.39,-0.13,-0.33
2024-03-25 17:1:50.1450,0.81,1.48,-1.02,0.38,-0.11,-0.37
2024-03-25 17:1:50.1550,1.19,1.51,-1.38,0.35,-0.08,-0.42
2024-03-25 17:1:50.1650,1.67,1.57,-1.43,0.31,0.06,-0.43
2024-03-25 17:1:50.1750,2.25,1.56,-1.23,0.24,0.36,-0.41
2024-03-25 17:1:50.1850,2.88,1.3,-1.06,0.1,0.73,-0.38
2024-03-25 17:1:50.1950,3.2,0.68,-0.88,-0.14,1.07,-0.33
2024-03-25 17:1:50.2050,3.16,-0.2,-0.12,-0.37,1.27,-0.33
2024-03-25 17:1:50.2150,3.21,-1.2,1.52,-0.45,1.2,-0.46
2024-03-25 17:1:50.2250,3.5,-2.08,3.66,-0.3,0.76,-0.69
2024-03-25 17:1:50.2350,3.67,-2.61,5.32,-0.03,0.14,-0.98
2024-03-25 17:1:50.2450,3.89,-2.68,5.7,0.15,-0.46,-1.28
2024-03-25 17:1:50.2550,4.14,-2.51,4.46,0.2,-0.79,-1.47
2024-03-25 17:1:50.2650,4.4,-1.84,2.64,0.15,-0.85,-1.58
2024-03-25 17:1:50.2750,4.64,-1.25,1.05,0.13,-0.77,-1.65
2024-03-25 17:1:50.2850,4.69,-0.77,0.23,0.12,-0.54,-1.64
2024-03-25 17:1:50.2950,4.55,-0.38,-0.31,0.1,-0.27,-1.59
2024-03-25 17:1:50.3050,4.3,-0.13,-0.81,0.02,-0.04,-1.5
2024-03-25 17:1:50.3150,4.01,-0.05,-1.25,-0.1,0.1,-1.42
2024-03-25 17:1:50.3250,3.61,-0.25,-1.4,-0.22,0.15,-1.35
2024-03-25 17:1:50.3350,3.16,-0.5,-1.17,-0.33,0.13,-1.27
2024-03-25 17:1:50.3450,2.79,-0.82,-0.84,-0.39,0.06,-1.22
2024-03-25 17:1:50.3550,2.61,-1.13,-0.51,-0.42,-0.02,-1.19
2024-03-25 17:1:50.3650,2.39,-1.42,-0.4,-0.43,-0.1,-1.17
2024-03-25 17:1:50.3750,2.23,-1.65,-0.38,-0.42,-0.16,-1.17
2024-03-25 17:1:50.3850,2.11,-1.79,-0.6,-0.44,-0.22,-1.18
2024-03-25 17:1:50.3950,1.9,-1.81,-1.18,-0.5,-0.21,-1.17
2024-03-25 17:1:50.4050,1.7,-1.71,-1.96,-0.6,-0.18,-1.15
2024-03-25 17:1:50.4150,1.54,-1.55,-2.82,-0.74,-0.13,-1.14
2024-03-25 17:1:50.4250,1.47,-1.39,-3.71,-0.92,-0.03,-1.13
2024-03-25 17:1:50.4350,1.31,-1.17,-4.43,-1.08,0.13,-1.11
2024-03-25 17:1:50.4450,0.96,-0.81,-4.93,-1.32,0.3,-1.03
2024-03-25 17:1:50.4550,0.45,-0.34,-5.58,-1.58,0.4,-0.9
2024-03-25 17:1:50.4650,-0.15,0.02,-5.69,-1.82,0.49,-0.71
2024-03-25 17:1:50.4750,-0.5,0.5,-5.14,-1.96,0.54,-0.5
2024-03-25 17:1:50.4850,-0.66,0.57,-4.25,-1.98,0.55,-0.35
2024-03-25 17:1:50.4950,-0.5,0.19,-2.85,-1.8,0.47,-0.32
2024-03-25 17:1:50.5050,-0.19,-0.5,-0.64,-1.38,0.29,-0.4
2024-03-25 17:1:50.5150,0.29,-1.11,2.04,-0.77,0.04,-0.6
2024-03-25 17:1:50.5250,0.98,-1.47,4.11,-0.16,-0.3,-0.92
2024-03-25 17:1:50.5350,1.52,-1.33,4.44,0.14,-0.62,-1.22
2024-03-25 17:1:50.5450,1.58,-0.73,2.94,0.08,-0.83,-1.34
2024-03-25 17:1:50.5550,1.14,0.14,1.48,-0.04,-0.86,-1.26
2024-03-25 17:1:50.5650,0.61,1.01,1.64,-0.01,-0.79,-1.05
2024-03-25 17:1:50.5750,0.23,1.37,2.63,0.14,-0.66,-0.81
2024-03-25 17:1:50.5850,0.3,1.31,3.41,0.33,-0.56,-0.66
2024-03-25 17:1:50.5950,0.88,1.02,3.56,0.48,-0.52,-0.62
2024-03-25 17:1:50.6050,1.27,0.51,3.28,0.57,-0.58,-0.66
2024-03-25 17:1:50.6150,1.51,0.18,2.92,0.58,-0.68,-0.79
2024-03-25 17:1:50.6250,1.71,-0.15,2.34,0.54,-0.74,-0.92
2024-03-25 17:1:50.6350,1.72,-0.24,1.95,0.47,-0.7,-1.02
2024-03-25 17:1:50.6450,1.47,-0.21,1.68,0.39,-0.53,-1.06
2024-03-25 17:1:50.6550,1.17,-0.06,1.51,0.34,-0.28,-1.05
2024-03-25 17:1:50.6650,0.91,0.24,1.6,0.34,0.0,-1.03
2024-03-25 17:1:50.6750,0.59,0.58,1.85,0.39,0.27,-0.99
2024-03-25 17:1:50.6850,0.31,0.84,2.09,0.47,0.48,-0.98
2024-03-25 17:1:50.6950,-0.02,1.07,2.33,0.57,0.57,-0.97
2024-03-25 17:1:50.7050,-0.51,1.26,2.48,0.66,0.54,-0.96
2024-03-25 17:1:50.7150,-1.1,1.35,2.48,0.7,0.36,-0.9
2024-03-25 17:1:50.7250,-1.81,1.37,2.34,0.65,0.1,-0.76
2024-03-25 17:1:50.7350,-2.23,1.25,1.83,0.56,-0.16,-0.6
2024-03-25 17:1:50.7450,-1.99,1.03,1.32,0.48,-0.32,-0.48
2024-03-25 17:1:50.7550,-1.29,0.45,0.9,0.48,-0.33,-0.41
2024-03-25 17:1:50.7650,-0.54,-0.33,0.65,0.55,-0.19,-0.35
2024-03-25 17:1:50.7750,-0.14,-1.2,0.46,0.64,0.02,-0.31
2024-03-25 17:1:50.7850,0.12,-2.09,0.1,0.7,0.18,-0.36
2024-03-25 17:1:50.7950,0.27,-2.8,-0.43,0.67,0.21,-0.43
2024-03-25 17:1:50.8050,-0.07,-3.04,-1.13,0.54,0.15,-0.43
2024-03-25 17:1:50.8150,-0.81,-3.01,-1.71,0.37,0.06,-0.33
2024-03-25 17:1:50.8250,-1.63,-2.97,-2.03,0.18,0.01,-0.2
2024-03-25 17:1:50.8340,-2.0,-2.78,-2.25,-0.03,-0.03,-0.07
2024-03-25 17:1:50.8450,-2.05,-2.54,-2.41,-0.23,-0.05,0.02
2024-03-25 17:1:50.8550,-1.8,-2.12,-2.36,-0.37,-0.06,0.06
2024-03-25 17:1:50.8650,-1.44,-1.68,-2.07,-0.42,-0.05,0.06
2024-03-25 17:1:50.8750,-1.13,-1.29,-1.73,-0.43,-0.0,0.06
2024-03-25 17:1:50.8850,-0.92,-0.89,-1.67,-0.42,0.08,0.08
2024-03-25 17:1:50.8940,-0.79,-0.46,-1.79,-0.42,0.17,0.1
2024-03-25 17:1:50.9040,-0.64,-0.08,-1.92,-0.44,0.23,0.13
2024-03-25 17:1:50.9140,-0.68,0.2,-2.08,-0.48,0.27,0.17
2024-03-25 17:1:50.9250,-0.79,0.37,-2.17,-0.51,0.31,0.23
2024-03-25 17:1:50.9340,-0.98,0.5,-2.07,-0.53,0.32,0.32
2024-03-25 17:1:50.9450,-1.09,0.58,-1.89,-0.53,0.3,0.39
2024-03-25 17:1:50.9550,-0.95,0.54,-1.72,-0.51,0.27,0.43
2024-03-25 17:1:50.9640,-0.59,0.51,-1.7,-0.52,0.27,0.42
2024-03-25 17:1:50.9740,-0.13,0.43,-1.88,-0.53,0.33,0.39
2024-03-25 17:1:50.9850,0.11,0.33,-1.82,-0.52,0.44,0.34
2024-03-25 17:1:50.9940,0.25,0.25,-1.48,-0.46,0.53,0.27
2024-03-25 17:1:51.0040,0.3,0.18,-0.97,-0.35,0.54,0.19
2024-03-25 17:1:51.0140,0.28,0.2,-0.66,-0.24,0.48,0.11
2024-03-25 17:1:51.0250,0.19,0.24,-0.64,-0.13,0.37,0.06
2024-03-25 17:1:51.0350,0.12,0.34,-0.74,-0.04,0.23,0.01
2024-03-25 17:1:51.0440,0.1,0.55,-0.98,0.0,0.15,-0.0
2024-03-25 17:1:51.0550,0.15,0.81,-1.44,0.03,0.15,0.02
2024-03-25 17:1:51.0640,0.22,1.16,-1.64,0.07,0.19,0.07
2024-03-25 17:1:51.0740,0.25,1.46,-1.54,0.12,0.23,0.13
2024-03-25 17:1:51.0840,0.33,1.67,-1.44,0.14,0.24,0.19
2024-03-25 17:1:51.0940,0.44,1.75,-1.53,0.14,0.22,0.25
2024-03-25 17:1:51.1040,0.56,1.69,-1.53,0.12,0.19,0.31
2024-03-25 17:1:51.1140,0.65,1.51,-1.17,0.12,0.1,0.35
2024-03-25 17:1:51.1240,0.8,1.34,-0.7,0.09,-0.01,0.36
2024-03-25 17:1:51.1340,1.02,1.11,-0.42,0.05,-0.13,0.35
2024-03-25 17:1:51.1440,1.25,0.96,-0.11,-0.01,-0.2,0.3
2024-03-25 17:1:51.1540,1.59,0.79,0.14,-0.06,-0.22,0.23
2024-03-25 17:1:51.1640,1.92,0.65,0.52,-0.04,-0.17,0.12
2024-03-25 17:1:51.1740,2.05,0.48,1.2,0.06,-0.08,0.02
2024-03-25 17:1:51.1840,1.72,0.25,1.88,0.23,0.04,-0.04
2024-03-25 17:1:51.1940,1.32,-0.24,2.31,0.44,0.21,-0.11
2024-03-25 17:1:51.2040,1.36,-0.83,2.49,0.67,0.38,-0.25
2024-03-25 17:1:51.2140,1.82,-1.18,2.73,0.88,0.43,-0.48
2024-03-25 17:1:51.2240,2.42,-0.97,2.6,0.95,0.34,-0.77
2024-03-25 17:1:51.2340,2.91,-0.3,1.85,0.86,0.13,-1.09
2024-03-25 17:1:51.2440,2.96,0.81,1.05,0.6,-0.07,-1.3
2024-03-25 17:1:51.2540,2.04,1.72,0.35,0.21,-0.07,-1.27
2024-03-25 17:1:51.2640,0.62,2.33,0.38,-0.15,0.16,-0.98
2024-03-25 17:1:51.2740,-0.78,2.66,1.63,-0.31,0.41,-0.52
2024-03-25 17:1:51.2840,-1.77,2.23,3.67,-0.33,0.43,-0.17
2024-03-25 17:1:51.2940,-1.73,1.4,4.91,-0.35,0.22,-0.04
2024-03-25 17:1:51.3040,-1.12,0.51,5.0,-0.36,-0.16,-0.09
2024-03-25 17:1:51.3140,-0.32,-0.23,4.97,-0.28,-0.45,-0.21
2024-03-25 17:1:51.3240,0.05,-0.97,5.23,-0.14,-0.52,-0.29
2024-03-25 17:1:51.3340,0.02,-1.71,5.04,0.01,-0.46,-0.35
2024-03-25 17:1:51.3440,-0.03,-2.12,4.35,0.11,-0.36,-0.38
2024-03-25 17:1:51.3540,-0.14,-2.28,3.27,0.14,-0.28,-0.38
2024-03-25 17:1:51.3640,-0.35,-2.23,2.08,0.12,-0.25,-0.36
2024-03-25 17:1:51.3740,-0.56,-1.99,0.93,0.02,-0.25,-0.29
2024-03-25 17:1:51.3840,-0.79,-1.72,-0.19,-0.11,-0.26,-0.19
2024-03-25 17:1:51.3940,-0.85,-1.49,-1.02,-0.23,-0.28,-0.11
2024-03-25 17:1:51.4040,-0.66,-1.35,-1.48,-0.29,-0.29,-0.1
2024-03-25 17:1:51.4140,-0.31,-1.18,-1.68,-0.28,-0.27,-0.12
2024-03-25 17:1:51.4240,-0.02,-0.95,-1.83,-0.23,-0.23,-0.17
2024-03-25 17:1:51.4340,0.12,-0.69,-2.03,-0.17,-0.2,-0.2
2024-03-25 17:1:51.4440,0.18,-0.44,-2.3,-0.1,-0.13,-0.21
2024-03-25 17:1:51.4540,0.22,-0.14,-2.63,-0.07,-0.06,-0.2
2024-03-25 17:1:51.4640,0.25,0.16,-3.03,-0.06,-0.02,-0.17
2024-03-25 17:1:51.4740,0.27,0.44,-3.18,-0.05,0.02,-0.11
2024-03-25 17:1:51.4840,0.27,0.64,-3.16,-0.03,0.03,-0.06
2024-03-25 17:1:51.4940,0.4,0.79,-3.2,-0.04,0.03,-0.02
2024-03-25 17:1:51.5040,0.48,0.84,-3.44,-0.09,0.02,0.04
2024-03-25 17:1:51.5140,0.35,0.77,-3.51,-0.12,0.0,0.11
2024-03-25 17:1:51.5240,0.34,0.7,-3.31,-0.12,0.02,0.18
2024-03-25 17:1:51.5340,0.49,0.49,-2.89,-0.05,0.06,0.21
2024-03-25 17:1:51.5440,0.8,0.18,-2.33,0.08,0.05,0.15
2024-03-25 17:1:51.5540,1.24,-0.06,-1.84,0.2,-0.01,0.03
2024-03-25 17:1:51.5640,1.59,-0.14,-1.79,0.22,-0.08,-0.09
2024-03-25 17:1:51.5740,1.63,-0.12,-2.06,0.2,-0.11,-0.19
2024-03-25 17:1:51.5840,1.52,0.0,-2.0,0.18,-0.1,-0.23
2024-03-25 17:1:51.5940,1.11,0.14,-1.64,0.19,-0.02,-0.18
2024-03-25 17:1:51.6040,0.37,0.32,-1.06,0.22,0.06,-0.07
2024-03-25 17:1:51.6140,-0.19,0.44,-0.62,0.21,0.06,0.03
2024-03-25 17:1:51.6240,-0.36,0.42,-0.73,0.13,-0.03,0.08
2024-03-25 17:1:51.6340,-0.42,0.3,-0.92,0.05,-0.15,0.06
2024-03-25 17:1:51.6440,-0.39,0.12,-0.98,-0.01,-0.24,0.01
2024-03-25 17:1:51.6540,-0.27,-0.05,-0.96,-0.06,-0.21,-0.1
2024-03-25 17:1:51.6640,-0.06,-0.14,-0.95,-0.11,-0.12,-0.22
2024-03-25 17:1:51.6740,-0.12,-0.04,-0.88,-0.17,0.04,-0.3
2024-03-25 17:1:51.6840,-0.24,0.35,-0.58,-0.23,0.32,-0.35
2024-03-25 17:1:51.6940,-0.38,0.68,-0.13,-0.22,0.65,-0.32
2024-03-25 17:1:51.7040,-0.76,0.86,0.91,-0.08,1.01,-0.26
2024-03-25 17:1:51.7140,-0.78,0.91,2.38,0.25,1.22,-0.29
2024-03-25 17:1:51.7240,-0.67,0.78,3.92,0.63,1.09,-0.43
2024-03-25 17:1:51.7340,-0.72,0.54,4.34,0.69,0.7,-0.61
2024-03-25 17:1:51.7440,-0.99,0.49,2.97,0.23,0.28,-0.61
2024-03-25 17:1:51.7540,-1.68,0.33,1.51,-0.37,-0.05,-0.42
2024-03-25 17:1:51.7640,-1.3,0.91,2.54,-0.58,-0.22,-0.14
2024-03-25 17:1:51.7740,-1.03,0.41,5.37,-0.42,-0.21,0.09
2024-03-25 17:1:51.7840,-0.71,-1.13,7.18,-0.19,-0.11,0.22
2024-03-25 17:1:51.7940,-0.36,-2.19,7.11,-0.17,-0.05,0.31
2024-03-25 17:1:51.8040,-0.52,-3.09,5.84,-0.27,-0.1,0.34
2024-03-25 17:1:51.8140,-0.63,-3.85,5.01,-0.29,-0.29,0.25
2024-03-25 17:1:51.8240,-0.73,-4.48,4.83,-0.15,-0.51,0.06
2024-03-25 17:1:51.8340,-0.91,-4.69,4.62,0.07,-0.7,-0.14
2024-03-25 17:1:51.8440,-1.2,-4.26,3.55,0.19,-0.8,-0.27
2024-03-25 17:1:51.8540,-1.54,-3.43,1.59,0.19,-0.83,-0.34
2024-03-25 17:1:51.8640,-1.8,-2.4,-0.35,0.1,-0.74,-0.33
2024-03-25 17:1:51.8740,-2.04,-1.25,-1.77,0.0,-0.55,-0.19
2024-03-25 17:1:51.8840,-2.64,-0.26,-2.55,-0.06,-0.33,0.05
2024-03-25 17:1:51.8940,-3.0,0.36,-2.9,-0.09,-0.17,0.29
2024-03-25 17:1:51.9040,-2.95,0.78,-3.2,-0.14,-0.12,0.46
2024-03-25 17:1:51.9140,-2.64,0.82,-3.56,-0.22,-0.14,0.58
2024-03-25 17:1:51.9240,-2.3,0.75,-3.88,-0.27,-0.13,0.68
2024-03-25 17:1:51.9340,-2.19,0.32,-3.81,-0.27,-0.08,0.74
2024-03-25 17:1:51.9440,-1.97,-0.02,-3.56,-0.25,-0.01,0.8
2024-03-25 17:1:51.9540,-1.81,-0.3,-3.46,-0.26,0.04,0.84
2024-03-25 17:1:51.9640,-1.45,-0.55,-3.45,-0.25,0.11,0.83
2024-03-25 17:1:51.9740,-0.88,-0.68,-3.3,-0.22,0.18,0.74
2024-03-25 17:1:51.9840,-0.26,-0.69,-3.15,-0.17,0.25,0.62
2024-03-25 17:1:51.9940,0.13,-0.48,-3.0,-0.11,0.31,0.51
2024-03-25 17:1:52.0040,0.13,-0.13,-2.71,-0.06,0.36,0.46
2024-03-25 17:1:52.0140,-0.04,0.32,-2.46,-0.05,0.4,0.47
2024-03-25 17:1:52.0240,-0.29,0.74,-2.31,-0.08,0.42,0.51
2024-03-25 17:1:52.0340,-0.31,1.13,-2.06,-0.12,0.42,0.57
2024-03-25 17:1:52.0440,-0.28,1.41,-1.68,-0.14,0.39,0.63
2024-03-25 17:1:52.0540,-0.16,1.68,-1.19,-0.11,0.34,0.66
2024-03-25 17:1:52.0640,0.09,1.74,-0.63,-0.02,0.26,0.63
2024-03-25 17:1:52.0740,0.47,1.85,-0.04,0.08,0.16,0.54
2024-03-25 17:1:52.0840,0.97,2.0,0.05,0.14,0.07,0.42
2024-03-25 17:1:52.0940,1.23,2.24,-0.26,0.12,0.03,0.34
2024-03-25 17:1:52.1040,1.16,2.52,-0.49,0.06,0.06,0.32
2024-03-25 17:1:52.1140,0.85,2.83,-0.31,-0.04,0.12,0.4
2024-03-25 17:1:52.1240,0.52,2.95,0.18,-0.12,0.15,0.52
2024-03-25 17:1:52.1340,0.42,2.77,1.03,-0.14,0.12,0.59
2024-03-25 17:1:52.1440,0.57,2.24,2.05,-0.05,0.04,0.58
2024-03-25 17:1:52.1540,0.98,1.45,3.25,0.2,-0.09,0.41
2024-03-25 17:1:52.1640,1.76,0.56,4.47,0.56,-0.3,0.03
2024-03-25 17:1:52.1740,2.57,0.06,4.95,0.9,-0.49,-0.38
2024-03-25 17:1:52.1840,2.52,-0.03,4.67,1.2,-0.6,-0.67
2024-03-25 17:1:52.1940,1.73,0.41,4.27,1.5,-0.77,-0.87
2024-03-25 17:1:52.2040,1.3,1.68,3.74,1.67,-0.93,-0.95
2024-03-25 17:1:52.2140,1.21,3.27,2.62,1.68,-1.02,-0.9
2024-03-25 17:1:52.2240,1.5,4.87,1.09,1.39,-0.74,-0.68
2024-03-25 17:1:52.2340,1.33,5.32,-0.37,0.85,0.01,-0.19
2024-03-25 17:1:52.2430,0.46,4.43,-0.67,0.27,1.03,0.46
2024-03-25 17:1:52.2540,0.14,2.57,1.38,0.01,1.45,0.8
2024-03-25 17:1:52.2640,0.61,-0.02,4.57,0.03,1.25,0.8
2024-03-25 17:1:52.2740,0.88,-2.53,7.37,0.14,0.59,0.6
2024-03-25 17:1:52.2840,0.96,-4.3,8.15,0.28,-0.14,0.24
2024-03-25 17:1:52.2940,0.98,-4.85,7.09,0.3,-0.54,0.11
2024-03-25 17:1:52.3040,0.36,-4.37,4.72,0.22,-0.58,0.22
2024-03-25 17:1:52.3140,-0.49,-3.77,2.14,0.14,-0.48,0.39
2024-03-25 17:1:52.3240,-0.64,-3.21,-0.1,-0.0,-0.25,0.58
2024-03-25 17:1:52.3330,-0.49,-3.08,-2.11,-0.14,0.01,0.71
2024-03-25 17:1:52.3440,-0.1,-3.05,-3.33,-0.24,0.26,0.69
2024-03-25 17:1:52.3540,0.44,-2.87,-4.25,-0.42,0.48,0.6
2024-03-25 17:1:52.3640,0.45,-2.57,-5.29,-0.77,0.53,0.54
2024-03-25 17:1:52.3740,-0.12,-2.21,-6.0,-1.16,0.41,0.49
2024-03-25 17:1:52.3840,-0.61,-1.94,-5.66,-1.43,0.2,0.43
2024-03-25 17:1:52.3930,-0.68,-1.63,-4.42,-1.52,0.04,0.37
2024-03-25 17:1:52.4030,-0.55,-1.47,-3.15,-1.47,0.03,0.32
2024-03-25 17:1:52.4130,-0.4,-1.47,-2.36,-1.34,0.2,0.29
2024-03-25 17:1:52.4230,-0.26,-1.43,-1.87,-1.14,0.44,0.27
2024-03-25 17:1:52.4330,-0.08,-1.1,-1.46,-0.96,0.63,0.27
2024-03-25 17:1:52.4430,0.02,-0.71,-1.35,-0.78,0.7,0.27
2024-03-25 17:1:52.4540,-0.06,-0.49,-1.35,-0.66,0.63,0.27
2024-03-25 17:1:52.4630,-0.24,-0.45,-1.56,-0.57,0.43,0.26
2024-03-25 17:1:52.4730,-0.48,-0.64,-1.59,-0.43,0.14,0.23
2024-03-25 17:1:52.4830,-0.4,-0.73,-1.25,-0.29,-0.14,0.13
2024-03-25 17:1:52.4930,0.05,-0.75,-1.36,-0.19,-0.33,0.01
2024-03-25 17:1:52.5030,0.6,-0.5,-1.82,-0.15,-0.42,-0.09
2024-03-25 17:1:52.5130,0.8,-0.05,-2.36,-0.17,-0.39,-0.1
2024-03-25 17:1:52.5230,0.47,0.25,-2.62,-0.16,-0.25,0.01
2024-03-25 17:1:52.5330,-0.01,0.48,-2.34,-0.08,-0.07,0.17
2024-03-25 17:1:52.5430,-0.22,0.62,-1.89,0.01,0.07,0.31
2024-03-25 17:1:52.5530,-0.17,0.49,-1.78,0.12,0.1,0.39
2024-03-25 17:1:52.5630,0.11,0.21,-1.36,0.24,-0.04,0.34
2024-03-25 17:1:52.5730,0.72,-0.01,-1.15,0.27,-0.24,0.17
2024-03-25 17:1:52.5830,1.34,-0.13,-1.6,0.18,-0.38,-0.05
2024-03-25 17:1:52.5930,1.74,-0.15,-2.22,0.02,-0.42,-0.25
2024-03-25 17:1:52.6030,1.53,-0.17,-2.45,-0.16,-0.36,-0.38
2024-03-25 17:1:52.6130,0.83,-0.23,-2.09,-0.25,-0.18,-0.38
2024-03-25 17:1:52.6230,-0.4,-0.5,-0.97,-0.23,0.12,-0.25
2024-03-25 17:1:52.6330,-1.46,-0.79,0.69,-0.06,0.47,-0.08
2024-03-25 17:1:52.6430,-1.76,-1.09,2.6,0.24,0.68,-0.05
2024-03-25 17:1:52.6530,-1.25,-1.32,4.02,0.51,0.65,-0.17
2024-03-25 17:1:52.6630,-0.57,-1.25,4.4,0.72,0.45,-0.42
2024-03-25 17:1:52.6730,-0.07,-0.82,4.12,0.77,0.16,-0.7
2024-03-25 17:1:52.6830,0.16,-0.25,3.2,0.68,-0.1,-0.91
2024-03-25 17:1:52.6930,-0.18,0.31,2.54,0.59,-0.27,-0.98
2024-03-25 17:1:52.7030,-0.75,1.1,2.64,0.53,-0.33,-0.89
2024-03-25 17:1:52.7130,-1.6,1.6,2.69,0.39,-0.22,-0.62
2024-03-25 17:1:52.7230,-2.58,1.39,2.4,0.17,-0.05,-0.22
2024-03-25 17:1:52.7330,-2.76,1.17,2.59,0.03,0.09,0.14
2024-03-25 17:1:52.7430,-1.87,1.02,3.48,0.05,0.18,0.36
2024-03-25 17:1:52.7530,-0.83,0.11,4.5,0.21,0.2,0.39
2024-03-25 17:1:52.7630,0.28,-0.85,5.03,0.41,0.13,0.26
2024-03-25 17:1:52.7730,0.83,-1.41,4.59,0.47,-0.03,0.14
2024-03-25 17:1:52.7830,0.3,-1.78,3.14,0.3,-0.15,0.13
2024-03-25 17:1:52.7930,-0.59,-1.97,1.53,0.07,-0.15,0.2
2024-03-25 17:1:52.8030,-1.1,-1.97,0.77,-0.1,-0.03,0.31
2024-03-25 17:1:52.8130,-1.44,-1.95,0.73,-0.15,0.14,0.42
2024-03-25 17:1:52.8230,-1.62,-1.94,0.87,-0.16,0.27,0.49
2024-03-25 17:1:52.8330,-1.67,-1.9,0.72,-0.17,0.3,0.47
2024-03-25 17:1:52.8430,-1.48,-1.84,0.33,-0.16,0.25,0.38
2024-03-25 17:1:52.8530,-1.25,-1.61,0.0,-0.12,0.15,0.26
2024-03-25 17:1:52.8630,-1.23,-1.17,-0.34,-0.08,0.05,0.18
2024-03-25 17:1:52.8730,-1.39,-0.53,-0.96,-0.06,-0.05,0.19
2024-03-25 17:1:52.8830,-1.56,0.3,-1.67,-0.08,-0.12,0.27
2024-03-25 17:1:52.8930,-1.73,1.02,-2.34,-0.11,-0.12,0.44
2024-03-25 17:1:52.9030,-1.87,1.35,-2.72,-0.12,-0.03,0.64
2024-03-25 17:1:52.9130,-1.67,1.31,-2.79,-0.09,0.08,0.79
2024-03-25 17:1:52.9230,-1.24,0.93,-2.83,-0.05,0.17,0.86
2024-03-25 17:1:52.9330,-0.75,0.42,-2.89,0.01,0.2,0.85
2024-03-25 17:1:52.9430,-0.3,-0.04,-2.79,0.1,0.12,0.81
2024-03-25 17:1:52.9530,-0.36,-0.46,-2.53,0.19,-0.1,0.76
2024-03-25 17:1:52.9630,-0.51,-0.69,-2.52,0.18,-0.35,0.68
2024-03-25 17:1:52.9730,-0.59,-0.85,-3.08,0.09,-0.54,0.6
2024-03-25 17:1:52.9830,-0.56,-1.03,-3.51,-0.03,-0.59,0.5
2024-03-25 17:1:52.9930,-0.41,-1.17,-3.63,-0.12,-0.49,0.4
2024-03-25 17:1:53.0030,-0.26,-1.16,-3.36,-0.12,-0.25,0.31
2024-03-25 17:1:53.0130,-0.07,-0.96,-2.81,-0.01,0.04,0.2
2024-03-25 17:1:53.0230,-0.08,-0.61,-2.09,0.18,0.31,0.13
2024-03-25 17:1:53.0330,-0.28,-0.14,-1.52,0.33,0.51,0.08
2024-03-25 17:1:53.0430,-0.44,0.34,-1.22,0.42,0.57,0.07
2024-03-25 17:1:53.0530,-0.53,0.99,-0.92,0.43,0.5,0.09
2024-03-25 17:1:53.0630,-0.76,1.55,-0.82,0.36,0.32,0.17
2024-03-25 17:1:53.0730,-1.18,1.86,-0.61,0.28,0.13,0.28
2024-03-25 17:1:53.0830,-1.32,2.02,-0.27,0.18,-0.0,0.41
2024-03-25 17:1:53.0930,-1.23,1.91,0.1,0.18,-0.06,0.5
2024-03-25 17:1:53.1030,-0.77,1.61,0.83,0.26,-0.07,0.5
2024-03-25 17:1:53.1130,0.0,1.17,1.43,0.36,-0.05,0.42
2024-03-25 17:1:53.1230,0.67,0.73,1.63,0.41,-0.05,0.29
2024-03-25 17:1:53.1330,1.11,0.56,1.46,0.35,-0.03,0.17
2024-03-25 17:1:53.1430,1.22,0.48,1.27,0.28,0.02,0.09
2024-03-25 17:1:53.1530,1.1,0.34,1.75,0.32,0.02,0.01
2024-03-25 17:1:53.1630,1.11,0.25,2.94,0.46,-0.04,-0.1
2024-03-25 17:1:53.1730,1.29,0.25,3.69,0.59,-0.14,-0.24
2024-03-25 17:1:53.1830,1.49,0.32,3.69,0.68,-0.34,-0.43
2024-03-25 17:1:53.1930,1.76,0.61,3.45,0.7,-0.54,-0.64
2024-03-25 17:1:53.2030,2.02,1.12,2.99,0.65,-0.58,-0.78
2024-03-25 17:1:53.2130,1.9,1.58,2.44,0.51,-0.37,-0.74
2024-03-25 17:1:53.2230,1.33,1.77,2.02,0.38,-0.03,-0.52
2024-03-25 17:1:53.2330,0.67,1.77,2.58,0.38,0.25,-0.23
2024-03-25 17:1:53.2430,0.16,0.98,3.52,0.44,0.32,-0.02
2024-03-25 17:1:53.2530,0.01,-0.27,3.84,0.47,0.22,0.08
2024-03-25 17:1:53.2630,0.24,-1.46,3.53,0.48,-0.02,0.03
2024-03-25 17:1:53.2730,0.7,-2.23,3.22,0.5,-0.33,-0.1
2024-03-25 17:1:53.2830,0.96,-2.68,2.96,0.54,-0.57,-0.25
2024-03-25 17:1:53.2930,1.22,-2.66,2.37,0.57,-0.63,-0.35
2024-03-25 17:1:53.3030,1.21,-2.48,1.47,0.6,-0.53,-0.4
2024-03-25 17:1:53.3130,0.99,-2.13,0.53,0.53,-0.31,-0.37
2024-03-25 17:1:53.3230,0.54,-1.78,-0.81,0.33,-0.05,-0.26
2024-03-25 17:1:53.3330,-0.1,-1.5,-1.93,0.05,0.16,-0.12
2024-03-25 17:1:53.3440,-0.59,-1.41,-2.57,-0.26,0.25,0.01
2024-03-25 17:1:53.3530,-0.83,-1.61,-2.61,-0.51,0.21,0.05
2024-03-25 17:1:53.3630,-0.72,-1.84,-2.05,-0.67,0.06,-0.02
2024-03-25 17:1:53.3730,-0.36,-1.89,-1.42,-0.72,-0.11,-0.17
2024-03-25 17:1:53.3830,0.1,-1.8,-0.97,-0.68,-0.2,-0.33
2024-03-25 17:1:53.3930,0.32,-1.55,-0.65,-0.55,-0.18,-0.46
2024-03-25 17:1:53.4030,0.24,-1.18,-0.65,-0.42,-0.07,-0.51
2024-03-25 17:1:53.4130,-0.05,-0.75,-1.11,-0.33,0.11,-0.46
2024-03-25 17:1:53.4230,-0.43,-0.4,-1.64,-0.25,0.28,-0.36
2024-03-25 17:1:53.4330,-0.66,-0.24,-1.92,-0.19,0.34,-0.26
2024-03-25 17:1:53.4430,-0.73,-0.25,-2.22,-0.16,0.28,-0.19
2024-03-25 17:1:53.4530,-0.7,-0.4,-2.59,-0.13,0.16,-0.15
2024-03-25 17:1:53.4630,-0.55,-0.58,-2.79,-0.09,0.01,-0.13
2024-03-25 17:1:53.4730,-0.29,-0.73,-2.87,-0.04,-0.09,-0.14
2024-03-25 17:1:53.4830,0.03,-0.82,-3.21,-0.02,-0.12,-0.14
2024-03-25 17:1:53.4930,0.06,-0.88,-3.68,-0.04,-0.1,-0.1
2024-03-25 17:1:53.5030,-0.08,-0.9,-3.9,-0.04,-0.06,-0.05
2024-03-25 17:1:53.5130,-0.12,-0.83,-3.77,-0.03,-0.04,-0.0
2024-03-25 17:1:53.5230,-0.18,-0.72,-3.71,-0.07,-0.04,0.05
2024-03-25 17:1:53.5330,-0.37,-0.56,-3.78,-0.13,-0.08,0.12
2024-03-25 17:1:53.5430,-0.45,-0.3,-3.64,-0.19,-0.16,0.18
2024-03-25 17:1:53.5530,-0.48,-0.06,-3.23,-0.24,-0.27,0.22
2024-03-25 17:1:53.5630,-0.31,0.18,-2.78,-0.32,-0.35,0.25
2024-03-25 17:1:53.5730,-0.1,0.36,-2.4,-0.38,-0.38,0.25
2024-03-25 17:1:53.5830,0.2,0.55,-1.84,-0.4,-0.35,0.23
2024-03-25 17:1:53.5930,0.51,0.78,-1.23,-0.39,-0.28,0.21
2024-03-25 17:1:53.6030,0.72,1.05,-0.69,-0.37,-0.15,0.19
2024-03-25 17:1:53.6130,0.88,1.44,-0.26,-0.37,0.01,0.21
2024-03-25 17:1:53.6230,0.71,1.62,0.29,-0.39,0.15,0.23
2024-03-25 17:1:53.6330,0.63,1.83,0.94,-0.44,0.32,0.27
2024-03-25 17:1:53.6430,0.54,1.9,1.54,-0.47,0.48,0.31
2024-03-25 17:1:53.6530,0.4,1.94,2.51,-0.45,0.61,0.31
2024-03-25 17:1:53.6630,0.44,1.82,3.51,-0.38,0.66,0.27
2024-03-25 17:1:53.6730,0.52,1.63,4.27,-0.28,0.64,0.18
2024-03-25 17:1:53.6830,0.47,1.43,4.77,-0.17,0.54,0.08
2024-03-25 17:1:53.6930,0.32,1.31,5.0,-0.08,0.37,-0.02
2024-03-25 17:1:53.7030,0.26,1.51,4.86,-0.06,0.2,-0.09
2024-03-25 17:1:53.7130,0.1,1.79,4.3,-0.16,0.06,-0.1
2024-03-25 17:1:53.7230,-0.38,1.93,3.39,-0.37,0.03,0.01
2024-03-25 17:1:53.7330,-1.61,1.18,3.5,-0.52,0.09,0.23
2024-03-25 17:1:53.7430,-1.61,1.18,3.5,-0.45,0.16,0.44
2024-03-25 17:1:53.7530,-1.5,0.49,4.74,-0.25,0.24,0.54
2024-03-25 17:1:53.7630,-1.05,-0.53,5.08,-0.02,0.23,0.57
2024-03-25 17:1:53.7730,-0.9,-1.56,4.9,0.2,0.1,0.5
2024-03-25 17:1:53.7830,-0.75,-2.36,4.31,0.3,-0.07,0.4
2024-03-25 17:1:53.7930,-0.79,-2.9,3.21,0.3,-0.22,0.31
2024-03-25 17:1:53.8030,-0.87,-3.17,2.17,0.28,-0.31,0.24
2024-03-25 17:1:53.8130,-1.1,-3.31,1.46,0.28,-0.33,0.2
2024-03-25 17:1:53.8220,-1.33,-3.37,1.02,0.32,-0.29,0.17
2024-03-25 17:1:53.8320,-1.42,-3.34,0.47,0.36,-0.23,0.14
2024-03-25 17:1:53.8430,-1.47,-3.18,-0.33,0.35,-0.17,0.11
2024-03-25 17:1:53.8530,-1.48,-2.79,-1.28,0.28,-0.14,0.11
2024-03-25 17:1:53.8620,-1.52,-2.26,-2.17,0.18,-0.13,0.14
2024-03-25 17:1:53.8720,-1.5,-1.68,-2.95,0.03,-0.13,0.21
2024-03-25 17:1:53.8820,-1.45,-1.18,-3.59,-0.15,-0.09,0.32
2024-03-25 17:1:53.8920,-1.4,-0.81,-3.88,-0.29,-0.01,0.44
2024-03-25 17:1:53.9020,-1.07,-0.58,-3.89,-0.39,0.09,0.52
2024-03-25 17:1:53.9130,-0.69,-0.5,-3.71,-0.41,0.19,0.58
2024-03-25 17:1:53.9230,-0.46,-0.59,-3.28,-0.36,0.31,0.61
2024-03-25 17:1:53.9320,-0.25,-0.7,-2.87,-0.26,0.35,0.57
2024-03-25 17:1:53.9430,0.0,-0.76,-2.63,-0.19,0.34,0.53
2024-03-25 17:1:53.9520,0.06,-0.7,-2.8,-0.19,0.25,0.48
2024-03-25 17:1:53.9620,0.05,-0.46,-3.15,-0.25,0.13,0.47
2024-03-25 17:1:53.9720,-0.03,-0.22,-3.43,-0.31,0.04,0.49
2024-03-25 17:1:53.9820,-0.01,0.05,-3.5,-0.35,0.02,0.54
2024-03-25 17:1:53.9920,0.14,0.21,-3.37,-0.35,0.05,0.58
2024-03-25 17:1:54.0020,0.44,0.28,-3.23,-0.36,0.12,0.58
2024-03-25 17:1:54.0120,0.8,0.28,-3.22,-0.35,0.2,0.52
2024-03-25 17:1:54.0220,1.04,0.35,-3.06,-0.34,0.28,0.46
2024-03-25 17:1:54.0320,1.01,0.48,-2.71,-0.33,0.31,0.43
2024-03-25 17:1:54.0420,0.75,0.62,-2.23,-0.35,0.29,0.43
2024-03-25 17:1:54.0520,0.48,0.9,-1.72,-0.4,0.24,0.49
2024-03-25 17:1:54.0620,0.14,1.13,-1.26,-0.48,0.23,0.55
2024-03-25 17:1:54.0720,0.02,1.19,-0.74,-0.5,0.27,0.57
2024-03-25 17:1:54.0820,0.03,1.07,0.23,-0.4,0.31,0.53
2024-03-25 17:1:54.0920,-0.12,1.07,1.37,-0.2,0.29,0.45
2024-03-25 17:1:54.1020,-0.29,1.09,2.14,0.03,0.2,0.36
2024-03-25 17:1:54.1120,-0.54,1.2,2.46,0.19,0.04,0.27
2024-03-25 17:1:54.1220,-0.84,1.37,2.11,0.21,-0.11,0.24
2024-03-25 17:1:54.1320,-1.1,1.58,1.41,0.16,-0.23,0.27
2024-03-25 17:1:54.1420,-1.25,1.87,1.15,0.09,-0.31,0.34
2024-03-25 17:1:54.1520,-1.2,2.0,1.15,0.02,-0.33,0.42
2024-03-25 17:1:54.1620,-0.89,2.04,1.19,-0.05,-0.28,0.48
2024-03-25 17:1:54.1720,-0.47,1.89,1.24,-0.1,-0.16,0.51
2024-03-25 17:1:54.1820,0.01,1.42,1.75,-0.05,-0.03,0.48
2024-03-25 17:1:54.1920,0.46,0.8,2.84,0.05,0.02,0.39
2024-03-25 17:1:54.2020,0.83,0.29,3.57,0.12,-0.07,0.24
2024-03-25 17:1:54.2120,1.29,-0.04,3.64,0.13,-0.22,0.04
2024-03-25 17:1:54.2220,1.8,-0.04,3.38,0.07,-0.32,-0.13
2024-03-25 17:1:54.2320,1.78,-0.06,2.95,-0.05,-0.25,-0.19
2024-03-25 17:1:54.2420,1.38,-0.2,2.65,-0.17,-0.05,-0.15
2024-03-25 17:1:54.2520,0.98,-0.34,3.03,-0.17,0.13,-0.04
2024-03-25 17:1:54.2620,0.73,-0.72,3.9,-0.06,0.19,0.01
2024-03-25 17:1:54.2720,1.02,-1.25,4.54,0.07,0.08,-0.06
2024-03-25 17:1:54.2820,1.7,-1.6,4.24,0.13,-0.11,-0.2
2024-03-25 17:1:54.2920,2.16,-1.71,3.37,0.1,-0.29,-0.32
2024-03-25 17:1:54.3020,2.18,-1.84,2.56,0.1,-0.36,-0.38
2024-03-25 17:1:54.3120,2.07,-1.88,2.31,0.16,-0.34,-0.4
2024-03-25 17:1:54.3220,2.04,-1.96,2.19,0.22,-0.29,-0.41
2024-03-25 17:1:54.3320,2.21,-2.06,1.61,0.22,-0.24,-0.45
2024-03-25 17:1:54.3430,2.27,-2.1,0.69,0.13,-0.21,-0.46
2024-03-25 17:1:54.3520,2.03,-2.05,-0.29,-0.04,-0.16,-0.44
2024-03-25 17:1:54.3620,1.6,-1.99,-1.01,-0.24,-0.09,-0.39
2024-03-25 17:1:54.3720,1.23,-1.99,-1.38,-0.42,-0.03,-0.36
2024-03-25 17:1:54.3820,1.0,-2.13,-1.32,-0.51,-0.01,-0.38
2024-03-25 17:1:54.3920,0.9,-2.27,-0.89,-0.51,-0.02,-0.46
2024-03-25 17:1:54.4020,0.97,-2.17,-0.54,-0.45,-0.02,-0.59
2024-03-25 17:1:54.4120,1.12,-1.92,-0.39,-0.31,-0.04,-0.76
2024-03-25 17:1:54.4220,1.09,-1.56,-0.31,-0.15,-0.04,-0.89
2024-03-25 17:1:54.4320,0.76,-1.12,-0.6,-0.02,-0.03,-0.98
2024-03-25 17:1:54.4420,0.36,-0.68,-1.22,0.04,-0.0,-1.0
2024-03-25 17:1:54.4520,-0.07,-0.35,-1.98,0.07,0.02,-0.98
2024-03-25 17:1:54.4620,-0.36,0.01,-2.5,0.1,0.02,-0.92
2024-03-25 17:1:54.4720,-0.55,0.24,-2.83,0.12,0.01,-0.85
2024-03-25 17:1:54.4820,-0.65,0.44,-3.11,0.14,-0.02,-0.78
2024-03-25 17:1:54.4920,-0.69,0.48,-3.29,0.17,-0.07,-0.69
2024-03-25 17:1:54.5020,-0.59,0.73,-3.49,0.14,-0.13,-0.6
2024-03-25 17:1:54.5120,-0.44,0.82,-3.86,0.09,-0.17,-0.51
2024-03-25 17:1:54.5220,-0.24,0.91,-4.05,0.04,-0.16,-0.4
2024-03-25 17:1:54.5320,-0.05,0.92,-3.98,0.02,-0.11,-0.29
2024-03-25 17:1:54.5420,0.19,0.83,-3.8,0.01,-0.03,-0.19
2024-03-25 17:1:54.5520,0.48,0.67,-3.54,0.01,0.01,-0.13
2024-03-25 17:1:54.5620,0.85,0.6,-3.22,-0.04,-0.08,-0.08
2024-03-25 17:1:54.5720,1.12,0.75,-3.04,-0.06,-0.05,-0.07
2024-03-25 17:1:54.5820,1.36,0.87,-2.69,-0.08,-0.1,-0.05
2024-03-25 17:1:54.5920,1.41,0.95,-2.04,-0.11,-0.09,0.04
2024-03-25 17:1:54.6020,1.32,0.91,-1.33,-0.14,-0.05,0.14
2024-03-25 17:1:54.6120,1.25,0.75,-0.65,-0.14,-0.02,0.22
2024-03-25 17:1:54.6220,1.2,0.53,-0.08,-0.1,-0.01,0.21
2024-03-25 17:1:54.6320,1.26,0.29,0.46,-0.08,-0.15,0.11
2024-03-25 17:1:54.6420,1.44,0.07,0.77,-0.11,-0.33,-0.07
2024-03-25 17:1:54.6520,1.81,0.05,0.8,-0.24,-0.44,-0.22
2024-03-25 17:1:54.6620,1.76,-0.02,0.86,-0.36,-0.41,-0.34
2024-03-25 17:1:54.6720,1.66,-0.02,1.49,-0.37,-0.24,-0.42
2024-03-25 17:1:54.6820,1.41,0.04,2.63,-0.26,0.05,-0.46
2024-03-25 17:1:54.6920,1.03,0.11,3.76,-0.09,0.37,-0.53
2024-03-25 17:1:54.7020,0.82,0.09,4.59,0.1,0.6,-0.65
2024-03-25 17:1:54.7120,0.62,0.18,5.23,0.3,0.71,-0.78
2024-03-25 17:1:54.7220,0.03,0.32,5.84,0.52,0.68,-0.88
2024-03-25 17:1:54.7320,-0.78,0.56,6.4,0.78,0.54,-0.92
2024-03-25 17:1:54.7430,-1.57,1.05,6.7,1.0,0.32,-0.93
2024-03-25 17:1:54.7520,-2.1,1.62,6.25,1.11,0.09,-0.84
2024-03-25 17:1:54.7620,-2.68,2.1,5.21,1.06,-0.05,-0.6
2024-03-25 17:1:54.7720,-3.41,2.33,3.9,0.86,-0.11,-0.22
2024-03-25 17:1:54.7820,-3.86,2.12,2.8,0.64,-0.14,0.24
2024-03-25 17:1:54.7920,-3.72,1.2,2.35,0.56,-0.15,0.59
2024-03-25 17:1:54.8020,-2.76,-0.66,2.38,0.62,-0.21,0.71
2024-03-25 17:1:54.8120,-1.5,-2.63,2.11,0.68,-0.28,0.61
2024-03-25 17:1:54.8220,-0.29,-3.84,1.13,0.63,-0.3,0.39
2024-03-25 17:1:54.8320,0.44,-4.53,-0.04,0.56,-0.25,0.17
2024-03-25 17:1:54.8420,0.53,-4.72,-0.61,0.51,-0.1,0.02
2024-03-25 17:1:54.8520,0.14,-4.6,-0.85,0.47,0.13,-0.04
2024-03-25 17:1:54.8620,-0.41,-4.34,-1.04,0.41,0.34,-0.06
2024-03-25 17:1:54.8720,-1.12,-4.06,-1.41,0.32,0.48,-0.03
2024-03-25 17:1:54.8820,-1.77,-3.7,-1.7,0.24,0.52,0.01
2024-03-25 17:1:54.8920,-2.15,-3.16,-1.68,0.18,0.45,0.05
2024-03-25 17:1:54.9020,-2.32,-2.53,-1.76,0.11,0.29,0.11
2024-03-25 17:1:54.9120,-2.4,-1.91,-2.11,0.02,0.08,0.19
2024-03-25 17:1:54.9220,-2.33,-1.31,-2.62,-0.1,-0.12,0.29
2024-03-25 17:1:54.9320,-2.04,-0.81,-3.11,-0.21,-0.26,0.38
2024-03-25 17:1:54.9420,-1.64,-0.4,-3.52,-0.32,-0.27,0.5
2024-03-25 17:1:54.9520,-1.36,-0.19,-3.75,-0.38,-0.15,0.63
2024-03-25 17:1:54.9620,-1.08,-0.12,-3.55,-0.35,-0.0,0.73
2024-03-25 17:1:54.9720,-0.66,-0.12,-3.16,-0.27,0.09,0.76
2024-03-25 17:1:54.9820,-0.16,-0.18,-2.87,-0.18,0.12,0.72
2024-03-25 17:1:54.9920,0.36,-0.3,-2.74,-0.08,0.1,0.63
2024-03-25 17:1:55.0020,0.77,-0.3,-2.8,-0.01,0.05,0.53
2024-03-25 17:1:55.0120,0.91,-0.19,-3.01,-0.01,-0.04,0.45
2024-03-25 17:1:55.0220,0.97,0.06,-3.43,-0.09,-0.13,0.41
2024-03-25 17:1:55.0320,0.91,0.39,-3.75,-0.19,-0.19,0.44
2024-03-25 17:1:55.0420,0.78,0.69,-3.47,-0.27,-0.2,0.47
2024-03-25 17:1:55.0520,0.96,0.91,-3.03,-0.31,-0.17,0.51
2024-03-25 17:1:55.0620,1.22,0.95,-2.49,-0.29,-0.14,0.51
2024-03-25 17:1:55.0720,1.52,0.87,-1.84,-0.21,-0.1,0.46
2024-03-25 17:1:55.0820,1.96,0.65,-1.37,-0.13,-0.04,0.35
2024-03-25 17:1:55.0920,2.28,0.38,-1.2,-0.06,0.01,0.21
2024-03-25 17:1:55.1020,2.37,0.2,-1.17,-0.04,0.04,0.06
2024-03-25 17:1:55.1120,2.15,0.16,-1.16,-0.07,0.06,-0.05
2024-03-25 17:1:55.1220,1.74,0.17,-1.01,-0.09,0.08,-0.12
2024-03-25 17:1:55.1320,1.15,0.25,-0.37,-0.06,0.05,-0.12
2024-03-25 17:1:55.1420,0.59,0.44,0.35,-0.03,-0.01,-0.12
2024-03-25 17:1:55.1520,0.36,0.57,0.69,-0.02,-0.11,-0.14
2024-03-25 17:1:55.1620,0.31,0.65,0.81,-0.0,-0.24,-0.19
2024-03-25 17:1:55.1720,0.38,0.83,0.89,0.0,-0.34,-0.27
2024-03-25 17:1:55.1820,0.42,1.06,0.83,-0.03,-0.35,-0.31
2024-03-25 17:1:55.1920,0.28,1.29,0.68,-0.09,-0.25,-0.31
2024-03-25 17:1:55.2020,0.0,1.42,0.65,-0.21,-0.07,-0.23
2024-03-25 17:1:55.2120,-0.45,1.31,0.92,-0.32,0.12,-0.12
2024-03-25 17:1:55.2210,-0.84,0.98,1.7,-0.38,0.24,-0.07
2024-03-25 17:1:55.2320,-0.87,0.49,2.75,-0.4,0.29,-0.12
2024-03-25 17:1:55.2420,-0.74,0.06,3.62,-0.29,0.25,-0.27
2024-03-25 17:1:55.2520,-0.51,-0.16,4.75,-0.06,0.11,-0.5
2024-03-25 17:1:55.2620,-0.24,-0.07,5.56,0.21,-0.08,-0.78
2024-03-25 17:1:55.2720,-0.05,0.44,5.55,0.42,-0.33,-1.05
2024-03-25 17:1:55.2820,-0.21,1.23,4.66,0.5,-0.43,-1.13
2024-03-25 17:1:55.2920,-0.51,2.14,3.73,0.53,-0.34,-1.05
2024-03-25 17:1:55.3020,-0.94,2.73,3.09,0.52,-0.15,-0.79
2024-03-25 17:1:55.3110,-1.19,3.05,2.62,0.46,0.02,-0.46
2024-03-25 17:1:55.3220,-1.18,2.8,2.25,0.4,0.07,-0.19
2024-03-25 17:1:55.3310,-0.34,0.79,2.49,0.4,-0.0,-0.01
2024-03-25 17:1:55.3420,-0.34,0.79,2.49,0.42,-0.11,0.08
2024-03-25 17:1:55.3520,0.13,-0.41,2.47,0.46,-0.26,0.1
2024-03-25 17:1:55.3610,0.63,-1.39,2.34,0.51,-0.46,0.03
2024-03-25 17:1:55.3720,1.11,-2.03,2.05,0.55,-0.63,-0.06
2024-03-25 17:1:55.3810,1.46,-2.35,1.33,0.52,-0.74,-0.14
2024-03-25 17:1:55.3910,1.58,-2.38,0.39,0.45,-0.74,-0.18
2024-03-25 17:1:55.4010,1.61,-2.22,-0.51,0.32,-0.63,-0.17
2024-03-25 17:1:55.4110,1.5,-2.11,-1.27,0.15,-0.41,-0.13
2024-03-25 17:1:55.4210,1.24,-2.14,-1.93,-0.07,-0.14,-0.05
2024-03-25 17:1:55.4310,0.83,-2.33,-2.32,-0.31,0.07,0.03
2024-03-25 17:1:55.4410,0.46,-2.66,-2.25,-0.51,0.14,0.06
2024-03-25 17:1:55.4520,0.34,-3.12,-1.86,-0.65,0.12,-0.01
2024-03-25 17:1:55.4610,0.51,-3.54,-1.49,-0.72,0.06,-0.21
2024-03-25 17:1:55.4710,0.94,-3.72,-1.09,-0.68,0.01,-0.49
2024-03-25 17:1:55.4810,1.24,-3.54,-0.72,-0.55,0.01,-0.76
2024-03-25 17:1:55.4910,1.1,-3.04,-0.56,-0.39,0.07,-0.96
2024-03-25 17:1:55.5010,0.71,-2.44,-0.83,-0.25,0.15,-1.12
2024-03-25 17:1:55.5110,0.36,-1.8,-1.46,-0.17,0.21,-1.22
2024-03-25 17:1:55.5210,-0.01,-1.22,-2.13,-0.1,0.21,-1.23
2024-03-25 17:1:55.5310,-0.51,-0.6,-2.46,-0.02,0.16,-1.21
2024-03-25 17:1:55.5410,-0.93,-0.11,-2.49,0.06,0.05,-1.15
2024-03-25 17:1:55.5510,-1.06,0.36,-2.62,0.09,-0.08,-1.04
2024-03-25 17:1:55.5610,-1.24,0.69,-2.9,0.09,-0.22,-0.88
2024-03-25 17:1:55.5710,-1.4,0.96,-3.08,0.07,-0.34,-0.69
2024-03-25 17:1:55.5810,-1.45,1.03,-3.19,0.05,-0.41,-0.48
2024-03-25 17:1:55.5910,-1.48,0.99,-3.28,0.02,-0.39,-0.28
2024-03-25 17:1:55.6010,-1.16,0.89,-3.34,0.02,-0.31,-0.12
2024-03-25 17:1:55.6110,-0.67,0.77,-3.22,0.02,-0.24,-0.02
2024-03-25 17:1:55.6210,-0.31,0.71,-3.13,-0.02,-0.19,0.06
2024-03-25 17:1:55.6310,-0.17,0.63,-3.17,-0.09,-0.15,0.13
2024-03-25 17:1:55.6410,-0.03,0.49,-3.03,-0.16,-0.1,0.18
2024-03-25 17:1:55.6510,0.06,0.39,-2.62,-0.21,-0.03,0.21
2024-03-25 17:1:55.6610,0.18,0.26,-2.08,-0.25,0.02,0.21
2024-03-25 17:1:55.6710,0.29,0.26,-1.56,-0.31,0.08,0.2
2024-03-25 17:1:55.6810,0.3,0.36,-1.03,-0.35,0.18,0.18
2024-03-25 17:1:55.6910,0.38,0.6,-0.23,-0.36,0.36,0.16
2024-03-25 17:1:55.7010,0.37,0.83,0.77,-0.33,0.6,0.16
2024-03-25 17:1:55.7110,0.17,1.01,1.95,-0.27,0.79,0.15
2024-03-25 17:1:55.7210,-0.06,1.1,3.05,-0.19,0.85,0.12
2024-03-25 17:1:55.7310,-0.28,1.14,4.12,-0.06,0.78,0.07
2024-03-25 17:1:55.7410,-0.51,1.2,5.28,0.14,0.6,0.01
2024-03-25 17:1:55.7510,-0.64,1.28,6.13,0.35,0.36,-0.04
2024-03-25 17:1:55.7610,-0.74,1.38,6.25,0.5,0.18,-0.07
2024-03-25 17:1:55.7710,-0.8,1.54,5.68,0.59,0.1,-0.05
2024-03-25 17:1:55.7810,-0.81,1.66,5.03,0.72,0.1,-0.04
2024-03-25 17:1:55.7910,-0.58,1.82,4.71,0.83,0.16,-0.04
2024-03-25 17:1:55.8010,-0.47,1.91,4.1,0.85,0.25,0.02
2024-03-25 17:1:55.8110,-0.84,1.84,3.19,0.73,0.35,0.17
2024-03-25 17:1:55.8210,-1.61,1.46,2.36,0.57,0.42,0.45
2024-03-25 17:1:55.8310,-2.36,0.68,2.26,0.56,0.35,0.68
2024-03-25 17:1:55.8410,-2.09,-0.52,2.87,0.68,0.16,0.71
2024-03-25 17:1:55.8510,-1.18,-2.0,2.74,0.77,-0.09,0.59
2024-03-25 17:1:55.8610,-0.4,-3.06,1.57,0.72,-0.29,0.4
2024-03-25 17:1:55.8710,0.14,-3.73,0.07,0.57,-0.37,0.22
2024-03-25 17:1:55.8810,0.24,-4.04,-1.05,0.41,-0.29,0.12
2024-03-25 17:1:55.8910,0.0,-4.05,-1.51,0.23,-0.12,0.09
2024-03-25 17:1:55.9010,-0.43,-3.88,-1.91,0.0,0.13,0.13
2024-03-25 17:1:55.9110,-0.88,-3.72,-2.35,-0.27,0.32,0.2
2024-03-25 17:1:55.9210,-1.39,-3.64,-2.5,-0.53,0.38,0.27
2024-03-25 17:1:55.9310,-1.76,-3.66,-2.2,-0.71,0.36,0.28
2024-03-25 17:1:55.9410,-1.82,-3.67,-1.58,-0.76,0.28,0.22
2024-03-25 17:1:55.9510,-1.59,-3.43,-0.98,-0.7,0.16,0.12
2024-03-25 17:1:55.9610,-1.48,-2.86,-0.74,-0.65,0.02,0.05
2024-03-25 17:1:55.9710,-1.58,-2.15,-1.14,-0.62,-0.05,0.04
2024-03-25 17:1:55.9810,-1.73,-1.36,-1.74,-0.59,-0.04,0.09
2024-03-25 17:1:55.9910,-1.78,-0.67,-2.17,-0.53,0.04,0.16
2024-03-25 17:1:56.0010,-1.76,-0.19,-2.4,-0.44,0.15,0.24
2024-03-25 17:1:56.0110,-1.71,0.16,-2.68,-0.37,0.22,0.31
2024-03-25 17:1:56.0210,-1.68,0.5,-3.03,-0.31,0.23,0.39
2024-03-25 17:1:56.0310,-1.67,0.83,-3.3,-0.29,0.13,0.47
2024-03-25 17:1:56.0410,-1.71,1.11,-3.51,-0.3,-0.04,0.56
2024-03-25 17:1:56.0510,-1.79,1.38,-3.48,-0.3,-0.27,0.68
2024-03-25 17:1:56.0610,-1.92,1.51,-3.14,-0.28,-0.53,0.8
2024-03-25 17:1:56.0710,-1.83,1.56,-2.7,-0.27,-0.75,0.89
2024-03-25 17:1:56.0810,-1.33,1.45,-2.6,-0.27,-0.86,0.95
2024-03-25 17:1:56.0910,-0.73,1.18,-2.57,-0.23,-0.76,0.99
2024-03-25 17:1:56.1010,0.0,0.87,-2.35,-0.14,-0.43,1.03
2024-03-25 17:1:56.1110,0.61,0.52,-1.98,-0.03,-0.01,1.01
2024-03-25 17:1:56.1210,1.42,0.3,-1.58,0.08,0.32,0.92
2024-03-25 17:1:56.1310,1.9,0.1,-1.16,0.11,0.4,0.79
2024-03-25 17:1:56.1410,1.97,0.05,-0.82,0.09,0.27,0.64
2024-03-25 17:1:56.1510,1.83,0.17,-0.48,0.04,0.05,0.51
2024-03-25 17:1:56.1610,1.69,0.38,-0.05,-0.01,-0.15,0.39
2024-03-25 17:1:56.1710,1.65,0.63,0.32,-0.07,-0.25,0.29
2024-03-25 17:1:56.1810,1.61,0.87,0.58,-0.14,-0.23,0.22
2024-03-25 17:1:56.1910,1.47,1.11,0.98,-0.19,-0.1,0.2
2024-03-25 17:1:56.2010,1.3,1.25,1.61,-0.22,0.06,0.15
2024-03-25 17:1:56.2110,1.22,1.29,2.34,-0.21,0.21,0.09
2024-03-25 17:1:56.2210,1.12,1.23,3.17,-0.14,0.29,-0.02
2024-03-25 17:1:56.2310,0.96,1.17,4.17,-0.02,0.29,-0.17
2024-03-25 17:1:56.2410,0.77,0.97,4.97,0.15,0.21,-0.35
2024-03-25 17:1:56.2510,0.64,1.07,5.5,0.32,0.09,-0.55
2024-03-25 17:1:56.2610,0.51,1.44,5.47,0.43,-0.01,-0.72
2024-03-25 17:1:56.2710,0.21,2.05,4.8,0.4,-0.04,-0.75
2024-03-25 17:1:56.2810,-0.55,2.52,3.91,0.25,0.03,-0.58
2024-03-25 17:1:56.2910,-1.67,2.63,3.39,0.1,0.14,-0.17
2024-03-25 17:1:56.3010,-2.73,1.92,3.84,0.2,0.2,0.19
2024-03-25 17:1:56.3110,-2.41,0.44,4.96,0.39,0.14,0.3
2024-03-25 17:1:56.3210,-1.13,-1.11,4.61,0.49,-0.02,0.22
2024-03-25 17:1:56.3310,-0.13,-2.18,3.17,0.48,-0.21,0.04
2024-03-25 17:1:56.3410,0.39,-2.76,1.81,0.4,-0.32,-0.13
2024-03-25 17:1:56.3510,0.47,-3.01,0.83,0.37,-0.27,-0.21
2024-03-25 17:1:56.3610,0.12,-2.94,0.41,0.39,-0.15,-0.22
2024-03-25 17:1:56.3710,-0.16,-2.67,-0.04,0.39,-0.01,-0.2
2024-03-25 17:1:56.3810,-0.23,-2.43,-0.86,0.31,0.08,-0.18
2024-03-25 17:1:56.3910,-0.17,-2.07,-1.85,0.09,0.09,-0.16
2024-03-25 17:1:56.4010,-0.15,-1.75,-2.86,-0.21,0.07,-0.11
2024-03-25 17:1:56.4110,-0.15,-1.5,-3.36,-0.48,0.06,-0.06
2024-03-25 17:1:56.4210,0.08,-1.33,-3.21,-0.68,0.08,-0.07
2024-03-25 17:1:56.4310,0.57,-1.28,-2.66,-0.78,0.12,-0.17
2024-03-25 17:1:56.4410,1.22,-1.41,-1.89,-0.74,0.14,-0.36
2024-03-25 17:1:56.4510,1.76,-1.51,-1.0,-0.57,0.11,-0.6
2024-03-25 17:1:56.4610,2.15,-1.39,-0.33,-0.31,-0.0,-0.87
2024-03-25 17:1:56.4710,2.36,-1.19,-0.33,-0.08,-0.16,-1.12
2024-03-25 17:1:56.4810,2.19,-0.96,-1.02,0.04,-0.31,-1.26
2024-03-25 17:1:56.4910,1.3,-0.63,-2.11,0.03,-0.36,-1.18
2024-03-25 17:1:56.5010,-0.03,-0.14,-2.81,-0.02,-0.3,-0.92
2024-03-25 17:1:56.5110,-0.8,0.51,-3.05,-0.08,-0.08,-0.55
2024-03-25 17:1:56.5210,-1.15,0.89,-3.07,-0.11,0.17,-0.2
2024-03-25 17:1:56.5310,-0.93,0.83,-2.9,-0.11,0.27,0.02
2024-03-25 17:1:56.5410,-0.37,0.52,-2.67,-0.09,0.2,0.11
2024-03-25 17:1:56.5510,0.11,0.06,-2.44,-0.09,0.02,0.1
2024-03-25 17:1:56.5610,0.52,-0.17,-2.38,-0.12,-0.19,0.05
2024-03-25 17:1:56.5710,0.78,-0.32,-2.46,-0.18,-0.35,0.01
2024-03-25 17:1:56.5810,0.73,-0.39,-2.37,-0.25,-0.44,0.03
2024-03-25 17:1:56.5910,0.54,-0.39,-1.99,-0.26,-0.43,0.09
2024-03-25 17:1:56.6010,0.54,-0.39,-1.36,-0.19,-0.35,0.12
2024-03-25 17:1:56.6110,0.79,-0.46,-0.8,-0.08,-0.27,0.11
2024-03-25 17:1:56.6210,1.0,-0.5,-0.54,0.01,-0.24,0.06
2024-03-25 17:1:56.6310,1.2,-0.48,-0.67,-0.01,-0.32,-0.04
2024-03-25 17:1:56.6400,1.25,-0.31,-1.12,-0.17,-0.49,-0.14
2024-03-25 17:1:56.6510,1.13,0.05,-1.41,-0.4,-0.65,-0.21
2024-03-25 17:1:56.6610,0.96,0.47,-1.2,-0.61,-0.68,-0.23
2024-03-25 17:1:56.6710,0.89,0.8,-0.5,-0.73,-0.48,-0.2
2024-03-25 17:1:56.6800,0.76,0.95,0.74,-0.66,-0.06,-0.14
2024-03-25 17:1:56.6910,0.97,1.1,2.24,-0.39,0.5,-0.06
2024-03-25 17:1:56.7010,1.01,0.9,3.84,0.0,0.86,-0.05
2024-03-25 17:1:56.7110,1.15,0.73,4.98,0.29,0.92,-0.14
2024-03-25 17:1:56.7210,1.22,0.5,4.83,0.37,0.66,-0.27
2024-03-25 17:1:56.7310,1.1,0.58,4.1,0.29,0.25,-0.45
2024-03-25 17:1:56.7410,0.9,0.77,3.61,0.19,-0.1,-0.57
2024-03-25 17:1:56.7500,0.41,1.01,3.64,0.17,-0.21,-0.57
2024-03-25 17:1:56.7610,0.05,1.32,4.12,0.29,-0.14,-0.54
2024-03-25 17:1:56.7710,0.0,1.67,4.55,0.42,0.04,-0.51
2024-03-25 17:1:56.7800,-0.1,1.95,4.35,0.5,0.22,-0.44
2024-03-25 17:1:56.7900,-0.53,2.13,3.77,0.45,0.37,-0.31
2024-03-25 17:1:56.8010,-1.24,1.85,3.18,0.41,0.44,-0.12
2024-03-25 17:1:56.8100,-1.65,1.3,3.49,0.54,0.36,0.0
2024-03-25 17:1:56.8200,-1.32,0.47,4.27,0.73,0.14,-0.01
2024-03-25 17:1:56.8300,-0.79,-0.65,3.94,0.81,-0.13,-0.09
2024-03-25 17:1:56.8400,-0.59,-1.67,2.41,0.72,-0.29,-0.16
2024-03-25 17:1:56.8500,-0.57,-2.36,0.82,0.6,-0.27,-0.2
2024-03-25 17:1:56.8610,-0.68,-2.92,-0.02,0.49,-0.1,-0.22
2024-03-25 17:1:56.8700,-0.93,-3.39,-0.37,0.43,0.1,-0.23
2024-03-25 17:1:56.8800,-1.27,-3.58,-0.54,0.37,0.22,-0.23
2024-03-25 17:1:56.8900,-1.71,-3.56,-0.9,0.29,0.28,-0.21
2024-03-25 17:1:56.9000,-2.11,-3.35,-1.48,0.16,0.29,-0.17
2024-03-25 17:1:56.9100,-2.38,-2.99,-2.08,-0.03,0.2,-0.13
2024-03-25 17:1:56.9200,-2.63,-2.56,-2.69,-0.24,0.07,-0.06
2024-03-25 17:1:56.9300,-2.8,-2.1,-2.92,-0.38,-0.05,0.04
2024-03-25 17:1:56.9400,-2.83,-1.56,-2.79,-0.42,-0.12,0.17
2024-03-25 17:1:56.9500,-2.59,-1.17,-2.61,-0.41,-0.12,0.28
2024-03-25 17:1:56.9600,-2.1,-0.95,-2.74,-0.38,-0.1,0.35
2024-03-25 17:1:56.9700,-1.59,-0.84,-3.12,-0.34,-0.05,0.39
2024-03-25 17:1:56.9800,-1.17,-0.84,-3.52,-0.3,0.01,0.41
2024-03-25 17:1:56.9900,-0.89,-0.84,-3.89,-0.29,0.08,0.43
2024-03-25 17:1:57.0000,-0.73,-0.85,-4.26,-0.31,0.13,0.46
2024-03-25 17:1:57.0100,-0.61,-0.89,-4.59,-0.36,0.15,0.5
2024-03-25 17:1:57.0200,-0.53,-0.88,-4.75,-0.4,0.15,0.53
2024-03-25 17:1:57.0300,-0.41,-0.88,-4.69,-0.42,0.14,0.54
2024-03-25 17:1:57.0400,-0.34,-0.82,-4.42,-0.39,0.1,0.56
2024-03-25 17:1:57.0500,-0.24,-0.63,-4.07,-0.38,0.05,0.55
2024-03-25 17:1:57.0600,0.05,-0.42,-4.08,-0.41,0.0,0.52
2024-03-25 17:1:57.0700,0.19,-0.2,-4.01,-0.44,0.01,0.5
2024-03-25 17:1:57.0800,0.21,0.11,-3.7,-0.49,0.07,0.5
2024-03-25 17:1:57.0900,0.18,0.32,-3.34,-0.55,0.18,0.52
2024-03-25 17:1:57.1000,0.12,0.45,-2.79,-0.58,0.27,0.55
2024-03-25 17:1:57.1100,0.04,0.56,-1.86,-0.55,0.32,0.61
2024-03-25 17:1:57.1200,-0.12,0.66,-0.68,-0.41,0.34,0.68
2024-03-25 17:1:57.1300,-0.29,0.6,0.76,-0.16,0.29,0.75
2024-03-25 17:1:57.1400,-0.38,0.55,2.18,0.06,0.18,0.75
2024-03-25 17:1:57.1500,-0.19,0.45,2.58,0.07,0.09,0.68
2024-03-25 17:1:57.1600,0.11,0.44,2.24,-0.06,-0.01,0.58
2024-03-25 17:1:57.1700,0.18,0.58,2.31,-0.22,-0.12,0.45
2024-03-25 17:1:57.1800,0.17,0.79,3.03,-0.31,-0.21,0.34
2024-03-25 17:1:57.1900,-0.07,0.9,4.07,-0.25,-0.23,0.27
2024-03-25 17:1:57.2000,-0.22,0.89,5.37,-0.03,-0.21,0.15
2024-03-25 17:1:57.2100,-0.02,0.88,6.24,0.23,-0.25,-0.03
2024-03-25 17:1:57.2200,0.21,0.95,6.23,0.42,-0.33,-0.23
2024-03-25 17:1:57.2300,0.28,1.21,5.7,0.51,-0.46,-0.42
2024-03-25 17:1:57.2400,0.17,1.46,5.0,0.57,-0.55,-0.58
2024-03-25 17:1:57.2500,0.04,1.76,4.57,0.62,-0.55,-0.7
2024-03-25 17:1:57.2600,0.0,2.18,4.33,0.65,-0.5,-0.8
2024-03-25 17:1:57.2700,0.18,2.75,3.98,0.59,-0.36,-0.81
2024-03-25 17:1:57.2800,0.0,3.0,3.28,0.45,-0.1,-0.63
2024-03-25 17:1:57.2900,-0.69,2.56,2.98,0.38,0.22,-0.32
2024-03-25 17:1:57.3000,-1.06,1.41,3.46,0.42,0.38,-0.11
2024-03-25 17:1:57.3100,-0.7,0.1,3.97,0.5,0.26,-0.04
2024-03-25 17:1:57.3200,-0.13,-0.97,3.85,0.48,-0.01,-0.09
2024-03-25 17:1:57.3300,0.45,-1.74,2.81,0.38,-0.26,-0.2
2024-03-25 17:1:57.3400,0.81,-2.21,1.75,0.28,-0.37,-0.27
2024-03-25 17:1:57.3500,0.88,-2.49,1.17,0.28,-0.37,-0.32
2024-03-25 17:1:57.3600,0.83,-2.48,0.85,0.34,-0.32,-0.34
2024-03-25 17:1:57.3700,0.79,-2.32,0.19,0.37,-0.22,-0.36
2024-03-25 17:1:57.3800,0.76,-2.09,-0.92,0.33,-0.08,-0.33
2024-03-25 17:1:57.3900,0.52,-1.82,-1.97,0.28,0.05,-0.26
2024-03-25 17:1:57.4000,0.19,-1.56,-2.53,0.2,0.1,-0.18
2024-03-25 17:1:57.4100,-0.1,-1.33,-2.96,0.03,0.07,-0.09
2024-03-25 17:1:57.4200,-0.14,-1.17,-3.75,-0.23,0.03,-0.04
2024-03-25 17:1:57.4300,-0.06,-1.19,-4.27,-0.48,0.05,-0.0
2024-03-25 17:1:57.4400,0.17,-1.15,-4.02,-0.6,0.11,-0.0
2024-03-25 17:1:57.4500,0.45,-1.07,-3.07,-0.59,0.19,-0.03
2024-03-25 17:1:57.4600,0.66,-0.94,-2.21,-0.53,0.24,-0.07
2024-03-25 17:1:57.4700,0.87,-0.89,-1.89,-0.44,0.26,-0.14
2024-03-25 17:1:57.4800,1.16,-0.89,-1.76,-0.31,0.24,-0.24
2024-03-25 17:1:57.4900,1.37,-0.68,-1.75,-0.23,0.21,-0.33
2024-03-25 17:1:57.5000,1.39,-0.64,-2.2,-0.18,0.2,-0.39
2024-03-25 17:1:57.5100,1.23,-0.56,-2.64,-0.13,0.21,-0.4
2024-03-25 17:1:57.5200,1.03,-0.62,-2.82,-0.09,0.22,-0.4
2024-03-25 17:1:57.5300,0.9,-0.66,-2.99,-0.1,0.23,-0.37
2024-03-25 17:1:57.5400,0.78,-0.68,-3.28,-0.13,0.21,-0.33
2024-03-25 17:1:57.5500,0.6,-0.67,-3.4,-0.18,0.18,-0.27
2024-03-25 17:1:57.5600,0.44,-0.69,-3.32,-0.22,0.15,-0.2
2024-03-25 17:1:57.5700,0.33,-0.66,-3.11,-0.24,0.12,-0.12
2024-03-25 17:1:57.5800,0.2,-0.72,-2.83,-0.24,0.08,-0.04
2024-03-25 17:1:57.5900,0.32,-0.7,-2.51,-0.25,0.03,0.01
2024-03-25 17:1:57.6000,0.46,-0.7,-2.28,-0.25,-0.04,0.03
2024-03-25 17:1:57.6100,0.64,-0.62,-2.15,-0.3,-0.13,0.02
2024-03-25 17:1:57.6200,0.75,-0.51,-2.23,-0.38,-0.2,0.01
2024-03-25 17:1:57.6300,0.79,-0.37,-2.21,-0.44,-0.22,-0.01
2024-03-25 17:1:57.6400,0.93,-0.17,-1.92,-0.48,-0.19,-0.05
2024-03-25 17:1:57.6500,1.05,0.01,-1.49,-0.46,-0.13,-0.09
2024-03-25 17:1:57.6600,1.02,0.23,-0.88,-0.4,-0.07,-0.13
2024-03-25 17:1:57.6700,0.92,0.52,-0.29,-0.34,-0.03,-0.16
2024-03-25 17:1:57.6800,0.77,0.83,0.1,-0.29,0.03,-0.19
2024-03-25 17:1:57.6900,0.65,1.17,0.45,-0.25,0.09,-0.19
2024-03-25 17:1:57.7000,0.42,1.58,0.9,-0.2,0.18,-0.16
2024-03-25 17:1:57.7100,0.19,2.02,1.45,-0.16,0.28,-0.1
2024-03-25 17:1:57.7200,0.05,2.27,1.88,-0.17,0.34,-0.06
2024-03-25 17:1:57.7300,0.11,2.33,2.19,-0.2,0.39,-0.05
2024-03-25 17:1:57.7400,0.11,2.16,2.73,-0.2,0.43,-0.05
2024-03-25 17:1:57.7500,0.09,1.89,3.55,-0.15,0.45,-0.05
2024-03-25 17:1:57.7600,0.02,1.6,4.42,-0.06,0.45,-0.06
2024-03-25 17:1:57.7700,-0.08,1.25,5.2,0.1,0.4,-0.08
2024-03-25 17:1:57.7800,-0.13,0.93,5.89,0.28,0.32,-0.13
2024-03-25 17:1:57.7900,-0.15,0.6,6.25,0.47,0.22,-0.19
2024-03-25 17:1:57.8000,-0.1,0.54,6.25,0.6,0.11,-0.23
2024-03-25 17:1:57.8100,-0.29,0.53,5.72,0.65,0.05,-0.22
2024-03-25 17:1:57.8200,-0.65,0.44,4.94,0.65,0.02,-0.14
2024-03-25 17:1:57.8300,-1.13,0.0,4.37,0.67,0.04,-0.01
2024-03-25 17:1:57.8400,-1.35,-0.69,4.02,0.75,0.06,0.1
2024-03-25 17:1:57.8500,-1.12,-1.57,3.61,0.83,0.02,0.11
2024-03-25 17:1:57.8600,-0.73,-2.54,2.8,0.88,-0.08,0.06
2024-03-25 17:1:57.8700,-0.56,-3.22,1.74,0.84,-0.17,-0.0
2024-03-25 17:1:57.8800,-0.55,-3.57,0.61,0.75,-0.23,-0.07
2024-03-25 17:1:57.8900,-0.58,-3.63,-0.41,0.59,-0.23,-0.1
2024-03-25 17:1:57.9000,-0.71,-3.42,-1.25,0.41,-0.16,-0.07
2024-03-25 17:1:57.9100,-0.97,-3.12,-1.87,0.21,-0.03,-0.02
2024-03-25 17:1:57.9200,-1.15,-2.75,-2.28,0.02,0.11,0.04
2024-03-25 17:1:57.9300,-1.34,-2.39,-2.47,-0.16,0.22,0.1
2024-03-25 17:1:57.9400,-1.46,-1.88,-2.45,-0.31,0.26,0.17
2024-03-25 17:1:57.9500,-1.67,-1.36,-2.26,-0.42,0.23,0.27
2024-03-25 17:1:57.9600,-1.84,-1.03,-2.15,-0.5,0.16,0.36
2024-03-25 17:1:57.9700,-1.79,-0.81,-2.18,-0.56,0.06,0.44
2024-03-25 17:1:57.9800,-1.59,-0.67,-2.27,-0.6,-0.02,0.5
2024-03-25 17:1:57.9900,-1.31,-0.58,-2.51,-0.61,-0.05,0.55
2024-03-25 17:1:58.0000,-0.97,-0.52,-2.65,-0.58,-0.01,0.57
2024-03-25 17:1:58.0100,-0.62,-0.5,-2.72,-0.52,0.06,0.57
2024-03-25 17:1:58.0200,-0.43,-0.48,-2.78,-0.45,0.14,0.59
2024-03-25 17:1:58.0300,-0.43,-0.44,-2.76,-0.35,0.18,0.63
2024-03-25 17:1:58.0400,-0.46,-0.45,-2.57,-0.21,0.18,0.68
2024-03-25 17:1:58.0500,-0.4,-0.42,-2.42,-0.11,0.11,0.71
2024-03-25 17:1:58.0600,-0.24,-0.39,-2.64,-0.1,-0.02,0.7
2024-03-25 17:1:58.0700,0.01,-0.3,-3.21,-0.15,-0.17,0.67
2024-03-25 17:1:58.0800,0.3,-0.12,-3.63,-0.22,-0.28,0.63
2024-03-25 17:1:58.0900,0.65,0.13,-3.8,-0.28,-0.31,0.6
2024-03-25 17:1:58.1000,0.98,0.39,-3.76,-0.33,-0.23,0.58
2024-03-25 17:1:58.1100,1.19,0.57,-3.58,-0.35,-0.04,0.58
2024-03-25 17:1:58.1200,1.37,0.65,-3.12,-0.33,0.21,0.6
2024-03-25 17:1:58.1300,1.25,0.68,-2.26,-0.28,0.41,0.64
2024-03-25 17:1:58.1400,1.0,0.76,-1.27,-0.25,0.53,0.7
2024-03-25 17:1:58.1500,0.7,0.87,-0.49,-0.23,0.58,0.76
2024-03-25 17:1:58.1600,0.57,0.95,0.2,-0.21,0.62,0.79
2024-03-25 17:1:58.1700,0.71,1.0,0.88,-0.14,0.6,0.77
2024-03-25 17:1:58.1790,0.83,1.02,1.72,-0.04,0.47,0.68
2024-03-25 17:1:58.1890,1.01,0.92,2.55,0.05,0.26,0.51
2024-03-25 17:1:58.1990,1.27,0.75,3.15,0.12,-0.01,0.28
2024-03-25 17:1:58.2100,1.41,0.7,3.49,0.12,-0.32,0.05
2024-03-25 17:1:58.2200,1.32,0.75,3.49,0.08,-0.55,-0.15
2024-03-25 17:1:58.2290,1.07,0.74,3.48,0.07,-0.63,-0.28
2024-03-25 17:1:58.2390,0.99,0.85,3.72,0.14,-0.58,-0.36
2024-03-25 17:1:58.2490,0.84,0.92,4.04,0.23,-0.45,-0.41
2024-03-25 17:1:58.2600,0.74,0.92,4.12,0.31,-0.35,-0.48
2024-03-25 17:1:58.2690,0.76,0.9,3.95,0.37,-0.32,-0.61
2024-03-25 17:1:58.2790,0.91,0.87,3.8,0.45,-0.32,-0.79
2024-03-25 17:1:58.2890,1.18,0.99,3.8,0.53,-0.31,-0.98
2024-03-25 17:1:58.2990,1.2,1.29,3.68,0.58,-0.23,-1.11
2024-03-25 17:1:58.3090,0.83,1.6,3.44,0.55,-0.07,-1.05
2024-03-25 17:1:58.3190,-0.31,1.5,3.28,0.51,0.07,-0.78
2024-03-25 17:1:58.3290,-1.48,0.85,3.7,0.57,0.05,-0.5
2024-03-25 17:1:58.3390,-1.7,-0.14,4.24,0.64,-0.12,-0.35
2024-03-25 17:1:58.3490,-1.08,-1.23,3.81,0.64,-0.36,-0.34
2024-03-25 17:1:58.3600,-0.26,-2.19,2.76,0.63,-0.56,-0.45
2024-03-25 17:1:58.3690,0.44,-2.7,1.83,0.63,-0.66,-0.58
2024-03-25 17:1:58.3790,0.82,-2.84,1.06,0.68,-0.63,-0.67
2024-03-25 17:1:58.3890,0.72,-2.67,0.43,0.77,-0.54,-0.67
2024-03-25 17:1:58.3990,0.45,-2.44,-0.23,0.8,-0.41,-0.63
2024-03-25 17:1:58.4090,0.24,-2.14,-1.34,0.72,-0.26,-0.56
2024-03-25 17:1:58.4190,0.07,-1.84,-2.58,0.53,-0.14,-0.47
2024-03-25 17:1:58.4290,-0.12,-1.49,-3.62,0.22,-0.06,-0.35
2024-03-25 17:1:58.4390,-0.4,-1.22,-4.44,-0.17,-0.01,-0.2
2024-03-25 17:1:58.4500,-0.72,-1.17,-4.78,-0.56,0.05,-0.03
2024-03-25 17:1:58.4590,-0.89,-1.31,-4.37,-0.82,0.14,0.09
2024-03-25 17:1:58.4690,-0.61,-1.56,-3.3,-0.94,0.24,0.1
2024-03-25 17:1:58.4790,-0.06,-1.69,-2.21,-0.92,0.32,0.04
2024-03-25 17:1:58.4890,0.27,-1.69,-1.23,-0.78,0.35,-0.07
2024-03-25 17:1:58.4990,0.43,-1.51,-0.54,-0.61,0.36,-0.18
2024-03-25 17:1:58.5090,0.42,-1.29,-0.41,-0.46,0.36,-0.27
2024-03-25 17:1:58.5190,0.25,-0.93,-0.64,-0.35,0.36,-0.31
2024-03-25 17:1:58.5290,-0.02,-0.6,-1.06,-0.26,0.37,-0.3
2024-03-25 17:1:58.5390,-0.34,-0.26,-1.3,-0.15,0.38,-0.24
2024-03-25 17:1:58.5490,-0.62,0.05,-1.36,-0.03,0.35,-0.15
2024-03-25 17:1:58.5590,-0.63,0.24,-1.67,0.04,0.3,-0.08
2024-03-25 17:1:58.5690,-0.42,0.31,-2.34,0.04,0.23,-0.04
2024-03-25 17:1:58.5790,-0.2,0.33,-3.14,-0.05,0.13,0.01
2024-03-25 17:1:58.5890,-0.13,0.32,-3.7,-0.15,0.03,0.08
2024-03-25 17:1:58.5990,-0.07,0.25,-3.69,-0.22,-0.02,0.15
2024-03-25 17:1:58.6090,0.08,0.1,-3.38,-0.22,0.03,0.23
2024-03-25 17:1:58.6190,0.28,-0.12,-2.84,-0.16,0.11,0.29
2024-03-25 17:1:58.6290,0.62,-0.4,-2.25,-0.09,0.17,0.28
2024-03-25 17:1:58.6390,1.0,-0.65,-1.92,-0.07,0.15,0.22
2024-03-25 17:1:58.6490,1.29,-0.73,-1.97,-0.12,0.06,0.14
2024-03-25 17:1:58.6590,1.49,-0.54,-1.98,-0.21,-0.06,0.05
2024-03-25 17:1:58.6690,1.58,-0.19,-1.8,-0.3,-0.17,0.0
2024-03-25 17:1:58.6790,1.53,0.24,-1.37,-0.34,-0.22,-0.01
2024-03-25 17:1:58.6890,1.49,0.68,-0.71,-0.35,-0.21,0.01
2024-03-25 17:1:58.6990,1.49,0.94,-0.11,-0.33,-0.14,0.02
2024-03-25 17:1:58.7090,1.61,1.13,0.49,-0.28,-0.05,0.02
2024-03-25 17:1:58.7190,1.71,1.3,1.06,-0.22,0.07,-0.01
2024-03-25 17:1:58.7290,1.73,1.43,1.6,-0.17,0.21,-0.05
2024-03-25 17:1:58.7390,1.72,1.46,2.15,-0.09,0.33,-0.11
2024-03-25 17:1:58.7490,1.62,1.35,2.84,-0.02,0.39,-0.17
2024-03-25 17:1:58.7590,1.28,1.27,3.52,0.05,0.37,-0.22
2024-03-25 17:1:58.7690,0.78,1.23,4.17,0.13,0.28,-0.27
2024-03-25 17:1:58.7790,0.43,1.24,4.63,0.21,0.15,-0.33
2024-03-25 17:1:58.7890,0.29,1.35,4.85,0.31,0.04,-0.4
2024-03-25 17:1:58.7990,0.24,1.43,4.89,0.43,-0.02,-0.45
2024-03-25 17:1:58.8090,0.12,1.54,4.87,0.54,-0.03,-0.48
2024-03-25 17:1:58.8190,0.01,1.69,4.68,0.61,-0.04,-0.49
2024-03-25 17:1:58.8290,-0.26,1.81,4.38,0.6,-0.02,-0.45
2024-03-25 17:1:58.8390,-0.74,1.82,3.84,0.47,0.05,-0.28
2024-03-25 17:1:58.8490,-1.64,1.33,3.45,0.38,0.14,0.01
2024-03-25 17:1:58.8590,-2.32,0.38,3.92,0.46,0.15,0.22
2024-03-25 17:1:58.8690,-1.93,-0.92,4.57,0.61,0.01,0.25
2024-03-25 17:1:58.8790,-1.21,-2.38,4.23,0.72,-0.21,0.16
2024-03-25 17:1:58.8890,-0.74,-3.47,3.11,0.76,-0.42,-0.0
2024-03-25 17:1:58.8990,-0.39,-4.05,1.85,0.76,-0.5,-0.17
2024-03-25 17:1:58.9090,-0.2,-4.17,0.81,0.76,-0.46,-0.3
2024-03-25 17:1:58.9190,-0.31,-3.95,-0.01,0.73,-0.31,-0.37
2024-03-25 17:1:58.9290,-0.64,-3.56,-0.95,0.64,-0.13,-0.37
2024-03-25 17:1:58.9390,-1.08,-3.14,-1.88,0.49,0.05,-0.34
2024-03-25 17:1:58.9490,-1.52,-2.73,-2.64,0.3,0.18,-0.28
2024-03-25 17:1:58.9590,-1.95,-2.26,-3.12,0.09,0.26,-0.19
2024-03-25 17:1:58.9690,-2.27,-1.72,-3.31,-0.09,0.27,-0.06
2024-03-25 17:1:58.9790,-2.5,-1.2,-3.29,-0.24,0.2,0.08
2024-03-25 17:1:58.9890,-2.55,-0.83,-3.3,-0.38,0.08,0.23
2024-03-25 17:1:58.9990,-2.38,-0.6,-3.45,-0.51,-0.02,0.37
2024-03-25 17:1:59.0090,-2.06,-0.48,-3.55,-0.6,-0.09,0.49
2024-03-25 17:1:59.0190,-1.61,-0.46,-3.58,-0.63,-0.08,0.57
2024-03-25 17:1:59.0290,-1.18,-0.53,-3.51,-0.62,-0.01,0.63
2024-03-25 17:1:59.0400,-0.86,-0.55,-3.52,-0.6,0.08,0.68
2024-03-25 17:1:59.0490,-0.66,-0.56,-3.59,-0.58,0.16,0.72
2024-03-25 17:1:59.0590,-0.55,-0.52,-3.65,-0.55,0.23,0.77
2024-03-25 17:1:59.0690,-0.54,-0.46,-3.68,-0.52,0.29,0.83
2024-03-25 17:1:59.0790,-0.48,-0.29,-3.66,-0.5,0.34,0.9
2024-03-25 17:1:59.0890,-0.35,-0.15,-3.74,-0.49,0.38,0.97
2024-03-25 17:1:59.0990,-0.27,-0.03,-3.54,-0.48,0.37,1.03
2024-03-25 17:1:59.1090,-0.09,0.1,-3.22,-0.5,0.32,1.05
2024-03-25 17:1:59.1190,0.11,0.14,-2.93,-0.57,0.24,1.03
2024-03-25 17:1:59.1290,0.48,0.09,-2.57,-0.62,0.14,0.95
2024-03-25 17:1:59.1390,0.92,-0.05,-1.78,-0.6,0.04,0.81
2024-03-25 17:1:59.1490,1.39,-0.22,-0.75,-0.53,0.0,0.63
2024-03-25 17:1:59.1590,1.72,-0.45,0.21,-0.39,-0.01,0.43
2024-03-25 17:1:59.1690,1.96,-0.51,1.11,-0.23,-0.02,0.21
2024-03-25 17:1:59.1790,2.1,-0.44,1.63,-0.09,-0.04,0.02
2024-03-25 17:1:59.1890,1.89,-0.25,1.89,0.02,-0.08,-0.12
2024-03-25 17:1:59.1990,1.5,0.06,2.0,0.1,-0.13,-0.2
2024-03-25 17:1:59.2090,1.07,0.37,2.03,0.15,-0.17,-0.25
2024-03-25 17:1:59.2190,0.82,0.64,1.94,0.17,-0.21,-0.29
2024-03-25 17:1:59.2290,0.61,0.86,1.78,0.17,-0.21,-0.3
2024-03-25 17:1:59.2390,0.34,1.08,1.67,0.14,-0.19,-0.3
2024-03-25 17:1:59.2490,0.23,1.26,1.71,0.12,-0.15,-0.31
2024-03-25 17:1:59.2590,0.15,1.34,1.91,0.1,-0.12,-0.31
2024-03-25 17:1:59.2690,0.04,1.38,2.2,0.11,-0.11,-0.32
2024-03-25 17:1:59.2790,-0.01,1.31,2.69,0.17,-0.1,-0.36
2024-03-25 17:1:59.2890,0.1,1.17,3.18,0.25,-0.1,-0.45
2024-03-25 17:1:59.2990,0.18,0.98,3.54,0.36,-0.11,-0.57
2024-03-25 17:1:59.3090,0.27,0.9,3.78,0.48,-0.13,-0.74
2024-03-25 17:1:59.3190,0.43,1.16,3.74,0.53,-0.14,-0.91
2024-03-25 17:1:59.3290,0.47,1.63,3.41,0.52,-0.08,-0.96
2024-03-25 17:1:59.3390,-0.16,1.98,3.21,0.44,0.1,-0.84
2024-03-25 17:1:59.3490,-1.2,1.97,3.19,0.34,0.27,-0.54
2024-03-25 17:1:59.3590,-2.17,1.37,3.7,0.37,0.29,-0.26
2024-03-25 17:1:59.3690,-2.21,0.53,4.56,0.5,0.16,-0.12
2024-03-25 17:1:59.3790,-1.62,-0.5,4.7,0.61,-0.08,-0.12
2024-03-25 17:1:59.3890,-0.75,-1.34,3.98,0.64,-0.31,-0.23
2024-03-25 17:1:59.3990,-0.07,-1.89,2.85,0.65,-0.43,-0.34
2024-03-25 17:1:59.4090,0.2,-2.09,1.95,0.67,-0.44,-0.38
2024-03-25 17:1:59.4190,0.13,-2.11,1.21,0.71,-0.38,-0.35
2024-03-25 17:1:59.4290,-0.01,-1.99,0.44,0.72,-0.31,-0.3
2024-03-25 17:1:59.4390,0.06,-1.86,-0.6,0.62,-0.23,-0.23
2024-03-25 17:1:59.4490,0.16,-1.61,-1.82,0.43,-0.15,-0.15
2024-03-25 17:1:59.4590,0.24,-1.4,-2.8,0.18,-0.06,-0.06
2024-03-25 17:1:59.4690,0.23,-1.29,-3.44,-0.11,0.05,0.05
2024-03-25 17:1:59.4790,0.07,-1.34,-3.77,-0.39,0.15,0.19
2024-03-25 17:1:59.4890,-0.13,-1.57,-3.65,-0.62,0.22,0.31
2024-03-25 17:1:59.4990,-0.02,-1.82,-2.98,-0.73,0.24,0.31
2024-03-25 17:1:59.5080,0.6,-1.92,-2.17,-0.7,0.22,0.24
2024-03-25 17:1:59.5190,1.07,-1.93,-1.34,-0.58,0.19,0.12
2024-03-25 17:1:59.5290,1.3,-1.81,-0.87,-0.42,0.16,-0.01
2024-03-25 17:1:59.5390,1.37,-1.64,-0.94,-0.28,0.11,-0.13
2024-03-25 17:1:59.5490,1.19,-1.32,-1.31,-0.18,0.06,-0.18
2024-03-25 17:1:59.5590,0.85,-0.9,-1.84,-0.12,0.04,-0.17
2024-03-25 17:1:59.5690,0.52,-0.51,-2.47,-0.08,0.04,-0.11
2024-03-25 17:1:59.5790,0.29,-0.24,-2.93,-0.06,0.06,-0.05
2024-03-25 17:1:59.5890,0.35,-0.12,-3.37,-0.06,0.08,-0.0
2024-03-25 17:1:59.5990,0.44,-0.13,-3.73,-0.1,0.08,0.04
2024-03-25 17:1:59.6080,0.45,-0.09,-3.99,-0.17,0.04,0.08
2024-03-25 17:1:59.6190,0.5,-0.08,-4.07,-0.25,-0.02,0.1
2024-03-25 17:1:59.6280,0.74,-0.12,-3.87,-0.33,-0.07,0.09
2024-03-25 17:1:59.6380,0.99,-0.16,-3.65,-0.4,-0.13,0.09
2024-03-25 17:1:59.6490,1.09,-0.23,-3.29,-0.43,-0.18,0.08
2024-03-25 17:1:59.6590,1.18,-0.27,-2.71,-0.42,-0.18,0.07
2024-03-25 17:1:59.6690,1.33,-0.39,-2.1,-0.34,-0.16,0.02
2024-03-25 17:1:59.6780,1.56,-0.36,-1.59,-0.28,-0.13,-0.04
2024-03-25 17:1:59.6890,1.65,-0.16,-1.5,-0.26,-0.14,-0.1
2024-03-25 17:1:59.6990,1.75,0.24,-1.7,-0.31,-0.17,-0.15
2024-03-25 17:1:59.7090,1.82,0.79,-1.85,-0.39,-0.21,-0.17
2024-03-25 17:1:59.7190,1.77,1.29,-1.71,-0.46,-0.21,-0.16
2024-03-25 17:1:59.7290,1.71,1.67,-1.32,-0.54,-0.11,-0.11
2024-03-25 17:1:59.7380,1.51,1.79,-0.87,-0.58,0.08,-0.03
2024-03-25 17:1:59.7490,1.39,1.75,0.13,-0.54,0.31,0.0
2024-03-25 17:1:59.7590,1.51,1.55,1.38,-0.46,0.51,-0.02
2024-03-25 17:1:59.7680,1.45,1.25,2.4,-0.36,0.63,-0.09
2024-03-25 17:1:59.7780,1.31,1.06,3.34,-0.28,0.65,-0.2
2024-03-25 17:1:59.7880,1.14,0.91,4.04,-0.18,0.61,-0.33
2024-03-25 17:1:59.7980,0.93,0.81,4.73,-0.03,0.54,-0.46
2024-03-25 17:1:59.8080,0.66,0.81,5.37,0.15,0.45,-0.58
2024-03-25 17:1:59.8190,0.45,0.88,5.72,0.36,0.37,-0.66
2024-03-25 17:1:59.8280,0.03,1.08,5.82,0.54,0.32,-0.67
2024-03-25 17:1:59.8380,-0.48,1.33,5.53,0.68,0.25,-0.65
2024-03-25 17:1:59.8480,-0.78,1.73,5.02,0.75,0.17,-0.62
2024-03-25 17:1:59.8580,-0.95,2.22,4.39,0.69,0.12,-0.51
2024-03-25 17:1:59.8680,-1.43,2.47,3.45,0.48,0.16,-0.24
2024-03-25 17:1:59.8780,-2.32,2.04,2.68,0.29,0.27,0.15
2024-03-25 17:1:59.8880,-2.8,0.88,3.0,0.33,0.32,0.39
2024-03-25 17:1:59.8980,-1.93,-0.63,4.13,0.52,0.21,0.4
2024-03-25 17:1:59.9080,-0.97,-2.18,4.15,0.69,0.04,0.27
2024-03-25 17:1:59.9180,-0.33,-3.33,3.18,0.73,-0.12,0.07
2024-03-25 17:1:59.9280,0.03,-3.99,1.79,0.62,-0.16,-0.11
2024-03-25 17:1:59.9380,-0.04,-4.28,0.53,0.49,-0.07,-0.22
2024-03-25 17:1:59.9480,-0.4,-4.37,0.01,0.41,0.09,-0.28
2024-03-25 17:1:59.9580,-0.89,-4.32,-0.1,0.35,0.23,-0.28
2024-03-25 17:1:59.9680,-1.46,-4.17,-0.35,0.26,0.3,-0.26
2024-03-25 17:1:59.9780,-1.85,-3.93,-0.88,0.16,0.3,-0.28
2024-03-25 17:1:59.9880,-1.89,-3.45,-1.35,0.06,0.26,-0.33
2024-03-25 17:1:59.9980,-1.85,-2.74,-1.73,-0.03,0.21,-0.34
2024-03-25 17:2:00.0080,-2.01,-1.92,-2.15,-0.13,0.14,-0.28
2024-03-25 17:2:00.0180,-2.28,-1.14,-2.55,-0.23,0.06,-0.15
2024-03-25 17:2:00.0280,-2.41,-0.51,-2.9,-0.33,-0.0,0.0
2024-03-25 17:2:00.0380,-2.32,-0.09,-3.18,-0.4,-0.04,0.17
2024-03-25 17:2:00.0480,-2.18,0.2,-3.32,-0.44,-0.06,0.34
2024-03-25 17:2:00.0580,-1.94,0.35,-3.36,-0.44,-0.07,0.48
2024-03-25 17:2:00.0680,-1.64,0.32,-3.41,-0.42,-0.06,0.59
2024-03-25 17:2:00.0780,-1.36,0.19,-3.41,-0.38,-0.06,0.68
2024-03-25 17:2:00.0880,-1.18,0.04,-3.35,-0.33,-0.1,0.74
2024-03-25 17:2:00.0980,-0.96,-0.07,-3.38,-0.3,-0.15,0.78
2024-03-25 17:2:00.1080,-0.73,-0.17,-3.6,-0.28,-0.18,0.81
2024-03-25 17:2:00.1180,-0.56,-0.19,-3.68,-0.24,-0.21,0.86
2024-03-25 17:2:00.1280,-0.54,-0.08,-3.64,-0.22,-0.22,0.95
2024-03-25 17:2:00.1380,-0.68,0.11,-3.71,-0.24,-0.21,1.08
2024-03-25 17:2:00.1480,-0.72,0.32,-3.83,-0.29,-0.21,1.18
2024-03-25 17:2:00.1580,-0.4,0.44,-3.83,-0.36,-0.21,1.21
2024-03-25 17:2:00.1680,0.12,0.35,-3.6,-0.42,-0.18,1.15
2024-03-25 17:2:00.1780,0.79,0.19,-2.99,-0.44,-0.11,1.01
2024-03-25 17:2:00.1880,1.3,-0.02,-2.05,-0.4,-0.03,0.82
2024-03-25 17:2:00.1980,1.68,-0.12,-0.98,-0.32,0.04,0.59
2024-03-25 17:2:00.2080,1.82,-0.15,-0.12,-0.26,0.08,0.36
2024-03-25 17:2:00.2180,1.76,0.01,0.42,-0.21,0.05,0.17
2024-03-25 17:2:00.2280,1.34,0.24,0.86,-0.14,-0.0,0.06
2024-03-25 17:2:00.2380,0.76,0.72,1.38,-0.09,-0.07,0.04
2024-03-25 17:2:00.2480,0.23,1.16,1.77,-0.06,-0.14,0.06
2024-03-25 17:2:00.2580,-0.18,1.51,2.07,-0.06,-0.22,0.1
2024-03-25 17:2:00.2680,-0.32,1.77,2.35,-0.09,-0.27,0.14
2024-03-25 17:2:00.2780,-0.22,1.88,2.59,-0.11,-0.24,0.15
2024-03-25 17:2:00.2880,0.03,1.77,3.02,-0.07,-0.14,0.12
2024-03-25 17:2:00.2980,0.46,1.49,3.72,0.03,-0.03,0.02
2024-03-25 17:2:00.3080,0.72,1.22,4.36,0.12,0.03,-0.1
2024-03-25 17:2:00.3180,0.61,1.07,4.64,0.2,0.01,-0.24
2024-03-25 17:2:00.3280,0.5,1.08,4.76,0.28,-0.07,-0.41
2024-03-25 17:2:00.3380,0.56,1.25,4.68,0.35,-0.16,-0.59
2024-03-25 17:2:00.3480,0.46,1.64,4.51,0.4,-0.19,-0.65
2024-03-25 17:2:00.3580,-0.01,2.2,4.19,0.38,-0.13,-0.57
2024-03-25 17:2:00.3680,-0.51,2.48,3.77,0.32,-0.03,-0.36
2024-03-25 17:2:00.3780,-0.96,2.13,3.78,0.33,0.01,-0.14
2024-03-25 17:2:00.3880,-0.84,1.17,4.13,0.41,-0.03,-0.04
2024-03-25 17:2:00.3980,-0.11,-0.15,4.13,0.5,-0.14,-0.07
2024-03-25 17:2:00.4080,0.64,-1.33,3.59,0.58,-0.28,-0.17
2024-03-25 17:2:00.4180,1.19,-2.2,2.86,0.67,-0.42,-0.31
2024-03-25 17:2:00.4280,1.56,-2.62,2.13,0.73,-0.53,-0.45
2024-03-25 17:2:00.4380,1.62,-2.57,1.11,0.72,-0.55,-0.49
2024-03-25 17:2:00.4480,1.37,-2.26,-0.12,0.63,-0.51,-0.46
2024-03-25 17:2:00.4580,1.1,-2.0,-1.29,0.47,-0.42,-0.39
2024-03-25 17:2:00.4680,0.97,-1.81,-2.15,0.28,-0.25,-0.28
2024-03-25 17:2:00.4780,0.8,-1.66,-2.67,0.07,-0.07,-0.14
2024-03-25 17:2:00.4880,0.49,-1.65,-2.89,-0.16,0.08,0.01
2024-03-25 17:2:00.4980,0.34,-1.82,-2.95,-0.4,0.18,0.11
2024-03-25 17:2:00.5080,0.39,-2.23,-2.81,-0.61,0.2,0.13
2024-03-25 17:2:00.5180,0.5,-2.67,-2.29,-0.78,0.16,0.07
2024-03-25 17:2:00.5280,0.71,-2.86,-1.72,-0.85,0.1,-0.03
2024-03-25 17:2:00.5380,0.86,-2.74,-0.9,-0.76,0.04,-0.17
2024-03-25 17:2:00.5480,1.01,-2.38,-0.12,-0.58,0.03,-0.31
2024-03-25 17:2:00.5580,1.02,-2.01,0.1,-0.39,0.06,-0.44
2024-03-25 17:2:00.5680,0.87,-1.61,-0.19,-0.22,0.1,-0.51
2024-03-25 17:2:00.5780,0.49,-1.12,-0.75,-0.1,0.14,-0.5
2024-03-25 17:2:00.5880,-0.08,-0.6,-1.36,-0.02,0.18,-0.41
2024-03-25 17:2:00.5980,-0.43,-0.12,-1.95,0.02,0.17,-0.33
2024-03-25 17:2:00.6080,-0.41,0.18,-2.45,0.04,0.13,-0.28
2024-03-25 17:2:00.6180,-0.26,0.32,-2.95,0.03,0.09,-0.25
2024-03-25 17:2:00.6280,-0.16,0.39,-3.36,0.01,0.04,-0.2
2024-03-25 17:2:00.6380,-0.15,0.44,-3.65,-0.01,0.02,-0.13
2024-03-25 17:2:00.6480,-0.17,0.39,-3.81,-0.03,0.02,-0.06
2024-03-25 17:2:00.6580,-0.08,0.36,-3.85,-0.08,0.03,0.03
2024-03-25 17:2:00.6680,-0.02,0.35,-3.82,-0.13,0.05,0.12
2024-03-25 17:2:00.6780,0.11,0.3,-3.65,-0.17,0.07,0.19
2024-03-25 17:2:00.6880,0.36,0.2,-3.29,-0.18,0.08,0.22
2024-03-25 17:2:00.6980,0.69,0.09,-2.83,-0.2,0.09,0.22
2024-03-25 17:2:00.7080,0.91,0.03,-2.52,-0.25,0.08,0.21
2024-03-25 17:2:00.7180,1.04,0.02,-2.22,-0.3,0.05,0.19
2024-03-25 17:2:00.7280,1.12,0.12,-1.69,-0.33,0.02,0.17
2024-03-25 17:2:00.7380,1.15,0.32,-1.09,-0.32,-0.0,0.14
2024-03-25 17:2:00.7480,1.25,0.56,-0.46,-0.28,0.03,0.11
2024-03-25 17:2:00.7580,1.42,0.79,0.19,-0.19,0.08,0.06
2024-03-25 17:2:00.7680,1.63,1.01,0.77,-0.13,0.17,-0.0
2024-03-25 17:2:00.7780,1.68,1.19,1.02,-0.14,0.29,-0.04
2024-03-25 17:2:00.7880,1.52,1.35,1.23,-0.14,0.42,-0.06
2024-03-25 17:2:00.7980,1.17,1.5,1.9,-0.09,0.52,-0.05
2024-03-25 17:2:00.8080,0.75,1.61,2.77,-0.01,0.55,-0.03
2024-03-25 17:2:00.8180,0.46,1.62,3.4,0.09,0.5,-0.05
2024-03-25 17:2:00.8280,0.4,1.59,3.82,0.18,0.38,-0.11
2024-03-25 17:2:00.8380,0.43,1.53,3.93,0.23,0.26,-0.17
2024-03-25 17:2:00.8480,0.31,1.47,3.9,0.3,0.19,-0.21
2024-03-25 17:2:00.8580,0.14,1.49,4.02,0.39,0.18,-0.23
2024-03-25 17:2:00.8680,-0.01,1.67,4.15,0.45,0.19,-0.23
2024-03-25 17:2:00.8780,-0.2,1.94,3.92,0.39,0.24,-0.18
2024-03-25 17:2:00.8880,-0.65,1.98,3.39,0.22,0.35,-0.01
2024-03-25 17:2:00.8980,-1.66,1.41,3.25,0.09,0.45,0.28
2024-03-25 17:2:00.9080,-2.33,0.4,4.2,0.19,0.4,0.49
2024-03-25 17:2:00.9180,-1.99,-0.96,5.48,0.4,0.19,0.5
2024-03-25 17:2:00.9280,-1.15,-2.36,5.46,0.57,-0.09,0.38
2024-03-25 17:2:00.9380,-0.55,-3.41,4.39,0.61,-0.32,0.21
2024-03-25 17:2:00.9480,-0.17,-3.97,2.91,0.57,-0.41,0.05
2024-03-25 17:2:00.9580,-0.1,-4.16,1.74,0.54,-0.36,-0.05
2024-03-25 17:2:00.9680,-0.29,-4.16,1.14,0.54,-0.23,-0.11
2024-03-25 17:2:00.9780,-0.58,-4.06,0.66,0.51,-0.1,-0.14
2024-03-25 17:2:00.9880,-0.86,-3.93,-0.12,0.42,-0.01,-0.17
2024-03-25 17:2:00.9980,-1.16,-3.66,-0.98,0.29,0.01,-0.2
2024-03-25 17:2:01.0080,-1.4,-3.27,-1.68,0.14,0.0,-0.23
2024-03-25 17:2:01.0180,-1.59,-2.66,-2.16,-0.02,-0.02,-0.21
2024-03-25 17:2:01.0280,-1.88,-1.98,-2.55,-0.17,-0.05,-0.14
2024-03-25 17:2:01.0380,-2.12,-1.33,-2.83,-0.3,-0.07,-0.02
2024-03-25 17:2:01.0470,-2.18,-0.78,-2.98,-0.4,-0.09,0.11
2024-03-25 17:2:01.0580,-2.05,-0.39,-3.11,-0.49,-0.1,0.25
2024-03-25 17:2:01.0670,-1.8,-0.14,-3.19,-0.55,-0.11,0.36
2024-03-25 17:2:01.0770,-1.51,-0.02,-3.12,-0.57,-0.15,0.46
2024-03-25 17:2:01.0880,-1.13,0.08,-2.9,-0.54,-0.19,0.52
2024-03-25 17:2:01.0970,-0.68,0.11,-2.63,-0.47,-0.24,0.53
2024-03-25 17:2:01.1070,-0.22,0.16,-2.45,-0.4,-0.33,0.53
2024-03-25 17:2:01.1180,0.09,0.23,-2.53,-0.37,-0.43,0.52
2024-03-25 17:2:01.1270,0.31,0.27,-2.84,-0.37,-0.49,0.53
2024-03-25 17:2:01.1370,0.49,0.26,-3.12,-0.38,-0.51,0.53
2024-03-25 17:2:01.1480,0.72,0.21,-3.33,-0.41,-0.45,0.54
2024-03-25 17:2:01.1570,0.92,0.04,-3.44,-0.4,-0.31,0.54
2024-03-25 17:2:01.1670,1.14,-0.2,-3.15,-0.31,-0.13,0.5
2024-03-25 17:2:01.1780,1.36,-0.48,-2.68,-0.21,0.01,0.39
2024-03-25 17:2:01.1870,1.69,-0.63,-2.46,-0.17,0.06,0.23
2024-03-25 17:2:01.1980,1.82,-0.62,-2.65,-0.2,0.0,0.06
2024-03-25 17:2:01.2070,1.62,-0.4,-2.68,-0.24,-0.06,-0.07
2024-03-25 17:2:01.2170,1.24,-0.13,-2.48,-0.27,-0.06,-0.14
2024-03-25 17:2:01.2270,0.74,0.19,-1.89,-0.24,0.01,-0.12
2024-03-25 17:2:01.2370,0.13,0.5,-1.1,-0.18,0.1,-0.06
2024-03-25 17:2:01.2480,-0.23,0.75,-0.48,-0.14,0.14,-0.02
2024-03-25 17:2:01.2570,-0.37,0.88,-0.03,-0.1,0.1,-0.01
2024-03-25 17:2:01.2670,-0.41,0.93,0.43,-0.05,0.01,-0.06
2024-03-25 17:2:01.2770,-0.38,1.02,0.81,-0.02,-0.08,-0.12
2024-03-25 17:2:01.2870,-0.44,1.11,1.12,0.01,-0.15,-0.16
2024-03-25 17:2:01.2970,-0.65,1.32,1.53,0.03,-0.2,-0.16
2024-03-25 17:2:01.3070,-0.9,1.55,1.86,0.02,-0.2,-0.11
2024-03-25 17:2:01.3180,-1.09,1.71,2.06,-0.01,-0.14,-0.05
2024-03-25 17:2:01.3270,-1.09,1.76,2.41,-0.02,-0.08,-0.01
2024-03-25 17:2:01.3370,-1.0,1.68,2.99,0.0,-0.05,-0.04
2024-03-25 17:2:01.3470,-0.76,1.51,3.57,0.07,-0.04,-0.13
2024-03-25 17:2:01.3570,-0.49,1.32,4.13,0.21,0.0,-0.29
2024-03-25 17:2:01.3670,-0.19,1.24,4.79,0.44,0.07,-0.53
2024-03-25 17:2:01.3770,-0.05,1.53,5.23,0.63,0.16,-0.71
2024-03-25 17:2:01.3870,-0.66,2.01,4.92,0.64,0.3,-0.66
2024-03-25 17:2:01.3970,-2.2,2.21,4.35,0.55,0.42,-0.36
2024-03-25 17:2:01.4070,-3.8,1.88,4.42,0.51,0.37,0.04
2024-03-25 17:2:01.4170,-4.34,1.13,5.2,0.62,0.17,0.28
2024-03-25 17:2:01.4270,-3.55,0.17,5.67,0.77,-0.12,0.35
2024-03-25 17:2:01.4370,-2.39,-0.74,4.97,0.84,-0.36,0.3
2024-03-25 17:2:01.4470,-1.35,-1.22,3.49,0.83,-0.43,0.28
2024-03-25 17:2:01.4570,-0.76,-1.48,2.3,0.85,-0.36,0.31
2024-03-25 17:2:01.4670,-0.44,-1.64,1.67,0.87,-0.22,0.37
2024-03-25 17:2:01.4770,0.02,-1.78,0.94,0.87,-0.02,0.45
2024-03-25 17:2:01.4870,0.46,-1.91,0.04,0.8,0.17,0.51
2024-03-25 17:2:01.4970,0.9,-1.95,-0.81,0.65,0.31,0.55
2024-03-25 17:2:01.5070,1.2,-1.95,-1.66,0.38,0.39,0.6
2024-03-25 17:2:01.5170,1.3,-2.02,-2.38,0.08,0.43,0.66
2024-03-25 17:2:01.5270,1.35,-2.21,-2.61,-0.2,0.43,0.69
2024-03-25 17:2:01.5370,1.45,-2.6,-2.3,-0.39,0.43,0.67
2024-03-25 17:2:01.5470,1.77,-2.98,-1.85,-0.51,0.41,0.58
2024-03-25 17:2:01.5570,2.32,-3.14,-1.5,-0.53,0.36,0.4
2024-03-25 17:2:01.5670,2.84,-3.03,-1.14,-0.49,0.3,0.18
2024-03-25 17:2:01.5770,3.03,-2.74,-1.12,-0.42,0.28,0.01
2024-03-25 17:2:01.5870,2.84,-2.34,-1.39,-0.35,0.29,-0.12
2024-03-25 17:2:01.5970,2.56,-1.83,-1.82,-0.3,0.29,-0.2
2024-03-25 17:2:01.6070,2.22,-1.35,-2.42,-0.28,0.28,-0.24
2024-03-25 17:2:01.6170,1.91,-0.93,-2.9,-0.27,0.26,-0.24
2024-03-25 17:2:01.6270,1.64,-0.62,-3.16,-0.25,0.24,-0.21
2024-03-25 17:2:01.6370,1.4,-0.39,-3.29,-0.23,0.21,-0.18
2024-03-25 17:2:01.6470,1.28,-0.32,-3.43,-0.19,0.18,-0.15
2024-03-25 17:2:01.6570,1.13,-0.32,-3.23,-0.13,0.13,-0.11
2024-03-25 17:2:01.6670,1.03,-0.34,-3.1,-0.1,0.08,-0.08
2024-03-25 17:2:01.6770,1.03,-0.48,-3.13,-0.1,-0.01,-0.07
2024-03-25 17:2:01.6870,1.11,-0.56,-3.22,-0.15,-0.09,-0.06
2024-03-25 17:2:01.6970,1.06,-0.55,-3.34,-0.21,-0.15,-0.04
2024-03-25 17:2:01.7070,1.06,-0.5,-3.23,-0.25,-0.19,-0.01
2024-03-25 17:2:01.7170,1.02,-0.5,-2.98,-0.25,-0.21,0.01
2024-03-25 17:2:01.7270,1.02,-0.53,-2.68,-0.22,-0.22,-0.0
2024-03-25 17:2:01.7370,1.09,-0.59,-2.37,-0.18,-0.25,-0.04
2024-03-25 17:2:01.7470,1.11,-0.54,-2.23,-0.17,-0.27,-0.1
2024-03-25 17:2:01.7570,1.11,-0.44,-2.26,-0.21,-0.29,-0.17
2024-03-25 17:2:01.7670,1.09,-0.24,-2.35,-0.29,-0.28,-0.22
2024-03-25 17:2:01.7770,0.98,0.14,-2.31,-0.4,-0.23,-0.23
2024-03-25 17:2:01.7870,0.77,0.65,-2.03,-0.51,-0.11,-0.18
2024-03-25 17:2:01.7970,0.57,1.12,-1.45,-0.57,0.04,-0.14
2024-03-25 17:2:01.8070,0.57,1.47,-0.48,-0.55,0.21,-0.12
2024-03-25 17:2:01.8170,0.66,1.63,0.59,-0.49,0.37,-0.15
2024-03-25 17:2:01.8270,0.7,1.67,1.51,-0.41,0.52,-0.23
2024-03-25 17:2:01.8370,0.69,1.64,2.2,-0.34,0.62,-0.34
2024-03-25 17:2:01.8470,0.51,1.65,2.77,-0.3,0.72,-0.44
2024-03-25 17:2:01.8570,0.11,1.61,3.15,-0.24,0.82,-0.47
2024-03-25 17:2:01.8670,-0.52,1.71,3.75,-0.13,0.9,-0.45
2024-03-25 17:2:01.8770,-1.03,1.9,4.41,0.01,0.97,-0.39
2024-03-25 17:2:01.8870,-1.31,2.06,4.68,0.11,1.02,-0.32
2024-03-25 17:2:01.8970,-1.33,2.18,4.54,0.18,1.03,-0.26
2024-03-25 17:2:01.9070,-1.34,2.38,4.47,0.24,0.89,-0.16
2024-03-25 17:2:01.9170,-1.89,2.52,4.75,0.18,0.67,0.02
2024-03-25 17:2:01.9270,-2.73,2.29,4.59,-0.05,0.47,0.33
2024-03-25 17:2:01.9370,-3.55,1.3,4.33,-0.25,0.3,0.67
2024-03-25 17:2:01.9470,-3.48,0.02,5.08,-0.18,0.05,0.87
2024-03-25 17:2:01.9570,-2.53,-1.7,6.29,0.15,-0.27,0.82
2024-03-25 17:2:01.9670,-1.19,-3.1,6.57,0.5,-0.52,0.61
2024-03-25 17:2:01.9770,-0.01,-4.03,5.46,0.68,-0.61,0.34
2024-03-25 17:2:01.9870,0.53,-4.41,3.46,0.66,-0.55,0.13
2024-03-25 17:2:01.9970,0.49,-4.38,1.8,0.59,-0.42,-0.01
2024-03-25 17:2:02.0070,0.18,-4.2,1.02,0.55,-0.28,-0.1
2024-03-25 17:2:02.0170,-0.26,-4.0,0.73,0.56,-0.2,-0.15
2024-03-25 17:2:02.0270,-0.66,-3.67,0.34,0.52,-0.21,-0.18
2024-03-25 17:2:02.0370,-0.97,-3.26,-0.49,0.42,-0.28,-0.21
2024-03-25 17:2:02.0470,-1.13,-2.69,-1.48,0.26,-0.36,-0.2
2024-03-25 17:2:02.0570,-1.2,-2.01,-2.33,0.06,-0.43,-0.16
2024-03-25 17:2:02.0670,-1.24,-1.4,-2.99,-0.15,-0.47,-0.06
2024-03-25 17:2:02.0770,-1.23,-0.91,-3.45,-0.34,-0.43,0.07
2024-03-25 17:2:02.0870,-1.05,-0.6,-3.61,-0.47,-0.33,0.19
2024-03-25 17:2:02.0970,-0.73,-0.47,-3.57,-0.55,-0.2,0.28
2024-03-25 17:2:02.1070,-0.46,-0.47,-3.39,-0.55,-0.09,0.33
2024-03-25 17:2:02.1170,-0.21,-0.52,-3.14,-0.52,-0.02,0.33
2024-03-25 17:2:02.1270,0.09,-0.52,-3.06,-0.48,0.01,0.28
2024-03-25 17:2:02.1370,0.26,-0.5,-3.12,-0.41,0.0,0.22
2024-03-25 17:2:02.1470,0.38,-0.41,-3.14,-0.32,-0.01,0.16
2024-03-25 17:2:02.1570,0.36,-0.33,-3.15,-0.21,-0.03,0.13
2024-03-25 17:2:02.1670,0.3,-0.13,-3.3,-0.12,-0.08,0.14
2024-03-25 17:2:02.1770,0.08,0.17,-3.59,-0.09,-0.14,0.2
2024-03-25 17:2:02.1870,-0.03,0.48,-4.04,-0.14,-0.2,0.26
2024-03-25 17:2:02.1970,0.07,0.62,-4.55,-0.25,-0.22,0.3
2024-03-25 17:2:02.2070,0.36,0.63,-4.81,-0.39,-0.16,0.33
2024-03-25 17:2:02.2170,0.58,0.51,-4.67,-0.46,-0.05,0.35
2024-03-25 17:2:02.2270,0.71,0.3,-3.73,-0.42,0.08,0.32
2024-03-25 17:2:02.2370,0.85,-0.02,-2.61,-0.34,0.16,0.25
2024-03-25 17:2:02.2470,0.87,-0.28,-1.76,-0.27,0.15,0.16
2024-03-25 17:2:02.2570,0.71,-0.35,-1.03,-0.2,0.05,0.06
2024-03-25 17:2:02.2670,0.44,-0.22,-0.31,-0.15,-0.08,-0.05
2024-03-25 17:2:02.2770,0.34,0.06,0.19,-0.13,-0.17,-0.14
2024-03-25 17:2:02.2870,0.24,0.45,0.5,-0.12,-0.22,-0.19
2024-03-25 17:2:02.2970,-0.09,0.91,0.81,-0.12,-0.21,-0.17
2024-03-25 17:2:02.3070,-0.48,1.33,1.14,-0.11,-0.14,-0.11
2024-03-25 17:2:02.3170,-0.7,1.68,1.48,-0.08,-0.09,-0.06
2024-03-25 17:2:02.3270,-0.77,1.85,1.76,-0.07,-0.08,-0.03
2024-03-25 17:2:02.3370,-0.71,1.99,1.97,-0.09,-0.12,-0.03
2024-03-25 17:2:02.3470,-0.66,2.13,2.17,-0.12,-0.19,-0.02
2024-03-25 17:2:02.3570,-0.65,2.24,2.67,-0.11,-0.21,-0.04
2024-03-25 17:2:02.3670,-0.59,2.22,3.31,-0.09,-0.19,-0.06
2024-03-25 17:2:02.3770,-0.63,2.1,3.94,-0.04,-0.16,-0.08
2024-03-25 17:2:02.3870,-0.66,1.99,4.47,0.03,-0.16,-0.12
2024-03-25 17:2:02.3970,-0.67,1.94,4.83,0.14,-0.19,-0.19
2024-03-25 17:2:02.4070,-0.52,1.98,5.21,0.28,-0.21,-0.29
2024-03-25 17:2:02.4170,-0.3,2.13,5.33,0.35,-0.15,-0.3
2024-03-25 17:2:02.4270,-0.64,1.96,4.81,0.29,-0.02,-0.15
2024-03-25 17:2:02.4370,-1.36,1.17,4.25,0.23,0.12,0.03
2024-03-25 17:2:02.4470,-1.54,0.19,4.33,0.27,0.17,0.16
2024-03-25 17:2:02.4570,-1.1,-0.84,4.78,0.43,0.06,0.15
2024-03-25 17:2:02.4670,-0.28,-1.73,4.72,0.58,-0.16,0.01
2024-03-25 17:2:02.4770,0.49,-2.27,3.74,0.67,-0.37,-0.15
2024-03-25 17:2:02.4870,0.9,-2.5,2.44,0.71,-0.48,-0.3
2024-03-25 17:2:02.4970,0.95,-2.49,1.31,0.75,-0.48,-0.35
2024-03-25 17:2:02.5070,0.7,-2.35,0.38,0.78,-0.4,-0.32
2024-03-25 17:2:02.5170,0.55,-2.18,-0.51,0.76,-0.31,-0.28
2024-03-25 17:2:02.5270,0.52,-2.07,-1.61,0.65,-0.22,-0.23
2024-03-25 17:2:02.5370,0.49,-1.91,-2.78,0.45,-0.13,-0.16
2024-03-25 17:2:02.5470,0.48,-1.74,-3.66,0.19,-0.03,-0.09
2024-03-25 17:2:02.5570,0.45,-1.58,-4.2,-0.12,0.07,-0.04
2024-03-25 17:2:02.5670,0.43,-1.55,-4.49,-0.43,0.19,0.02
2024-03-25 17:2:02.5770,0.35,-1.61,-4.33,-0.66,0.29,0.07
2024-03-25 17:2:02.5870,0.3,-1.62,-3.36,-0.77,0.33,0.06
2024-03-25 17:2:02.5970,0.38,-1.5,-2.27,-0.81,0.35,0.04
2024-03-25 17:2:02.6070,0.51,-1.38,-1.53,-0.75,0.34,-0.03
2024-03-25 17:2:02.6170,0.67,-1.15,-0.89,-0.65,0.29,-0.1
2024-03-25 17:2:02.6260,0.65,-0.9,-0.67,-0.54,0.24,-0.16
2024-03-25 17:2:02.6360,0.59,-0.6,-0.7,-0.44,0.2,-0.19
2024-03-25 17:2:02.6470,0.48,-0.28,-0.94,-0.37,0.18,-0.19
2024-03-25 17:2:02.6560,0.23,0.04,-1.22,-0.3,0.18,-0.13
2024-03-25 17:2:02.6670,0.04,0.32,-1.38,-0.23,0.18,-0.07
2024-03-25 17:2:02.6770,0.12,0.47,-1.55,-0.16,0.16,-0.04
2024-03-25 17:2:02.6860,0.32,0.49,-1.75,-0.08,0.11,-0.03
2024-03-25 17:2:02.6970,0.45,0.49,-2.01,0.01,0.06,-0.02
2024-03-25 17:2:02.7070,0.48,0.39,-2.21,0.08,0.01,-0.01
2024-03-25 17:2:02.7160,0.5,0.23,-2.46,0.13,-0.03,0.01
2024-03-25 17:2:02.7260,0.61,0.16,-2.82,0.1,-0.05,0.03
2024-03-25 17:2:02.7370,0.7,0.14,-3.29,0.03,-0.05,0.06
2024-03-25 17:2:02.7460,0.91,0.21,-3.52,-0.04,-0.03,0.08
2024-03-25 17:2:02.7570,1.03,0.31,-3.41,-0.07,0.01,0.11
2024-03-25 17:2:02.7670,1.03,0.34,-3.07,-0.08,0.02,0.14
2024-03-25 17:2:02.7770,1.14,0.36,-2.83,-0.12,0.03,0.14
2024-03-25 17:2:02.7860,1.19,0.31,-2.84,-0.15,0.03,0.14
2024-03-25 17:2:02.7960,1.17,0.32,-2.49,-0.17,0.01,0.12
2024-03-25 17:2:02.8060,1.28,0.45,-1.99,-0.21,0.02,0.08
2024-03-25 17:2:02.8160,1.37,0.61,-1.64,-0.25,0.06,0.06
2024-03-25 17:2:02.8260,1.31,0.81,-1.06,-0.27,0.17,0.05
2024-03-25 17:2:02.8360,1.17,0.96,-0.32,-0.3,0.35,0.07
2024-03-25 17:2:02.8460,0.84,1.06,0.45,-0.31,0.55,0.13
2024-03-25 17:2:02.8560,0.43,1.14,1.55,-0.27,0.68,0.21
2024-03-25 17:2:02.8660,0.08,1.14,2.76,-0.21,0.69,0.24
2024-03-25 17:2:02.8760,0.04,1.05,3.76,-0.13,0.59,0.19
2024-03-25 17:2:02.8860,0.25,0.85,4.52,-0.05,0.45,0.07
2024-03-25 17:2:02.8960,0.44,0.67,5.15,0.04,0.31,-0.07
2024-03-25 17:2:02.9060,0.52,0.78,5.62,0.16,0.21,-0.19
2024-03-25 17:2:02.9160,0.47,1.24,5.94,0.22,0.17,-0.26
2024-03-25 17:2:02.9260,0.1,1.6,5.64,0.16,0.24,-0.22
2024-03-25 17:2:02.9360,-0.63,1.56,5.21,0.07,0.37,-0.04
2024-03-25 17:2:02.9460,-1.35,1.38,5.66,0.16,0.44,0.15
2024-03-25 17:2:02.9560,-1.34,1.06,6.86,0.39,0.37,0.23
2024-03-25 17:2:02.9660,-0.93,0.49,7.31,0.53,0.21,0.26
2024-03-25 17:2:02.9760,-0.84,-0.42,6.36,0.52,0.05,0.3
2024-03-25 17:2:02.9860,-1.01,-1.55,4.94,0.46,-0.06,0.32
2024-03-25 17:2:02.9960,-0.94,-2.54,4.19,0.47,-0.15,0.27
2024-03-25 17:2:03.0060,-0.6,-3.32,3.81,0.55,-0.21,0.17
2024-03-25 17:2:03.0160,-0.41,-3.87,3.2,0.62,-0.26,0.04
2024-03-25 17:2:03.0260,-0.41,-4.16,2.07,0.62,-0.29,-0.09
2024-03-25 17:2:03.0360,-0.58,-4.2,0.69,0.56,-0.29,-0.18
2024-03-25 17:2:03.0460,-0.93,-4.04,-0.6,0.47,-0.25,-0.21
2024-03-25 17:2:03.0560,-1.37,-3.77,-1.66,0.36,-0.2,-0.21
2024-03-25 17:2:03.0660,-1.7,-3.49,-2.59,0.21,-0.12,-0.18
2024-03-25 17:2:03.0760,-1.9,-3.21,-3.45,0.06,-0.03,-0.15
2024-03-25 17:2:03.0860,-1.89,-2.89,-4.03,-0.07,0.03,-0.14
2024-03-25 17:2:03.0960,-1.73,-2.38,-4.25,-0.16,0.03,-0.14
2024-03-25 17:2:03.1060,-1.73,-1.74,-4.3,-0.21,-0.02,-0.11
2024-03-25 17:2:03.1160,-1.75,-1.2,-4.31,-0.24,-0.09,-0.07
2024-03-25 17:2:03.1260,-1.69,-0.75,-4.34,-0.26,-0.15,-0.03
2024-03-25 17:2:03.1360,-1.62,-0.37,-4.53,-0.29,-0.18,0.04
2024-03-25 17:2:03.1460,-1.63,-0.07,-4.71,-0.31,-0.19,0.13
2024-03-25 17:2:03.1560,-1.61,0.23,-4.76,-0.33,-0.17,0.23
2024-03-25 17:2:03.1660,-1.43,0.49,-4.77,-0.34,-0.15,0.31
2024-03-25 17:2:03.1760,-1.17,0.74,-4.83,-0.36,-0.13,0.37
2024-03-25 17:2:03.1860,-0.85,0.94,-4.92,-0.4,-0.09,0.41
2024-03-25 17:2:03.1960,-0.54,1.11,-4.92,-0.45,-0.06,0.43
2024-03-25 17:2:03.2060,-0.33,1.21,-4.84,-0.54,-0.01,0.46
2024-03-25 17:2:03.2160,-0.23,1.33,-4.66,-0.62,0.07,0.53
2024-03-25 17:2:03.2260,-0.26,1.34,-4.01,-0.62,0.19,0.62
2024-03-25 17:2:03.2360,-0.21,1.16,-2.7,-0.52,0.28,0.67
2024-03-25 17:2:03.2460,0.14,0.99,-1.59,-0.46,0.31,0.67
2024-03-25 17:2:03.2560,0.43,0.75,-1.11,-0.43,0.26,0.64
2024-03-25 17:2:03.2660,0.67,0.6,-0.69,-0.41,0.16,0.56
2024-03-25 17:2:03.2760,0.94,0.46,-0.13,-0.35,0.06,0.45
2024-03-25 17:2:03.2860,1.16,0.39,0.47,-0.28,0.0,0.32
2024-03-25 17:2:03.2960,1.34,0.32,0.88,-0.21,-0.02,0.17
2024-03-25 17:2:03.3060,1.43,0.3,1.16,-0.14,-0.02,0.03
2024-03-25 17:2:03.3160,1.24,0.39,1.45,-0.06,-0.0,-0.07
2024-03-25 17:2:03.3260,0.83,0.56,1.81,0.01,0.04,-0.12
2024-03-25 17:2:03.3360,0.38,0.79,2.08,0.04,0.08,-0.14
2024-03-25 17:2:03.3460,0.05,0.94,2.18,0.03,0.08,-0.15
2024-03-25 17:2:03.3560,-0.2,0.97,2.3,0.02,0.05,-0.17
2024-03-25 17:2:03.3660,-0.44,1.0,2.63,0.02,-0.02,-0.19
2024-03-25 17:2:03.3760,-0.63,1.0,2.95,0.02,-0.05,-0.23
2024-03-25 17:2:03.3860,-0.74,0.91,3.2,0.07,-0.07,-0.29
2024-03-25 17:2:03.3960,-0.79,0.79,3.64,0.17,-0.08,-0.4
2024-03-25 17:2:03.4060,-0.75,0.74,4.0,0.33,-0.11,-0.54
2024-03-25 17:2:03.4160,-0.71,0.78,4.17,0.54,-0.14,-0.71
2024-03-25 17:2:03.4260,-0.67,1.08,4.17,0.75,-0.2,-0.86
2024-03-25 17:2:03.4360,-0.6,1.68,3.75,0.9,-0.23,-0.96
2024-03-25 17:2:03.4460,-0.65,2.41,3.0,0.94,-0.17,-0.89
2024-03-25 17:2:03.4560,-1.13,2.91,2.13,0.84,0.02,-0.62
2024-03-25 17:2:03.4660,-1.8,2.88,1.54,0.72,0.23,-0.23
2024-03-25 17:2:03.4760,-2.21,2.14,1.84,0.7,0.3,0.12
2024-03-25 17:2:03.4860,-1.97,0.82,2.77,0.74,0.19,0.3
2024-03-25 17:2:03.4960,-1.19,-0.68,3.03,0.74,-0.07,0.31
2024-03-25 17:2:03.5060,-0.17,-1.7,2.62,0.71,-0.36,0.17
2024-03-25 17:2:03.5160,0.94,-2.27,2.02,0.66,-0.56,-0.01
2024-03-25 17:2:03.5260,1.59,-2.38,1.51,0.62,-0.58,-0.09
2024-03-25 17:2:03.5360,1.54,-2.34,1.21,0.63,-0.44,-0.07
2024-03-25 17:2:03.5460,1.31,-2.22,1.03,0.64,-0.22,0.01
2024-03-25 17:2:03.5560,1.14,-2.21,0.62,0.59,-0.0,0.11
2024-03-25 17:2:03.5660,1.04,-2.28,-0.01,0.43,0.12,0.2
2024-03-25 17:2:03.5760,0.84,-2.39,-0.68,0.17,0.1,0.26
2024-03-25 17:2:03.5860,0.71,-2.62,-1.37,-0.13,0.0,0.3
2024-03-25 17:2:03.5960,0.61,-3.0,-1.6,-0.36,-0.13,0.29
2024-03-25 17:2:03.6060,0.76,-3.28,-1.33,-0.5,-0.25,0.24
2024-03-25 17:2:03.6160,1.15,-3.49,-1.17,-0.59,-0.31,0.1
2024-03-25 17:2:03.6260,1.78,-3.42,-1.35,-0.61,-0.29,-0.11
2024-03-25 17:2:03.6360,2.23,-3.0,-1.56,-0.58,-0.21,-0.27
2024-03-25 17:2:03.6460,2.09,-2.44,-1.74,-0.52,-0.1,-0.38
2024-03-25 17:2:03.6560,1.77,-1.92,-2.02,-0.47,-0.0,-0.47
2024-03-25 17:2:03.6660,1.47,-1.49,-2.49,-0.43,0.05,-0.53
2024-03-25 17:2:03.6760,1.09,-1.06,-2.92,-0.41,0.08,-0.54
2024-03-25 17:2:03.6860,0.59,-0.67,-3.08,-0.34,0.07,-0.51
2024-03-25 17:2:03.6960,0.2,-0.26,-3.01,-0.27,0.04,-0.46
2024-03-25 17:2:03.7060,0.03,0.04,-3.11,-0.24,-0.0,-0.44
2024-03-25 17:2:03.7160,0.01,0.24,-3.53,-0.26,-0.04,-0.42
2024-03-25 17:2:03.7260,0.01,0.39,-3.87,-0.27,-0.06,-0.4
2024-03-25 17:2:03.7360,0.01,0.61,-3.82,-0.26,-0.06,-0.35
2024-03-25 17:2:03.7460,-0.07,0.81,-3.66,-0.25,-0.05,-0.26
2024-03-25 17:2:03.7560,-0.21,0.99,-3.57,-0.25,-0.03,-0.16
2024-03-25 17:2:03.7660,-0.25,1.01,-3.47,-0.24,-0.02,-0.06
2024-03-25 17:2:03.7760,-0.16,0.9,-3.23,-0.22,-0.03,0.01
2024-03-25 17:2:03.7860,-0.02,0.73,-3.05,-0.24,-0.08,0.06
2024-03-25 17:2:03.7960,0.15,0.59,-3.04,-0.28,-0.16,0.08
2024-03-25 17:2:03.8060,0.35,0.51,-3.04,-0.36,-0.23,0.08
2024-03-25 17:2:03.8160,0.51,0.54,-2.97,-0.46,-0.24,0.1
2024-03-25 17:2:03.8260,0.63,0.53,-2.67,-0.51,-0.17,0.11
2024-03-25 17:2:03.8360,0.9,0.59,-1.9,-0.49,-0.04,0.11
2024-03-25 17:2:03.8460,1.16,0.69,-1.05,-0.46,0.1,0.08
2024-03-25 17:2:03.8560,1.35,0.87,-0.44,-0.44,0.21,0.04
2024-03-25 17:2:03.8660,1.37,1.0,0.12,-0.42,0.31,0.0
2024-03-25 17:2:03.8760,1.23,1.06,1.04,-0.36,0.4,-0.02
2024-03-25 17:2:03.8860,0.92,1.23,2.19,-0.31,0.48,0.01
2024-03-25 17:2:03.8950,0.49,1.38,2.99,-0.32,0.53,0.05
2024-03-25 17:2:03.9060,0.28,1.42,3.46,-0.37,0.5,0.04
2024-03-25 17:2:03.9150,0.21,1.5,4.09,-0.38,0.4,0.01
2024-03-25 17:2:03.9260,0.25,1.58,4.86,-0.3,0.31,-0.07
2024-03-25 17:2:03.9350,0.43,1.57,5.67,-0.11,0.29,-0.15
2024-03-25 17:2:03.9460,0.54,1.54,6.41,0.15,0.33,-0.26
2024-03-25 17:2:03.9560,0.67,1.8,6.77,0.38,0.36,-0.36
2024-03-25 17:2:03.9650,0.53,2.41,6.4,0.45,0.41,-0.38
2024-03-25 17:2:03.9750,-0.13,2.86,5.34,0.35,0.48,-0.21
2024-03-25 17:2:03.9850,-1.53,2.94,4.65,0.17,0.54,0.17
2024-03-25 17:2:03.9950,-2.86,2.27,4.99,0.16,0.52,0.56
2024-03-25 17:2:04.0050,-2.77,1.05,6.09,0.3,0.36,0.72
2024-03-25 17:2:04.0160,-1.75,-0.44,6.34,0.48,0.08,0.68
2024-03-25 17:2:04.0250,-0.89,-1.6,5.48,0.55,-0.16,0.52
2024-03-25 17:2:04.0360,-0.26,-2.23,3.8,0.51,-0.27,0.36
2024-03-25 17:2:04.0450,-0.12,-2.36,2.27,0.46,-0.25,0.27
2024-03-25 17:2:04.0560,-0.4,-2.18,1.5,0.46,-0.12,0.3
2024-03-25 17:2:04.0660,-0.87,-1.97,1.04,0.47,0.05,0.4
2024-03-25 17:2:04.0750,-1.23,-1.67,0.39,0.41,0.19,0.53
2024-03-25 17:2:04.0850,-1.46,-1.52,-0.49,0.3,0.24,0.64
2024-03-25 17:2:04.0950,-1.56,-1.49,-1.25,0.14,0.17,0.7
2024-03-25 17:2:04.1050,-1.49,-1.54,-1.82,-0.02,0.03,0.7
2024-03-25 17:2:04.1150,-1.25,-1.64,-2.19,-0.15,-0.14,0.67
2024-03-25 17:2:04.1250,-0.98,-1.72,-2.39,-0.24,-0.28,0.62
2024-03-25 17:2:04.1350,-0.67,-1.8,-2.51,-0.3,-0.38,0.55
2024-03-25 17:2:04.1450,-0.3,-1.81,-2.64,-0.31,-0.4,0.48
2024-03-25 17:2:04.1560,0.03,-1.84,-2.76,-0.28,-0.37,0.39
2024-03-25 17:2:04.1650,0.4,-1.8,-2.8,-0.18,-0.27,0.29
2024-03-25 17:2:04.1750,0.59,-1.62,-2.75,-0.03,-0.16,0.21
2024-03-25 17:2:04.1850,0.54,-1.31,-2.68,0.15,-0.11,0.16
2024-03-25 17:2:04.1950,0.47,-0.93,-2.78,0.26,-0.08,0.12
2024-03-25 17:2:04.2050,0.45,-0.58,-3.44,0.24,-0.06,0.12
2024-03-25 17:2:04.2150,0.39,-0.28,-4.13,0.12,-0.1,0.12
2024-03-25 17:2:04.2250,0.29,-0.05,-4.56,-0.05,-0.12,0.17
2024-03-25 17:2:04.2350,0.1,0.0,-4.42,-0.16,-0.11,0.23
2024-03-25 17:2:04.2450,0.07,-0.03,-3.6,-0.13,-0.07,0.27
2024-03-25 17:2:04.2550,0.3,-0.25,-2.44,0.03,0.02,0.25
2024-03-25 17:2:04.2650,0.82,-0.51,-1.49,0.19,0.07,0.15
2024-03-25 17:2:04.2750,1.23,-0.58,-1.38,0.26,0.04,0.05
2024-03-25 17:2:04.2850,1.22,-0.38,-1.79,0.23,-0.02,-0.01
2024-03-25 17:2:04.2950,0.93,-0.07,-2.03,0.16,-0.08,-0.03
2024-03-25 17:2:04.3050,0.68,0.14,-1.87,0.1,-0.1,-0.04
2024-03-25 17:2:04.3150,0.59,0.19,-1.51,0.06,-0.05,-0.01
2024-03-25 17:2:04.3250,0.42,0.13,-1.14,0.08,0.02,0.01
2024-03-25 17:2:04.3350,0.44,-0.01,-0.52,0.13,0.05,-0.03
2024-03-25 17:2:04.3450,0.57,-0.13,-0.15,0.18,0.04,-0.11
2024-03-25 17:2:04.3550,0.52,-0.17,-0.05,0.21,-0.03,-0.2
2024-03-25 17:2:04.3650,0.32,0.0,0.0,0.2,-0.1,-0.26
2024-03-25 17:2:04.3750,0.0,0.2,-0.11,0.13,-0.12,-0.25
2024-03-25 17:2:04.3850,-0.54,0.37,-0.23,0.03,-0.11,-0.19
2024-03-25 17:2:04.3950,-1.08,0.55,0.12,-0.03,-0.1,-0.1
2024-03-25 17:2:04.4050,-1.28,0.81,0.74,-0.07,-0.11,-0.02
2024-03-25 17:2:04.4150,-1.17,1.02,1.21,-0.05,-0.18,0.02
2024-03-25 17:2:04.4250,-0.81,1.13,1.81,0.02,-0.26,-0.01
2024-03-25 17:2:04.4350,-0.31,1.06,2.33,0.11,-0.38,-0.1
2024-03-25 17:2:04.4450,0.14,1.09,2.49,0.17,-0.51,-0.22
2024-03-25 17:2:04.4550,0.47,1.18,2.37,0.21,-0.61,-0.34
2024-03-25 17:2:04.4650,0.76,1.47,2.35,0.22,-0.61,-0.42
2024-03-25 17:2:04.4750,0.77,1.83,2.13,0.08,-0.5,-0.39
2024-03-25 17:2:04.4850,0.15,1.81,1.6,-0.1,-0.27,-0.2
2024-03-25 17:2:04.4950,-0.47,1.52,2.17,-0.12,-0.02,0.06
2024-03-25 17:2:04.5050,-0.76,0.71,3.9,0.04,0.15,0.26
2024-03-25 17:2:04.5150,-0.62,-0.61,5.31,0.28,0.1,0.27
2024-03-25 17:2:04.5250,-0.05,-1.87,5.61,0.45,-0.13,0.12
2024-03-25 17:2:04.5350,0.73,-2.52,4.89,0.5,-0.37,-0.09
2024-03-25 17:2:04.5450,1.28,-2.68,3.75,0.51,-0.49,-0.27
2024-03-25 17:2:04.5550,1.36,-2.58,2.86,0.54,-0.46,-0.34
2024-03-25 17:2:04.5650,1.07,-2.28,2.28,0.56,-0.35,-0.3
2024-03-25 17:2:04.5750,0.73,-2.0,1.58,0.53,-0.2,-0.22
2024-03-25 17:2:04.5850,0.65,-1.74,0.64,0.39,-0.01,-0.12
2024-03-25 17:2:04.5950,0.6,-1.72,-0.36,0.19,0.13,-0.04
2024-03-25 17:2:04.6050,0.46,-1.79,-0.79,0.0,0.17,0.02
2024-03-25 17:2:04.6160,0.2,-1.95,-0.76,-0.13,0.13,0.07
2024-03-25 17:2:04.6250,0.04,-2.14,-0.4,-0.19,0.06,0.06
2024-03-25 17:2:04.6350,0.22,-2.33,-0.22,-0.21,-0.01,0.01
2024-03-25 17:2:04.6450,0.49,-2.28,-0.38,-0.22,-0.07,-0.09
2024-03-25 17:2:04.6550,0.88,-1.92,-0.77,-0.24,-0.09,-0.19
2024-03-25 17:2:04.6650,1.06,-1.45,-1.23,-0.25,-0.04,-0.23
2024-03-25 17:2:04.6750,0.91,-1.05,-1.47,-0.22,0.04,-0.22
2024-03-25 17:2:04.6850,0.65,-0.78,-1.54,-0.17,0.13,-0.19
2024-03-25 17:2:04.6950,0.48,-0.68,-1.68,-0.13,0.19,-0.15
2024-03-25 17:2:04.7050,0.51,-0.64,-1.94,-0.1,0.21,-0.14
2024-03-25 17:2:04.7150,0.53,-0.61,-2.22,-0.08,0.16,-0.14
2024-03-25 17:2:04.7250,0.5,-0.52,-2.31,-0.04,0.08,-0.15
2024-03-25 17:2:04.7350,0.56,-0.44,-2.29,0.01,0.01,-0.17
2024-03-25 17:2:04.7450,0.67,-0.46,-2.44,0.02,-0.02,-0.18
2024-03-25 17:2:04.7550,0.67,-0.51,-2.77,0.01,0.01,-0.17
2024-03-25 17:2:04.7650,0.51,-0.63,-2.95,0.01,0.07,-0.14
2024-03-25 17:2:04.7750,0.36,-0.69,-2.81,0.04,0.13,-0.11
2024-03-25 17:2:04.7850,0.26,-0.68,-2.51,0.09,0.17,-0.1
2024-03-25 17:2:04.7950,0.31,-0.53,-2.22,0.13,0.16,-0.08
2024-03-25 17:2:04.8050,0.38,-0.24,-2.16,0.13,0.12,-0.07
2024-03-25 17:2:04.8150,0.41,0.01,-2.16,0.11,0.08,-0.04
2024-03-25 17:2:04.8250,0.36,0.13,-2.11,0.1,0.02,-0.01
2024-03-25 17:2:04.8350,0.39,0.22,-1.92,0.09,-0.02,0.0
2024-03-25 17:2:04.8450,0.46,0.24,-1.8,0.08,-0.03,0.01
2024-03-25 17:2:04.8550,0.5,0.25,-1.67,0.09,0.0,0.01
2024-03-25 17:2:04.8650,0.62,0.27,-1.37,0.12,0.09,-0.01
2024-03-25 17:2:04.8750,0.77,0.36,-1.07,0.14,0.2,-0.01
2024-03-25 17:2:04.8850,0.87,0.58,-0.7,0.16,0.28,-0.02
2024-03-25 17:2:04.8950,0.85,0.76,-0.25,0.14,0.35,0.01
2024-03-25 17:2:04.9050,0.71,0.82,0.13,0.12,0.39,0.06
2024-03-25 17:2:04.9150,0.63,0.86,0.66,0.12,0.4,0.09
2024-03-25 17:2:04.9250,0.71,0.83,1.22,0.13,0.37,0.1
2024-03-25 17:2:04.9350,0.74,0.74,1.67,0.17,0.32,0.09
2024-03-25 17:2:04.9450,0.73,0.68,2.23,0.23,0.26,0.08
2024-03-25 17:2:04.9550,0.68,0.65,2.71,0.28,0.27,0.07
2024-03-25 17:2:04.9650,0.73,0.54,3.0,0.36,0.3,0.04
2024-03-25 17:2:04.9750,0.73,0.42,3.41,0.48,0.34,-0.01
2024-03-25 17:2:04.9850,0.6,0.35,3.85,0.64,0.32,-0.06
2024-03-25 17:2:04.9950,0.57,0.51,4.15,0.78,0.22,-0.15
2024-03-25 17:2:05.0050,0.51,0.79,3.83,0.76,0.11,-0.22
2024-03-25 17:2:05.0150,0.11,0.72,2.74,0.6,0.04,-0.21
2024-03-25 17:2:05.0250,-0.79,0.27,2.02,0.41,-0.0,-0.08
2024-03-25 17:2:05.0350,-1.53,0.0,2.22,0.36,-0.01,0.11
2024-03-25 17:2:05.0450,-1.76,-0.48,3.11,0.53,-0.02,0.21
2024-03-25 17:2:05.0550,-1.21,-1.22,3.85,0.77,-0.01,0.15
2024-03-25 17:2:05.0650,-0.47,-1.95,3.34,0.92,-0.07,0.01
2024-03-25 17:2:05.0750,-0.43,-2.29,1.94,0.83,-0.23,-0.08
2024-03-25 17:2:05.0850,-0.9,-2.16,0.02,0.55,-0.4,-0.09
2024-03-25 17:2:05.0950,-1.44,-2.01,-1.3,0.24,-0.47,-0.03
2024-03-25 17:2:05.1050,-1.67,-1.94,-1.76,-0.0,-0.39,0.04
2024-03-25 17:2:05.1150,-1.48,-1.95,-1.65,-0.18,-0.23,0.07
2024-03-25 17:2:05.1250,-1.34,-2.11,-1.63,-0.35,-0.04,0.07
2024-03-25 17:2:05.1350,-1.3,-2.15,-1.8,-0.52,0.14,0.05
2024-03-25 17:2:05.1450,-1.41,-2.06,-1.58,-0.57,0.2,0.02
2024-03-25 17:2:05.1550,-1.58,-1.73,-0.67,-0.54,0.15,-0.02
2024-03-25 17:2:05.1650,-1.73,-1.31,-0.21,-0.51,0.04,-0.02
2024-03-25 17:2:05.1750,-1.76,-0.8,-0.33,-0.5,-0.05,-0.0
2024-03-25 17:2:05.1850,-1.61,-0.26,-0.69,-0.5,-0.12,0.06
2024-03-25 17:2:05.1950,-1.45,0.2,-1.0,-0.5,-0.16,0.15
2024-03-25 17:2:05.2050,-1.24,0.44,-1.27,-0.49,-0.14,0.25
2024-03-25 17:2:05.2150,-0.99,0.51,-1.48,-0.45,-0.09,0.35
2024-03-25 17:2:05.2250,-0.65,0.42,-1.58,-0.37,-0.05,0.41
2024-03-25 17:2:05.2350,-0.33,0.24,-1.64,-0.27,-0.05,0.42
2024-03-25 17:2:05.2450,0.02,-0.01,-1.92,-0.2,-0.09,0.38
2024-03-25 17:2:05.2550,0.31,-0.25,-2.53,-0.18,-0.19,0.32
2024-03-25 17:2:05.2650,0.43,-0.4,-3.17,-0.2,-0.29,0.26
2024-03-25 17:2:05.2750,0.52,-0.44,-3.83,-0.26,-0.36,0.22
2024-03-25 17:2:05.2850,0.57,-0.45,-4.32,-0.32,-0.37,0.21
2024-03-25 17:2:05.2950,0.54,-0.35,-4.6,-0.39,-0.31,0.22
2024-03-25 17:2:05.3050,0.6,-0.27,-4.65,-0.44,-0.19,0.22
2024-03-25 17:2:05.3150,0.77,-0.23,-4.39,-0.46,-0.03,0.19
2024-03-25 17:2:05.3250,0.92,-0.24,-3.88,-0.46,0.12,0.13
2024-03-25 17:2:05.3350,0.99,-0.22,-3.19,-0.45,0.19,0.04
2024-03-25 17:2:05.3450,0.92,-0.16,-2.54,-0.44,0.15,-0.07
2024-03-25 17:2:05.3550,0.64,-0.03,-1.93,-0.43,0.08,-0.15
2024-03-25 17:2:05.3650,0.15,0.18,-1.36,-0.41,-0.01,-0.16
2024-03-25 17:2:05.3750,-0.48,0.5,-0.74,-0.41,-0.09,-0.11
2024-03-25 17:2:05.3850,-0.9,0.85,-0.29,-0.42,-0.13,-0.03
2024-03-25 17:2:05.3950,-1.08,1.06,0.12,-0.41,-0.14,0.06
2024-03-25 17:2:05.4040,-0.97,1.14,0.83,-0.34,-0.15,0.1
2024-03-25 17:2:05.4140,-0.61,1.11,1.55,-0.25,-0.19,0.08
2024-03-25 17:2:05.4240,-0.2,1.07,1.91,-0.18,-0.26,0.01
2024-03-25 17:2:05.4350,0.08,1.05,1.97,-0.13,-0.34,-0.07
2024-03-25 17:2:05.4440,0.28,1.14,1.85,-0.1,-0.4,-0.15
2024-03-25 17:2:05.4550,0.31,1.29,1.75,-0.07,-0.43,-0.2
2024-03-25 17:2:05.4650,0.18,1.39,1.81,-0.07,-0.45,-0.23
2024-03-25 17:2:05.4740,0.0,1.47,1.89,-0.1,-0.42,-0.24
2024-03-25 17:2:05.4840,0.05,1.5,1.91,-0.13,-0.33,-0.24
2024-03-25 17:2:05.4940,0.21,1.55,2.25,-0.1,-0.26,-0.27
2024-03-25 17:2:05.5040,0.54,1.75,2.82,-0.07,-0.2,-0.33
2024-03-25 17:2:05.5140,0.66,1.8,2.9,-0.12,-0.09,-0.32
2024-03-25 17:2:05.5240,0.17,1.51,2.65,-0.22,0.03,-0.22
2024-03-25 17:2:05.5340,-0.46,1.05,2.9,-0.29,0.08,-0.08
2024-03-25 17:2:05.5440,-0.77,0.55,3.76,-0.28,0.08,0.01
2024-03-25 17:2:05.5550,-0.65,-0.25,4.52,-0.2,-0.01,0.01
2024-03-25 17:2:05.5640,-0.19,-0.93,4.89,-0.1,-0.15,-0.04
2024-03-25 17:2:05.5740,0.22,-1.37,4.76,-0.02,-0.24,-0.11
2024-03-25 17:2:05.5840,0.4,-1.78,4.36,0.06,-0.25,-0.16
2024-03-25 17:2:05.5940,0.4,-2.15,3.99,0.17,-0.2,-0.17
2024-03-25 17:2:05.6040,0.33,-2.41,3.66,0.27,-0.14,-0.18
2024-03-25 17:2:05.6140,0.27,-2.56,3.01,0.31,-0.08,-0.18
2024-03-25 17:2:05.6240,0.31,-2.63,2.06,0.32,-0.06,-0.21
2024-03-25 17:2:05.6340,0.44,-2.54,1.24,0.28,-0.08,-0.25
2024-03-25 17:2:05.6440,0.44,-2.35,0.35,0.18,-0.09,-0.27
2024-03-25 17:2:05.6540,0.26,-2.12,-0.6,0.03,-0.06,-0.26
2024-03-25 17:2:05.6640,0.1,-1.81,-1.3,-0.11,-0.0,-0.24
2024-03-25 17:2:05.6740,0.04,-1.5,-1.6,-0.2,0.07,-0.23
2024-03-25 17:2:05.6840,0.07,-1.15,-1.5,-0.2,0.12,-0.22
2024-03-25 17:2:05.6940,0.15,-0.87,-1.23,-0.14,0.16,-0.26
2024-03-25 17:2:05.7040,0.31,-0.63,-1.12,-0.04,0.16,-0.31
2024-03-25 17:2:05.7140,0.37,-0.45,-1.28,0.05,0.13,-0.37
2024-03-25 17:2:05.7240,0.37,-0.25,-1.69,0.12,0.1,-0.42
2024-03-25 17:2:05.7340,0.31,-0.05,-2.21,0.16,0.1,-0.44
2024-03-25 17:2:05.7450,0.16,0.18,-2.69,0.17,0.09,-0.41
2024-03-25 17:2:05.7540,-0.15,0.42,-3.11,0.15,0.1,-0.33
2024-03-25 17:2:05.7640,-0.35,0.66,-3.31,0.14,0.1,-0.24
2024-03-25 17:2:05.7740,-0.34,0.81,-3.45,0.13,0.09,-0.14
2024-03-25 17:2:05.7840,-0.27,0.8,-3.57,0.13,0.1,-0.04
2024-03-25 17:2:05.7940,-0.23,0.67,-3.55,0.12,0.1,0.05
2024-03-25 17:2:05.8040,-0.16,0.46,-3.63,0.08,0.08,0.13
2024-03-25 17:2:05.8140,-0.12,0.21,-3.73,0.02,0.04,0.18
2024-03-25 17:2:05.8240,-0.04,-0.02,-3.64,-0.03,0.0,0.22
2024-03-25 17:2:05.8340,0.08,-0.25,-3.37,-0.06,-0.02,0.21
2024-03-25 17:2:05.8440,0.33,-0.38,-3.15,-0.1,-0.02,0.17
2024-03-25 17:2:05.8540,0.5,-0.45,-3.0,-0.12,-0.02,0.13
2024-03-25 17:2:05.8640,0.49,-0.38,-2.72,-0.13,-0.0,0.09
2024-03-25 17:2:05.8740,0.54,-0.22,-2.36,-0.12,0.02,0.06
2024-03-25 17:2:05.8840,0.48,-0.02,-1.88,-0.1,0.06,0.03
2024-03-25 17:2:05.8940,0.39,0.26,-1.45,-0.11,0.09,0.02
2024-03-25 17:2:05.9040,0.3,0.55,-1.07,-0.14,0.12,0.03
2024-03-25 17:2:05.9140,0.11,0.84,-0.59,-0.16,0.12,0.08
2024-03-25 17:2:05.9240,-0.24,1.05,0.22,-0.19,0.04,0.16
2024-03-25 17:2:05.9340,-0.59,1.2,1.12,-0.26,-0.14,0.27
2024-03-25 17:2:05.9440,-0.77,1.0,1.93,-0.35,-0.41,0.4
2024-03-25 17:2:05.9540,-0.65,0.56,2.97,-0.37,-0.66,0.49
2024-03-25 17:2:05.9640,-0.03,-0.14,4.28,-0.27,-0.82,0.46
2024-03-25 17:2:05.9740,1.19,-0.79,5.41,-0.11,-0.83,0.28
2024-03-25 17:2:05.9840,2.25,-1.22,5.95,0.07,-0.76,0.13
2024-03-25 17:2:05.9940,2.33,-1.48,6.63,0.31,-0.72,0.01
2024-03-25 17:2:06.0040,2.21,-1.27,7.75,0.6,-0.76,-0.14
2024-03-25 17:2:06.0140,2.68,-0.86,8.57,0.93,-0.81,-0.4
2024-03-25 17:2:06.0240,3.18,-0.19,8.47,1.11,-0.7,-0.6
2024-03-25 17:2:06.0340,2.32,-0.09,6.85,1.17,-0.51,-0.64
2024-03-25 17:2:06.0440,1.03,0.38,5.46,1.22,-0.33,-0.5
2024-03-25 17:2:06.0540,-0.43,0.94,4.72,1.34,-0.19,-0.22
2024-03-25 17:2:06.0640,-2.05,0.98,3.88,1.43,-0.09,0.06
2024-03-25 17:2:06.0740,-2.44,0.65,2.07,1.31,-0.1,0.19
2024-03-25 17:2:06.0840,-2.27,-0.03,-0.43,0.97,-0.21,0.2
2024-03-25 17:2:06.0940,-2.15,-0.65,-2.39,0.57,-0.3,0.21
2024-03-25 17:2:06.1040,-2.54,-1.12,-3.04,0.25,-0.3,0.27
2024-03-25 17:2:06.1140,-3.12,-1.46,-2.83,-0.01,-0.21,0.36
2024-03-25 17:2:06.1240,-3.59,-1.88,-2.46,-0.19,-0.11,0.42
2024-03-25 17:2:06.1340,-3.78,-2.29,-2.05,-0.31,0.0,0.44
2024-03-25 17:2:06.1440,-3.83,-2.64,-1.8,-0.4,0.09,0.43
2024-03-25 17:2:06.1540,-3.78,-2.67,-1.91,-0.5,0.14,0.4
2024-03-25 17:2:06.1640,-3.68,-2.44,-2.29,-0.59,0.17,0.38
2024-03-25 17:2:06.1740,-3.61,-1.99,-2.48,-0.59,0.19,0.39
2024-03-25 17:2:06.1840,-3.64,-1.3,-2.39,-0.54,0.21,0.51
2024-03-25 17:2:06.1940,-3.82,-0.63,-2.45,-0.48,0.21,0.71
2024-03-25 17:2:06.2040,-3.91,0.04,-2.89,-0.48,0.17,0.9
2024-03-25 17:2:06.2140,-3.33,0.36,-3.82,-0.57,0.09,1.01
2024-03-25 17:2:06.2240,-2.54,0.39,-4.66,-0.68,0.01,1.08
2024-03-25 17:2:06.2340,-1.96,0.28,-4.95,-0.72,0.07,1.11
2024-03-25 17:2:06.2440,-1.17,0.17,-4.68,-0.64,0.29,1.12
2024-03-25 17:2:06.2540,-0.32,-0.02,-3.78,-0.42,0.5,1.08
2024-03-25 17:2:06.2640,0.13,-0.38,-2.91,-0.23,0.61,1.04
2024-03-25 17:2:06.2740,0.39,-0.28,-2.99,-0.2,0.56,0.99
2024-03-25 17:2:06.2840,0.48,-0.09,-3.76,-0.34,0.39,0.96
2024-03-25 17:2:06.2940,0.46,0.1,-4.41,-0.55,0.21,0.96
2024-03-25 17:2:06.3040,0.44,0.27,-4.36,-0.69,0.08,0.99
2024-03-25 17:2:06.3140,0.59,0.37,-3.64,-0.74,0.06,0.99
2024-03-25 17:2:06.3240,1.02,0.29,-2.89,-0.7,0.13,0.96
2024-03-25 17:2:06.3340,1.44,0.13,-2.2,-0.62,0.22,0.88
2024-03-25 17:2:06.3440,1.68,0.09,-1.54,-0.53,0.32,0.78
2024-03-25 17:2:06.3540,1.83,0.03,-0.94,-0.44,0.36,0.64
2024-03-25 17:2:06.3640,1.95,-0.05,-0.31,-0.38,0.33,0.49
2024-03-25 17:2:06.3740,1.88,0.0,0.18,-0.36,0.28,0.38
2024-03-25 17:2:06.3840,1.56,0.18,0.65,-0.34,0.22,0.33
2024-03-25 17:2:06.3940,1.18,0.4,1.35,-0.29,0.16,0.27
2024-03-25 17:2:06.4040,1.24,0.61,2.02,-0.2,0.1,0.16
2024-03-25 17:2:06.4140,1.44,0.76,2.57,-0.1,0.05,0.04
2024-03-25 17:2:06.4240,1.5,0.86,3.01,0.01,-0.0,-0.1
2024-03-25 17:2:06.4340,1.41,1.09,3.24,0.05,-0.05,-0.2
2024-03-25 17:2:06.4440,1.05,1.33,3.16,0.05,-0.07,-0.23
2024-03-25 17:2:06.4540,0.56,1.57,3.24,0.06,-0.06,-0.2
2024-03-25 17:2:06.4640,0.15,1.73,3.66,0.07,-0.06,-0.16
2024-03-25 17:2:06.4740,-0.1,1.79,4.05,0.11,-0.1,-0.12
2024-03-25 17:2:06.4840,-0.18,1.81,4.39,0.19,-0.18,-0.15
2024-03-25 17:2:06.4940,0.2,1.76,4.66,0.31,-0.29,-0.29
2024-03-25 17:2:06.5040,0.94,1.74,4.7,0.46,-0.4,-0.51
2024-03-25 17:2:06.5140,1.76,1.88,4.56,0.58,-0.44,-0.73
2024-03-25 17:2:06.5240,2.14,2.17,4.12,0.58,-0.34,-0.83
2024-03-25 17:2:06.5340,1.83,2.15,3.29,0.42,-0.08,-0.78
2024-03-25 17:2:06.5440,1.27,1.83,2.75,0.32,0.19,-0.58
2024-03-25 17:2:06.5540,0.46,1.02,3.75,0.42,0.28,-0.42
2024-03-25 17:2:06.5640,0.09,-0.15,5.02,0.54,0.21,-0.35
2024-03-25 17:2:06.5740,0.18,-1.44,4.84,0.63,0.02,-0.39
2024-03-25 17:2:06.5840,0.53,-2.34,4.07,0.69,-0.24,-0.52
2024-03-25 17:2:06.5940,0.77,-2.77,3.11,0.71,-0.49,-0.65
2024-03-25 17:2:06.6040,0.79,-2.73,1.73,0.65,-0.63,-0.71
2024-03-25 17:2:06.6140,0.65,-2.36,0.22,0.58,-0.63,-0.68
2024-03-25 17:2:06.6240,0.52,-1.96,-0.97,0.48,-0.49,-0.61
2024-03-25 17:2:06.6340,0.42,-1.63,-1.96,0.33,-0.28,-0.48
2024-03-25 17:2:06.6440,0.25,-1.3,-2.91,0.09,-0.03,-0.31
2024-03-25 17:2:06.6540,-0.11,-1.07,-3.69,-0.23,0.16,-0.1
2024-03-25 17:2:06.6640,-0.62,-1.09,-4.12,-0.55,0.26,0.09
2024-03-25 17:2:06.6740,-0.92,-1.28,-3.94,-0.85,0.29,0.24
2024-03-25 17:2:06.6840,-0.95,-1.7,-3.56,-1.04,0.29,0.32
2024-03-25 17:2:06.6940,-0.71,-2.24,-2.73,-1.08,0.26,0.27
2024-03-25 17:2:06.7040,-0.16,-2.62,-1.72,-1.0,0.21,0.12
2024-03-25 17:2:06.7140,0.34,-2.73,-1.08,-0.85,0.2,-0.09
2024-03-25 17:2:06.7240,0.6,-2.6,-0.86,-0.67,0.23,-0.29
2024-03-25 17:2:06.7340,0.56,-2.19,-0.89,-0.49,0.25,-0.45
2024-03-25 17:2:06.7440,0.28,-1.61,-1.26,-0.34,0.26,-0.55
2024-03-25 17:2:06.7540,-0.18,-0.98,-1.75,-0.22,0.24,-0.57
2024-03-25 17:2:06.7640,-0.58,-0.31,-2.28,-0.14,0.19,-0.55
2024-03-25 17:2:06.7740,-0.78,0.29,-2.88,-0.11,0.14,-0.5
2024-03-25 17:2:06.7840,-0.81,0.74,-3.41,-0.1,0.08,-0.45
2024-03-25 17:2:06.7940,-0.64,0.96,-3.72,-0.1,0.05,-0.41
2024-03-25 17:2:06.8040,-0.35,1.0,-3.69,-0.07,0.04,-0.38
2024-03-25 17:2:06.8130,-0.04,0.96,-3.31,-0.01,0.07,-0.36
2024-03-25 17:2:06.8240,0.06,0.85,-2.97,0.03,0.14,-0.3
2024-03-25 17:2:06.8330,0.05,0.82,-2.7,0.03,0.21,-0.24
2024-03-25 17:2:06.8430,0.2,0.78,-2.42,0.02,0.27,-0.19
2024-03-25 17:2:06.8530,0.29,0.67,-2.03,-0.0,0.32,-0.13
2024-03-25 17:2:06.8630,0.34,0.5,-1.44,0.02,0.38,-0.08
2024-03-25 17:2:06.8730,0.42,0.22,-0.42,0.1,0.4,-0.06
2024-03-25 17:2:06.8830,0.53,-0.1,0.73,0.19,0.39,-0.1
2024-03-25 17:2:06.8940,0.72,-0.32,1.33,0.22,0.38,-0.15
2024-03-25 17:2:06.9030,0.69,-0.48,1.43,0.17,0.4,-0.2
2024-03-25 17:2:06.9130,0.49,-0.47,1.54,0.13,0.44,-0.18
2024-03-25 17:2:06.9230,-0.04,-0.41,1.99,0.11,0.48,-0.09
2024-03-25 17:2:06.9330,-0.62,-0.29,2.61,0.11,0.47,0.01
2024-03-25 17:2:06.9430,-0.85,-0.04,3.09,0.09,0.38,0.09
2024-03-25 17:2:06.9540,-0.82,0.21,3.33,0.07,0.27,0.14
2024-03-25 17:2:06.9630,-0.66,0.46,3.44,0.08,0.18,0.15
2024-03-25 17:2:06.9730,-0.35,0.83,3.62,0.1,0.1,0.12
2024-03-25 17:2:06.9830,-0.13,1.29,3.48,0.03,0.09,0.15
2024-03-25 17:2:06.9930,-0.47,1.48,3.0,-0.14,0.16,0.27
2024-03-25 17:2:07.0030,-1.08,1.44,2.69,-0.33,0.23,0.52
2024-03-25 17:2:07.0130,-1.54,1.11,3.09,-0.36,0.19,0.74
2024-03-25 17:2:07.0230,-1.06,0.34,4.37,-0.21,0.08,0.71
2024-03-25 17:2:07.0330,0.15,-0.68,4.96,-0.02,-0.03,0.56
2024-03-25 17:2:07.0430,0.79,-1.47,4.76,0.17,-0.12,0.4
2024-03-25 17:2:07.0530,0.77,-2.03,4.28,0.34,-0.18,0.25
2024-03-25 17:2:07.0630,0.56,-2.41,3.53,0.47,-0.25,0.11
2024-03-25 17:2:07.0730,0.2,-2.62,2.57,0.56,-0.3,-0.02
2024-03-25 17:2:07.0830,-0.24,-2.55,1.34,0.59,-0.34,-0.12
2024-03-25 17:2:07.0930,-0.64,-2.33,0.11,0.61,-0.35,-0.18
2024-03-25 17:2:07.1030,-1.05,-1.91,-0.93,0.58,-0.31,-0.2
2024-03-25 17:2:07.1130,-1.41,-1.44,-2.1,0.47,-0.24,-0.14
2024-03-25 17:2:07.1230,-1.87,-0.98,-3.22,0.31,-0.17,0.02
2024-03-25 17:2:07.1330,-2.28,-0.52,-3.96,0.13,-0.14,0.21
2024-03-25 17:2:07.1430,-2.49,-0.14,-4.39,-0.08,-0.18,0.41
2024-03-25 17:2:07.1540,-2.38,0.02,-4.75,-0.28,-0.24,0.57
2024-03-25 17:2:07.1630,-1.92,-0.12,-4.85,-0.41,-0.27,0.67
2024-03-25 17:2:07.1740,-1.35,-0.32,-4.43,-0.45,-0.25,0.7
2024-03-25 17:2:07.1830,-0.79,-0.45,-4.13,-0.46,-0.19,0.68
2024-03-25 17:2:07.1930,-0.29,-0.6,-4.11,-0.48,-0.1,0.63
2024-03-25 17:2:07.2030,0.04,-0.63,-4.09,-0.52,-0.0,0.56
2024-03-25 17:2:07.2130,0.15,-0.64,-4.02,-0.55,0.06,0.5
2024-03-25 17:2:07.2230,0.18,-0.51,-3.65,-0.55,0.08,0.46
2024-03-25 17:2:07.2330,0.08,-0.44,-3.15,-0.53,0.05,0.42
2024-03-25 17:2:07.2430,0.07,-0.34,-2.69,-0.51,0.03,0.35
2024-03-25 17:2:07.2530,0.25,-0.2,-2.38,-0.46,0.05,0.29
2024-03-25 17:2:07.2630,0.35,-0.04,-2.09,-0.41,0.12,0.22
2024-03-25 17:2:07.2730,0.42,0.15,-1.77,-0.35,0.21,0.16
2024-03-25 17:2:07.2830,0.36,0.42,-1.44,-0.31,0.28,0.12
2024-03-25 17:2:07.2930,0.28,0.72,-1.14,-0.26,0.31,0.08
2024-03-25 17:2:07.3030,0.19,1.05,-0.71,-0.19,0.3,0.06
2024-03-25 17:2:07.3130,-0.07,1.34,-0.22,-0.09,0.25,0.06
2024-03-25 17:2:07.3230,-0.32,1.57,0.33,0.02,0.18,0.05
2024-03-25 17:2:07.3330,-0.41,1.8,0.65,0.05,0.13,0.05
2024-03-25 17:2:07.3440,-0.51,1.97,0.58,0.04,0.11,0.08
2024-03-25 17:2:07.3530,-0.65,2.15,0.86,0.05,0.1,0.11
2024-03-25 17:2:07.3630,-0.67,2.26,1.56,0.08,0.09,0.14
2024-03-25 17:2:07.3730,-0.57,2.26,2.25,0.13,0.1,0.15
2024-03-25 17:2:07.3830,-0.37,2.1,2.86,0.22,0.1,0.13
2024-03-25 17:2:07.3930,-0.11,1.88,3.54,0.32,0.04,0.08
2024-03-25 17:2:07.4030,0.1,1.65,3.98,0.38,-0.08,0.02
2024-03-25 17:2:07.4130,0.34,1.31,4.07,0.4,-0.22,-0.08
2024-03-25 17:2:07.4230,0.83,0.97,4.11,0.42,-0.35,-0.21
2024-03-25 17:2:07.4330,1.24,0.75,4.19,0.48,-0.5,-0.37
2024-03-25 17:2:07.4430,1.44,0.56,4.33,0.63,-0.62,-0.57
2024-03-25 17:2:07.4530,1.88,0.72,4.54,0.78,-0.67,-0.77
2024-03-25 17:2:07.4630,2.34,1.26,3.96,0.81,-0.56,-0.87
2024-03-25 17:2:07.4730,2.12,1.54,2.98,0.71,-0.33,-0.82
2024-03-25 17:2:07.4830,1.5,1.56,2.34,0.59,-0.03,-0.57
2024-03-25 17:2:07.4930,0.65,1.06,2.81,0.66,0.12,-0.33
2024-03-25 17:2:07.5030,0.31,0.01,4.18,0.81,0.06,-0.24
2024-03-25 17:2:07.5130,0.65,-1.3,4.31,0.88,-0.18,-0.26
2024-03-25 17:2:07.5230,1.28,-2.09,3.3,0.85,-0.51,-0.4
2024-03-25 17:2:07.5330,2.01,-2.28,1.99,0.66,-0.78,-0.56
2024-03-25 17:2:07.5430,2.28,-2.24,0.54,0.43,-0.81,-0.61
2024-03-25 17:2:07.5530,2.01,-2.03,-0.12,0.27,-0.63,-0.54
2024-03-25 17:2:07.5630,1.65,-1.96,0.01,0.19,-0.31,-0.44
2024-03-25 17:2:07.5730,1.27,-2.19,0.32,0.16,0.05,-0.32
2024-03-25 17:2:07.5830,0.72,-2.48,0.6,0.08,0.3,-0.22
2024-03-25 17:2:07.5930,0.09,-2.71,0.37,-0.1,0.36,-0.14
2024-03-25 17:2:07.6030,-0.43,-2.87,-0.28,-0.31,0.27,-0.11
2024-03-25 17:2:07.6130,-0.77,-3.07,-0.58,-0.47,0.09,-0.13
2024-03-25 17:2:07.6230,-0.89,-3.16,-0.72,-0.56,-0.08,-0.21
2024-03-25 17:2:07.6330,-0.74,-3.09,-1.08,-0.59,-0.17,-0.32
2024-03-25 17:2:07.6430,-0.41,-2.75,-1.5,-0.54,-0.13,-0.43
2024-03-25 17:2:07.6530,-0.26,-2.19,-1.77,-0.43,-0.01,-0.5
2024-03-25 17:2:07.6630,-0.34,-1.61,-2.1,-0.32,0.15,-0.54
2024-03-25 17:2:07.6730,-0.56,-1.09,-2.44,-0.22,0.3,-0.53
2024-03-25 17:2:07.6830,-0.9,-0.73,-2.79,-0.14,0.39,-0.5
2024-03-25 17:2:07.6930,-1.13,-0.39,-3.03,-0.07,0.41,-0.47
2024-03-25 17:2:07.7030,-1.21,-0.09,-3.24,-0.02,0.32,-0.44
2024-03-25 17:2:07.7130,-1.17,0.3,-3.29,0.05,0.16,-0.39
2024-03-25 17:2:07.7230,-1.19,0.64,-3.36,0.09,-0.02,-0.32
2024-03-25 17:2:07.7330,-1.16,0.83,-3.61,0.13,-0.13,-0.23
2024-03-25 17:2:07.7430,-0.93,0.87,-3.86,0.14,-0.15,-0.13
2024-03-25 17:2:07.7530,-0.75,0.77,-4.11,0.13,-0.05,0.01
2024-03-25 17:2:07.7630,-0.65,0.62,-4.22,0.11,0.07,0.14
2024-03-25 17:2:07.7730,-0.42,0.53,-4.21,0.01,0.17,0.26
2024-03-25 17:2:07.7830,-0.16,0.37,-4.34,-0.11,0.19,0.33
2024-03-25 17:2:07.7930,0.18,0.17,-4.07,-0.2,0.21,0.36
2024-03-25 17:2:07.8030,0.38,-0.18,-3.19,-0.2,0.2,0.35
2024-03-25 17:2:07.8130,0.52,-0.39,-2.16,-0.16,0.16,0.3
2024-03-25 17:2:07.8230,0.81,-0.46,-1.56,-0.14,0.12,0.21
2024-03-25 17:2:07.8330,0.92,-0.42,-1.33,-0.15,0.09,0.14
2024-03-25 17:2:07.8430,0.84,-0.08,-1.23,-0.23,0.1,0.11
2024-03-25 17:2:07.8530,0.87,0.45,-1.21,-0.35,0.17,0.13
2024-03-25 17:2:07.8630,0.94,0.92,-1.03,-0.45,0.32,0.16
2024-03-25 17:2:07.8730,1.01,1.21,-0.33,-0.48,0.53,0.21
2024-03-25 17:2:07.8830,0.93,1.25,0.87,-0.41,0.72,0.25
2024-03-25 17:2:07.8930,0.82,1.1,2.29,-0.27,0.81,0.25
2024-03-25 17:2:07.9030,0.78,0.83,3.65,-0.06,0.72,0.16
2024-03-25 17:2:07.9130,0.94,0.66,4.61,0.17,0.53,-0.01
2024-03-25 17:2:07.9230,1.05,0.59,5.2,0.43,0.32,-0.2
2024-03-25 17:2:07.9330,1.01,0.6,5.41,0.65,0.16,-0.37
2024-03-25 17:2:07.9430,0.93,0.99,5.15,0.81,0.02,-0.48
2024-03-25 17:2:07.9530,0.74,1.53,4.76,0.85,-0.13,-0.53
2024-03-25 17:2:07.9630,0.38,2.16,3.94,0.67,-0.16,-0.4
2024-03-25 17:2:07.9730,-0.84,2.25,2.76,0.33,0.02,0.01
2024-03-25 17:2:07.9830,-2.25,1.8,2.38,0.08,0.34,0.56
2024-03-25 17:2:07.9930,-2.59,0.59,3.66,0.14,0.55,0.87
2024-03-25 17:2:08.0030,-1.59,-1.32,5.51,0.34,0.54,0.87
2024-03-25 17:2:08.0130,-0.67,-3.13,5.87,0.45,0.32,0.65
2024-03-25 17:2:08.0230,-0.12,-4.27,5.05,0.39,0.03,0.38
2024-03-25 17:2:08.0330,-0.19,-4.75,3.84,0.24,-0.2,0.21
2024-03-25 17:2:08.0430,-0.67,-4.85,3.02,0.2,-0.33,0.05
2024-03-25 17:2:08.0520,-1.18,-4.8,2.71,0.2,-0.32,0.05
2024-03-25 17:2:08.0630,-1.74,-4.47,2.07,0.18,-0.25,0.06
2024-03-25 17:2:08.0730,-1.95,-4.22,0.89,0.09,-0.18,0.08
2024-03-25 17:2:08.0830,-1.91,-3.86,-0.54,-0.06,-0.12,0.07
2024-03-25 17:2:08.0930,-1.65,-3.39,-1.67,-0.15,-0.08,-0.01
2024-03-25 17:2:08.1030,-1.29,-2.75,-2.23,-0.16,-0.04,-0.07
2024-03-25 17:2:08.1130,-1.23,-2.08,-2.56,-0.12,0.02,-0.07
2024-03-25 17:2:08.1230,-1.32,-1.58,-2.99,-0.07,0.03,-0.05
2024-03-25 17:2:08.1330,-1.42,-1.07,-3.45,-0.08,-0.05,-0.0
2024-03-25 17:2:08.1430,-1.44,-0.66,-4.04,-0.14,-0.2,0.05
2024-03-25 17:2:08.1530,-1.5,-0.3,-4.62,-0.27,-0.38,0.13
2024-03-25 17:2:08.1630,-1.46,-0.03,-5.06,-0.37,-0.5,0.23
2024-03-25 17:2:08.1730,-1.25,0.13,-5.1,-0.38,-0.53,0.32
2024-03-25 17:2:08.1830,-0.93,0.16,-4.82,-0.31,-0.46,0.39
2024-03-25 17:2:08.1930,-0.54,0.07,-4.68,-0.24,-0.37,0.42
2024-03-25 17:2:08.2030,-0.16,0.06,-4.73,-0.22,-0.26,0.44
2024-03-25 17:2:08.2120,0.06,0.09,-4.87,-0.25,-0.16,0.45
2024-03-25 17:2:08.2230,0.22,0.07,-4.97,-0.34,-0.04,0.49
2024-03-25 17:2:08.2320,0.15,-0.08,-4.67,-0.38,0.13,0.54
2024-03-25 17:2:08.2430,0.16,-0.18,-3.7,-0.37,0.29,0.58
2024-03-25 17:2:08.2530,0.15,-0.22,-2.69,-0.35,0.35,0.57
2024-03-25 17:2:08.2620,0.25,-0.11,-1.97,-0.36,0.28,0.51
2024-03-25 17:2:08.2720,0.3,0.12,-1.56,-0.41,0.13,0.45
2024-03-25 17:2:08.2830,0.23,0.34,-1.21,-0.42,-0.02,0.38
2024-03-25 17:2:08.2920,0.27,0.55,-0.56,-0.37,-0.09,0.31
2024-03-25 17:2:08.3020,0.32,0.75,0.15,-0.28,-0.04,0.27
2024-03-25 17:2:08.3120,0.21,0.98,0.58,-0.23,0.09,0.27
2024-03-25 17:2:08.3220,0.09,1.2,0.85,-0.2,0.22,0.31
2024-03-25 17:2:08.3320,-0.05,1.37,1.21,-0.22,0.28,0.37
2024-03-25 17:2:08.3420,-0.2,1.48,1.54,-0.29,0.24,0.4
2024-03-25 17:2:08.3530,-0.16,1.52,1.84,-0.35,0.11,0.41
2024-03-25 17:2:08.3620,-0.08,1.37,2.53,-0.34,-0.03,0.34
2024-03-25 17:2:08.3720,0.26,1.21,3.4,-0.25,-0.17,0.23
2024-03-25 17:2:08.3820,0.64,1.14,4.1,-0.12,-0.27,0.08
2024-03-25 17:2:08.3920,0.92,1.17,4.42,-0.0,-0.31,-0.08
2024-03-25 17:2:08.4020,1.08,1.28,4.32,0.08,-0.28,-0.21
2024-03-25 17:2:08.4120,0.9,1.52,4.07,0.15,-0.24,-0.27
2024-03-25 17:2:08.4220,0.64,1.83,3.93,0.21,-0.23,-0.33
2024-03-25 17:2:08.4320,0.65,2.11,3.71,0.25,-0.26,-0.39
2024-03-25 17:2:08.4420,0.84,2.35,3.35,0.28,-0.3,-0.44
2024-03-25 17:2:08.4530,1.1,2.64,2.94,0.27,-0.28,-0.46
2024-03-25 17:2:08.4620,1.47,2.79,2.4,0.19,-0.15,-0.43
2024-03-25 17:2:08.4720,1.43,2.4,2.0,0.11,0.03,-0.32
2024-03-25 17:2:08.4820,1.05,1.46,2.27,0.12,0.14,-0.22
2024-03-25 17:2:08.4920,0.78,0.3,3.17,0.23,0.16,-0.15
2024-03-25 17:2:08.5020,0.62,-0.96,3.62,0.37,0.05,-0.17
2024-03-25 17:2:08.5120,0.77,-1.97,3.36,0.48,-0.13,-0.3
2024-03-25 17:2:08.5220,1.1,-2.54,2.51,0.51,-0.32,-0.46
2024-03-25 17:2:08.5320,1.17,-2.81,1.47,0.52,-0.45,-0.61
2024-03-25 17:2:08.5420,0.92,-2.8,0.63,0.53,-0.46,-0.68
2024-03-25 17:2:08.5520,0.35,-2.59,-0.09,0.53,-0.37,-0.65
2024-03-25 17:2:08.5620,-0.24,-2.25,-0.77,0.48,-0.23,-0.56
2024-03-25 17:2:08.5720,-0.76,-1.96,-1.52,0.35,-0.09,-0.43
2024-03-25 17:2:08.5820,-1.23,-1.71,-2.22,0.13,-0.01,-0.28
2024-03-25 17:2:08.5920,-1.76,-1.57,-2.87,-0.15,0.01,-0.07
2024-03-25 17:2:08.6020,-2.36,-1.64,-3.16,-0.43,-0.02,0.16
2024-03-25 17:2:08.6120,-2.66,-1.83,-3.0,-0.64,-0.06,0.32
2024-03-25 17:2:08.6220,-2.26,-2.14,-2.68,-0.78,-0.06,0.36
2024-03-25 17:2:08.6320,-1.47,-2.39,-2.34,-0.78,-0.05,0.29
2024-03-25 17:2:08.6420,-0.72,-2.31,-1.73,-0.68,-0.05,0.16
2024-03-25 17:2:08.6520,-0.25,-2.04,-1.33,-0.56,-0.04,0.01
2024-03-25 17:2:08.6620,0.01,-1.66,-1.38,-0.46,-0.02,-0.12
2024-03-25 17:2:08.6720,0.06,-1.15,-1.74,-0.41,-0.0,-0.21
2024-03-25 17:2:08.6820,-0.12,-0.58,-2.28,-0.4,0.01,-0.25
2024-03-25 17:2:08.6920,-0.21,0.02,-2.68,-0.38,0.03,-0.25
2024-03-25 17:2:08.7020,-0.25,0.52,-2.77,-0.33,0.09,-0.22
2024-03-25 17:2:08.7120,-0.31,0.94,-2.7,-0.27,0.14,-0.17
2024-03-25 17:2:08.7220,-0.25,1.23,-2.73,-0.23,0.18,-0.12
2024-03-25 17:2:08.7320,-0.16,1.39,-2.83,-0.21,0.22,-0.05
2024-03-25 17:2:08.7420,-0.15,1.41,-2.77,-0.2,0.26,0.04
2024-03-25 17:2:08.7530,-0.21,1.3,-2.49,-0.2,0.28,0.15
2024-03-25 17:2:08.7620,-0.25,1.13,-2.08,-0.17,0.26,0.24
2024-03-25 17:2:08.7720,-0.18,0.94,-1.54,-0.13,0.21,0.31
2024-03-25 17:2:08.7820,-0.07,0.66,-1.04,-0.08,0.12,0.35
2024-03-25 17:2:08.7920,0.1,0.35,-0.71,-0.01,0.02,0.35
2024-03-25 17:2:08.8020,0.4,0.07,-0.43,0.08,-0.1,0.28
2024-03-25 17:2:08.8120,0.79,-0.05,-0.36,0.13,-0.18,0.18
2024-03-25 17:2:08.8220,1.08,0.02,-0.71,0.11,-0.2,0.11
2024-03-25 17:2:08.8320,1.21,0.28,-1.17,0.04,-0.16,0.09
2024-03-25 17:2:08.8420,1.21,0.57,-1.32,-0.05,-0.04,0.08
2024-03-25 17:2:08.8520,1.25,0.86,-1.17,-0.14,0.12,0.11
2024-03-25 17:2:08.8620,1.18,1.11,-0.71,-0.2,0.27,0.14
2024-03-25 17:2:08.8720,1.1,1.31,0.14,-0.22,0.39,0.14
2024-03-25 17:2:08.8820,1.2,1.35,1.18,-0.19,0.48,0.08
2024-03-25 17:2:08.8920,1.4,1.32,2.16,-0.14,0.56,-0.0
2024-03-25 17:2:08.9020,1.38,1.31,2.86,-0.1,0.64,-0.06
2024-03-25 17:2:08.9120,1.11,1.31,3.36,-0.07,0.74,-0.09
2024-03-25 17:2:08.9220,0.67,1.32,3.86,-0.06,0.8,-0.06
2024-03-25 17:2:08.9320,0.27,1.31,4.51,-0.01,0.8,-0.04
2024-03-25 17:2:08.9420,0.05,1.19,5.28,0.12,0.7,-0.04
2024-03-25 17:2:08.9520,-0.01,1.25,6.18,0.3,0.52,-0.1
2024-03-25 17:2:08.9620,-0.05,1.37,6.52,0.37,0.36,-0.14
2024-03-25 17:2:08.9720,-0.58,1.23,5.79,0.27,0.31,-0.07
2024-03-25 17:2:08.9820,-1.43,0.82,4.84,0.18,0.29,0.11
2024-03-25 17:2:08.9920,-2.11,0.08,5.2,0.35,0.2,0.25
2024-03-25 17:2:09.0020,-1.83,-0.88,6.19,0.67,0.03,0.23
2024-03-25 17:2:09.0120,-1.0,-1.99,5.73,0.87,-0.17,0.09
2024-03-25 17:2:09.0220,-0.43,-2.75,3.64,0.85,-0.28,-0.04
2024-03-25 17:2:09.0320,-0.45,-3.05,1.33,0.72,-0.28,-0.08
2024-03-25 17:2:09.0420,-0.79,-3.08,-0.1,0.58,-0.22,-0.06
2024-03-25 17:2:09.0520,-1.11,-3.05,-0.78,0.47,-0.13,0.01
2024-03-25 17:2:09.0620,-1.39,-3.05,-1.24,0.35,-0.04,0.07
2024-03-25 17:2:09.0720,-1.48,-3.06,-1.81,0.18,0.01,0.11
2024-03-25 17:2:09.0820,-1.54,-3.08,-2.49,-0.02,0.04,0.13
2024-03-25 17:2:09.0920,-1.55,-3.03,-2.99,-0.21,0.04,0.12
2024-03-25 17:2:09.1020,-1.5,-2.9,-3.17,-0.32,0.04,0.1
2024-03-25 17:2:09.1120,-1.5,-2.61,-3.06,-0.37,0.03,0.08
2024-03-25 17:2:09.1220,-1.46,-2.16,-3.01,-0.41,0.01,0.07
2024-03-25 17:2:09.1320,-1.38,-1.73,-3.29,-0.46,-0.02,0.07
2024-03-25 17:2:09.1420,-1.34,-1.31,-3.69,-0.51,-0.02,0.09
2024-03-25 17:2:09.1520,-1.34,-0.95,-3.95,-0.55,0.01,0.13
2024-03-25 17:2:09.1620,-1.33,-0.65,-4.07,-0.59,0.07,0.2
2024-03-25 17:2:09.1720,-1.41,-0.36,-4.11,-0.62,0.1,0.3
2024-03-25 17:2:09.1820,-1.46,-0.11,-3.99,-0.6,0.11,0.39
2024-03-25 17:2:09.1920,-1.37,0.09,-3.48,-0.53,0.08,0.47
2024-03-25 17:2:09.2020,-1.01,0.11,-2.94,-0.41,0.03,0.43
2024-03-25 17:2:09.2120,-0.29,0.13,-2.4,-0.28,-0.03,0.34
2024-03-25 17:2:09.2220,0.15,0.24,-2.26,-0.2,-0.11,0.25
2024-03-25 17:2:09.2320,0.19,0.54,-2.4,-0.16,-0.17,0.24
2024-03-25 17:2:09.2420,0.01,0.89,-2.4,-0.15,-0.19,0.25
2024-03-25 17:2:09.2520,0.01,1.3,-2.34,-0.19,-0.17,0.32
2024-03-25 17:2:09.2620,-0.1,1.56,-2.3,-0.24,-0.11,0.42
2024-03-25 17:2:09.2720,-0.07,1.73,-2.09,-0.25,-0.05,0.5
2024-03-25 17:2:09.2820,0.23,1.72,-1.65,-0.2,-0.0,0.52
2024-03-25 17:2:09.2920,0.65,1.56,-1.2,-0.14,0.03,0.48
2024-03-25 17:2:09.3020,0.96,1.25,-0.94,-0.07,0.01,0.4
2024-03-25 17:2:09.3120,1.03,1.02,-0.6,-0.03,-0.05,0.29
2024-03-25 17:2:09.3220,1.02,0.85,-0.53,-0.06,-0.1,0.2
2024-03-25 17:2:09.3320,0.87,0.79,-0.51,-0.12,-0.14,0.14
2024-03-25 17:2:09.3420,0.71,0.75,-0.2,-0.15,-0.12,0.1
2024-03-25 17:2:09.3520,0.6,0.72,0.39,-0.14,-0.05,0.08
2024-03-25 17:2:09.3620,0.53,0.71,0.99,-0.13,0.04,0.06
2024-03-25 17:2:09.3720,0.5,0.7,1.41,-0.15,0.09,0.02
2024-03-25 17:2:09.3820,0.39,0.64,1.68,-0.19,0.11,-0.02
2024-03-25 17:2:09.3920,0.33,0.59,2.24,-0.19,0.13,-0.09
2024-03-25 17:2:09.4020,0.21,0.6,3.13,-0.14,0.14,-0.15
2024-03-25 17:2:09.4120,0.07,0.66,3.98,-0.05,0.14,-0.23
2024-03-25 17:2:09.4220,0.08,0.69,4.61,0.12,0.06,-0.35
2024-03-25 17:2:09.4320,0.1,0.8,5.17,0.35,-0.09,-0.5
2024-03-25 17:2:09.4420,0.41,1.24,5.37,0.5,-0.21,-0.69
2024-03-25 17:2:09.4520,0.78,1.98,4.62,0.47,-0.22,-0.77
2024-03-25 17:2:09.4620,0.42,2.42,3.47,0.28,-0.05,-0.63
2024-03-25 17:2:09.4720,-0.63,2.31,3.04,0.12,0.18,-0.26
2024-03-25 17:2:09.4820,-1.61,1.53,3.98,0.18,0.3,0.06
2024-03-25 17:2:09.4920,-1.56,0.23,5.58,0.37,0.25,0.2
2024-03-25 17:2:09.5020,-0.88,-1.36,6.04,0.58,0.02,0.15
2024-03-25 17:2:09.5120,-0.1,-2.62,5.5,0.69,-0.27,-0.07
2024-03-25 17:2:09.5210,0.81,-3.12,4.4,0.7,-0.51,-0.31
2024-03-25 17:2:09.5320,0.97,-3.25,3.09,0.69,-0.61,-0.46
2024-03-25 17:2:09.5420,0.63,-3.05,2.21,0.72,-0.61,-0.49
2024-03-25 17:2:09.5520,0.12,-2.77,1.54,0.74,-0.5,-0.44
2024-03-25 17:2:09.5620,-0.15,-2.43,0.56,0.68,-0.32,-0.34
2024-03-25 17:2:09.5720,-0.21,-2.09,-0.6,0.53,-0.14,-0.22
2024-03-25 17:2:09.5820,-0.37,-1.85,-1.69,0.29,0.0,-0.09
2024-03-25 17:2:09.5920,-0.53,-1.77,-2.59,0.02,0.1,0.03
2024-03-25 17:2:09.6020,-0.64,-1.9,-2.97,-0.19,0.16,0.12
2024-03-25 17:2:09.6120,-0.53,-2.11,-2.85,-0.3,0.17,0.13
2024-03-25 17:2:09.6220,-0.05,-2.17,-2.5,-0.33,0.14,0.04
2024-03-25 17:2:09.6320,0.44,-2.02,-2.31,-0.31,0.06,-0.09
2024-03-25 17:2:09.6420,0.74,-1.69,-2.42,-0.29,0.01,-0.21
2024-03-25 17:2:09.6520,0.81,-1.29,-2.75,-0.26,0.0,-0.29
2024-03-25 17:2:09.6620,0.7,-0.79,-3.18,-0.26,0.02,-0.32
2024-03-25 17:2:09.6710,0.6,-0.33,-3.67,-0.27,0.05,-0.33
2024-03-25 17:2:09.6820,0.57,0.03,-4.01,-0.26,0.09,-0.31
2024-03-25 17:2:09.6910,0.49,0.35,-4.12,-0.26,0.12,-0.27
2024-03-25 17:2:09.7020,0.41,0.57,-4.19,-0.26,0.14,-0.21
2024-03-25 17:2:09.7120,0.33,0.72,-4.13,-0.24,0.14,-0.13
2024-03-25 17:2:09.7210,0.39,0.77,-3.92,-0.23,0.15,-0.06
2024-03-25 17:2:09.7320,0.5,0.63,-3.71,-0.2,0.18,0.01
2024-03-25 17:2:09.7420,0.67,0.33,-3.43,-0.19,0.18,0.03
2024-03-25 17:2:09.7520,0.97,0.02,-3.21,-0.18,0.15,0.02
2024-03-25 17:2:09.7620,1.11,-0.21,-2.99,-0.17,0.08,-0.01
2024-03-25 17:2:09.7710,1.14,-0.29,-2.85,-0.19,0.01,-0.01
2024-03-25 17:2:09.7810,1.09,-0.33,-2.83,-0.22,-0.05,-0.02
2024-03-25 17:2:09.7910,1.12,-0.24,-2.82,-0.27,-0.11,-0.02
2024-03-25 17:2:09.8010,1.14,-0.08,-2.79,-0.34,-0.14,-0.01
2024-03-25 17:2:09.8110,1.11,0.12,-2.76,-0.4,-0.13,-0.0
2024-03-25 17:2:09.8210,1.16,0.27,-2.62,-0.44,-0.06,-0.0
2024-03-25 17:2:09.8310,1.12,0.43,-2.11,-0.43,0.04,-0.01
2024-03-25 17:2:09.8410,1.07,0.62,-1.3,-0.39,0.13,-0.01
2024-03-25 17:2:09.8510,1.0,0.81,-0.49,-0.35,0.18,-0.03
2024-03-25 17:2:09.8610,1.03,1.08,0.17,-0.35,0.21,-0.07
2024-03-25 17:2:09.8720,1.16,1.32,0.64,-0.39,0.27,-0.11
2024-03-25 17:2:09.8810,1.1,1.48,1.15,-0.45,0.42,-0.09
2024-03-25 17:2:09.8910,0.64,1.54,1.99,-0.45,0.62,0.02
2024-03-25 17:2:09.9010,-0.07,1.49,3.48,-0.37,0.79,0.14
2024-03-25 17:2:09.9110,-0.34,1.33,5.09,-0.22,0.84,0.2
2024-03-25 17:2:09.9210,-0.31,1.02,6.43,-0.02,0.73,0.16
2024-03-25 17:2:09.9310,-0.13,0.71,7.35,0.22,0.51,0.02
2024-03-25 17:2:09.9410,0.08,0.52,7.76,0.45,0.27,-0.16
2024-03-25 17:2:09.9520,0.2,0.68,7.67,0.64,0.05,-0.31
2024-03-25 17:2:09.9610,-0.02,1.15,7.0,0.72,-0.04,-0.34
2024-03-25 17:2:09.9710,-0.61,1.59,5.84,0.64,0.03,-0.2
2024-03-25 17:2:09.9810,-1.57,1.45,4.85,0.52,0.18,0.12
2024-03-25 17:2:09.9910,-2.51,0.73,4.74,0.61,0.22,0.42
2024-03-25 17:2:10.0010,-2.28,-0.33,5.67,0.85,0.09,0.46
2024-03-25 17:2:10.0110,-1.17,-1.72,5.54,1.01,-0.14,0.35
2024-03-25 17:2:10.0210,-0.57,-2.69,3.96,1.01,-0.34,0.21
2024-03-25 17:2:10.0310,-0.43,-3.09,1.96,0.88,-0.43,0.13
2024-03-25 17:2:10.0410,-0.57,-3.23,0.59,0.72,-0.41,0.11
2024-03-25 17:2:10.0510,-0.76,-3.22,-0.3,0.55,-0.28,0.14
2024-03-25 17:2:10.0610,-1.04,-3.31,-0.93,0.38,-0.09,0.2
2024-03-25 17:2:10.0710,-1.13,-3.42,-1.41,0.23,0.08,0.22
2024-03-25 17:2:10.0810,-1.13,-3.5,-1.76,0.08,0.2,0.19
2024-03-25 17:2:10.0910,-1.13,-3.49,-2.14,-0.06,0.23,0.15
2024-03-25 17:2:10.1010,-1.29,-3.3,-2.45,-0.18,0.2,0.1
2024-03-25 17:2:10.1120,-1.42,-2.89,-2.7,-0.27,0.15,0.06
2024-03-25 17:2:10.1210,-1.46,-2.21,-2.96,-0.36,0.08,0.06
2024-03-25 17:2:10.1310,-1.48,-1.52,-3.36,-0.46,0.0,0.09
2024-03-25 17:2:10.1410,-1.51,-0.9,-3.74,-0.55,-0.06,0.15
2024-03-25 17:2:10.1510,-1.36,-0.41,-4.07,-0.6,-0.07,0.21
2024-03-25 17:2:10.1610,-1.12,0.0,-4.22,-0.61,-0.03,0.28
2024-03-25 17:2:10.1710,-0.92,0.28,-4.28,-0.58,0.06,0.34
2024-03-25 17:2:10.1810,-0.69,0.48,-4.32,-0.54,0.15,0.4
2024-03-25 17:2:10.1910,-0.48,0.61,-4.36,-0.5,0.22,0.43
2024-03-25 17:2:10.2010,-0.3,0.68,-4.42,-0.48,0.25,0.46
2024-03-25 17:2:10.2110,-0.21,0.8,-4.43,-0.46,0.23,0.5
2024-03-25 17:2:10.2210,-0.26,0.88,-4.29,-0.42,0.2,0.58
2024-03-25 17:2:10.2310,-0.31,0.87,-3.86,-0.34,0.2,0.63
2024-03-25 17:2:10.2410,0.08,0.8,-3.44,-0.28,0.27,0.65
2024-03-25 17:2:10.2510,0.59,0.59,-3.25,-0.21,0.41,0.64
2024-03-25 17:2:10.2610,1.06,0.44,-2.71,-0.12,0.55,0.59
2024-03-25 17:2:10.2710,1.47,0.29,-2.13,-0.02,0.75,0.51
2024-03-25 17:2:10.2810,1.86,0.11,-1.57,0.06,0.9,0.4
2024-03-25 17:2:10.2910,2.16,-0.07,-0.82,0.16,0.97,0.26
2024-03-25 17:2:10.3010,2.43,-0.29,0.1,0.3,0.94,0.06
2024-03-25 17:2:10.3110,2.64,-0.32,0.88,0.43,0.83,-0.15
2024-03-25 17:2:10.3210,2.64,-0.23,1.36,0.52,0.6,-0.36
2024-03-25 17:2:10.3310,2.38,0.05,1.5,0.53,0.32,-0.54
2024-03-25 17:2:10.3420,1.87,0.45,1.34,0.44,0.03,-0.63
2024-03-25 17:2:10.3510,1.1,0.98,1.14,0.27,-0.22,-0.63
2024-03-25 17:2:10.3610,0.23,1.5,1.16,0.08,-0.43,-0.51
2024-03-25 17:2:10.3710,-0.64,1.92,1.56,-0.06,-0.56,-0.34
2024-03-25 17:2:10.3810,-1.01,2.23,2.17,-0.12,-0.65,-0.21
2024-03-25 17:2:10.3910,-0.88,2.32,2.75,-0.12,-0.72,-0.16
2024-03-25 17:2:10.4010,-0.45,2.16,3.15,-0.06,-0.72,-0.21
2024-03-25 17:2:10.4110,0.02,1.86,3.3,0.04,-0.67,-0.32
2024-03-25 17:2:10.4210,0.15,1.62,3.36,0.16,-0.58,-0.42
2024-03-25 17:2:10.4310,-0.06,1.46,3.37,0.34,-0.5,-0.51
2024-03-25 17:2:10.4410,-0.36,1.36,3.55,0.55,-0.51,-0.63
2024-03-25 17:2:10.4510,-0.39,1.4,3.56,0.73,-0.62,-0.77
2024-03-25 17:2:10.4610,-0.45,1.72,3.08,0.8,-0.78,-0.86
2024-03-25 17:2:10.4710,-0.58,2.33,2.19,0.74,-0.87,-0.84
2024-03-25 17:2:10.4810,-0.81,2.63,1.29,0.57,-0.87,-0.67
2024-03-25 17:2:10.4910,-1.21,2.38,0.68,0.35,-0.73,-0.41
2024-03-25 17:2:10.5010,-1.08,1.49,0.63,0.24,-0.53,-0.21
2024-03-25 17:2:10.5110,-0.36,0.28,1.38,0.28,-0.34,-0.11
2024-03-25 17:2:10.5210,0.43,-1.35,2.59,0.51,-0.22,-0.18
2024-03-25 17:2:10.5310,1.4,-2.91,3.88,0.81,-0.24,-0.42
2024-03-25 17:2:10.5410,2.21,-3.77,4.1,0.98,-0.4,-0.7
2024-03-25 17:2:10.5510,2.35,-3.79,3.12,0.93,-0.57,-0.86
2024-03-25 17:2:10.5610,1.71,-3.23,1.71,0.71,-0.71,-0.89
2024-03-25 17:2:10.5710,0.87,-2.34,0.43,0.37,-0.74,-0.75
2024-03-25 17:2:10.5810,-0.09,-1.55,-0.4,0.01,-0.59,-0.47
2024-03-25 17:2:10.5910,-0.61,-1.28,-0.57,-0.27,-0.34,-0.21
2024-03-25 17:2:10.6010,-0.45,-1.57,-0.23,-0.47,-0.12,-0.07
2024-03-25 17:2:10.6110,0.04,-2.3,0.06,-0.59,-0.01,-0.07
2024-03-25 17:2:10.6210,0.57,-2.92,0.31,-0.62,-0.03,-0.24
2024-03-25 17:2:10.6310,1.14,-3.08,0.47,-0.57,-0.12,-0.48
2024-03-25 17:2:10.6410,1.38,-2.97,0.68,-0.43,-0.22,-0.72
2024-03-25 17:2:10.6510,1.1,-2.56,0.6,-0.31,-0.3,-0.89
2024-03-25 17:2:10.6610,0.57,-1.94,-0.16,-0.25,-0.31,-0.98
2024-03-25 17:2:10.6710,-0.1,-1.2,-1.33,-0.21,-0.23,-0.93
2024-03-25 17:2:10.6810,-0.87,-0.37,-2.31,-0.19,-0.07,-0.78
2024-03-25 17:2:10.6910,-1.46,0.31,-3.16,-0.18,0.1,-0.61
2024-03-25 17:2:10.7010,-1.71,0.81,-3.95,-0.24,0.21,-0.41
2024-03-25 17:2:10.7110,-1.71,1.09,-4.61,-0.32,0.24,-0.26
2024-03-25 17:2:10.7210,-1.48,1.1,-4.53,-0.29,0.19,-0.16
2024-03-25 17:2:10.7310,-1.29,0.94,-3.89,-0.19,0.11,-0.1
2024-03-25 17:2:10.7410,-1.01,0.73,-3.37,-0.08,0.01,-0.06
2024-03-25 17:2:10.7510,-0.73,0.56,-3.29,-0.04,-0.1,-0.03
2024-03-25 17:2:10.7610,-0.55,0.42,-3.7,-0.07,-0.2,0.01
2024-03-25 17:2:10.7710,-0.37,0.4,-4.07,-0.13,-0.28,0.06
2024-03-25 17:2:10.7810,-0.3,0.51,-4.27,-0.21,-0.3,0.15
2024-03-25 17:2:10.7910,-0.25,0.52,-4.2,-0.26,-0.27,0.24
2024-03-25 17:2:10.8010,0.0,0.38,-3.89,-0.28,-0.21,0.3
2024-03-25 17:2:10.8110,0.39,0.15,-3.56,-0.28,-0.13,0.3
2024-03-25 17:2:10.8210,0.75,-0.1,-3.22,-0.27,-0.02,0.27
2024-03-25 17:2:10.8310,1.06,-0.27,-2.83,-0.26,0.09,0.21
2024-03-25 17:2:10.8410,1.28,-0.31,-2.32,-0.28,0.18,0.12
2024-03-25 17:2:10.8510,1.48,-0.1,-1.86,-0.34,0.28,0.03
2024-03-25 17:2:10.8610,1.45,0.25,-1.38,-0.43,0.46,-0.01
2024-03-25 17:2:10.8710,1.21,0.66,-0.66,-0.5,0.73,0.01
2024-03-25 17:2:10.8810,0.66,1.0,0.45,-0.53,1.07,0.11
2024-03-25 17:2:10.8910,0.05,1.18,1.87,-0.5,1.34,0.21
2024-03-25 17:2:10.9010,-0.3,1.11,3.6,-0.37,1.39,0.22
2024-03-25 17:2:10.9110,-0.21,0.79,5.45,-0.17,1.31,0.11
2024-03-25 17:2:10.9210,0.1,0.57,6.78,0.11,1.0,-0.06
2024-03-25 17:2:10.9310,0.06,0.4,7.38,0.46,0.63,-0.25
2024-03-25 17:2:10.9410,-0.16,0.55,7.58,0.75,0.35,-0.36
2024-03-25 17:2:10.9510,-0.65,0.84,6.8,0.91,0.2,-0.38
2024-03-25 17:2:10.9610,-1.08,1.19,5.45,1.0,0.12,-0.35
2024-03-25 17:2:10.9710,-1.47,1.69,4.44,0.97,0.08,-0.22
2024-03-25 17:2:10.9810,-2.17,1.89,3.31,0.82,0.1,0.07
2024-03-25 17:2:10.9910,-3.03,1.34,2.52,0.73,0.15,0.43
2024-03-25 17:2:11.0010,-3.21,0.2,2.75,0.8,0.12,0.64
2024-03-25 17:2:11.0110,-2.47,-1.28,3.12,0.87,-0.03,0.67
2024-03-25 17:2:11.0210,-1.75,-2.81,2.53,0.88,-0.29,0.61
2024-03-25 17:2:11.0310,-1.34,-3.63,1.48,0.75,-0.55,0.51
2024-03-25 17:2:11.0400,-0.92,-3.79,0.09,0.49,-0.69,0.42
2024-03-25 17:2:11.0500,-0.78,-3.63,-1.23,0.12,-0.65,0.41
2024-03-25 17:2:11.0610,-0.86,-3.29,-2.09,-0.33,-0.42,0.49
2024-03-25 17:2:11.0710,-1.06,-3.04,-2.51,-0.79,-0.09,0.64
2024-03-25 17:2:11.0800,-1.17,-3.08,-2.07,-1.05,0.19,0.69
2024-03-25 17:2:11.0910,-0.75,-3.12,-0.5,-1.08,0.38,0.61
2024-03-25 17:2:11.1010,-0.34,-2.97,0.96,-0.96,0.44,0.44
2024-03-25 17:2:11.1110,-0.18,-2.35,1.93,-0.74,0.43,0.23
2024-03-25 17:2:11.1210,-0.19,-1.22,2.19,-0.55,0.39,0.09
2024-03-25 17:2:11.1300,-0.94,-0.03,1.6,-0.48,0.3,0.09
2024-03-25 17:2:11.1410,-1.76,1.08,0.65,-0.45,0.18,0.19
2024-03-25 17:2:11.1510,-2.17,1.91,0.0,-0.4,0.04,0.32
2024-03-25 17:2:11.1600,-2.2,2.21,-0.4,-0.31,-0.08,0.47
2024-03-25 17:2:11.1700,-1.93,2.17,-0.77,-0.16,-0.19,0.6
2024-03-25 17:2:11.1800,-1.52,1.82,-1.1,0.08,-0.26,0.68
2024-03-25 17:2:11.1900,-0.95,1.21,-1.26,0.35,-0.32,0.7
2024-03-25 17:2:11.2000,-0.24,0.61,-1.63,0.58,-0.43,0.67
2024-03-25 17:2:11.2100,0.17,0.11,-2.36,0.7,-0.56,0.67
2024-03-25 17:2:11.2200,0.48,-0.12,-3.33,0.69,-0.67,0.68
2024-03-25 17:2:11.2300,0.71,-0.37,-4.5,0.59,-0.72,0.68
2024-03-25 17:2:11.2400,1.03,-0.55,-5.38,0.44,-0.66,0.69
2024-03-25 17:2:11.2510,1.35,-0.64,-5.85,0.27,-0.51,0.7
2024-03-25 17:2:11.2600,1.67,-0.71,-6.05,0.08,-0.27,0.66
2024-03-25 17:2:11.2710,2.1,-0.75,-6.03,-0.04,0.03,0.61
2024-03-25 17:2:11.2800,2.36,-0.86,-5.42,-0.08,0.32,0.53
2024-03-25 17:2:11.2900,2.45,-1.02,-4.41,-0.04,0.5,0.42
2024-03-25 17:2:11.3000,2.3,-1.17,-3.4,0.01,0.55,0.31
2024-03-25 17:2:11.3100,1.92,-1.17,-2.68,0.0,0.5,0.24
2024-03-25 17:2:11.3200,1.4,-1.01,-2.28,-0.06,0.39,0.18
2024-03-25 17:2:11.3300,1.1,-0.67,-1.91,-0.15,0.23,0.14
2024-03-25 17:2:11.3400,0.8,-0.29,-1.47,-0.25,0.05,0.13
2024-03-25 17:2:11.3500,0.54,0.12,-1.0,-0.34,-0.12,0.13
2024-03-25 17:2:11.3600,0.65,0.41,-0.56,-0.41,-0.21,0.07
2024-03-25 17:2:11.3700,1.07,0.47,0.04,-0.46,-0.24,-0.05
2024-03-25 17:2:11.3800,1.65,0.51,1.48,-0.48,-0.21,-0.17
2024-03-25 17:2:11.3910,1.65,0.51,1.48,-0.45,-0.12,-0.31
2024-03-25 17:2:11.4000,1.81,0.54,2.46,-0.34,-0.02,-0.48
2024-03-25 17:2:11.4100,1.9,0.47,3.45,-0.15,0.02,-0.68
2024-03-25 17:2:11.4200,1.86,0.52,4.24,0.06,-0.04,-0.89
2024-03-25 17:2:11.4300,1.61,0.68,4.45,0.22,-0.17,-1.12
2024-03-25 17:2:11.4400,1.49,1.16,4.14,0.3,-0.3,-1.32
2024-03-25 17:2:11.4500,1.28,1.87,3.68,0.33,-0.34,-1.42
2024-03-25 17:2:11.4600,0.72,2.55,3.53,0.35,-0.22,-1.34
2024-03-25 17:2:11.4700,-0.09,3.04,3.63,0.32,0.07,-1.05
2024-03-25 17:2:11.4800,-1.05,2.99,3.81,0.27,0.35,-0.63
2024-03-25 17:2:11.4900,-1.66,2.0,4.33,0.33,0.43,-0.32
2024-03-25 17:2:11.5000,-1.36,0.39,5.16,0.46,0.33,-0.21
2024-03-25 17:2:11.5100,-0.68,-1.21,5.29,0.59,0.05,-0.29
2024-03-25 17:2:11.5200,0.17,-2.24,4.85,0.65,-0.33,-0.52
2024-03-25 17:2:11.5300,0.76,-2.64,3.91,0.61,-0.62,-0.69
2024-03-25 17:2:11.5400,0.56,-2.56,2.72,0.54,-0.69,-0.71
2024-03-25 17:2:11.5500,0.11,-2.28,1.99,0.5,-0.56,-0.64
2024-03-25 17:2:11.5600,-0.2,-1.98,1.55,0.44,-0.31,-0.49
2024-03-25 17:2:11.5700,-0.5,-1.78,0.96,0.29,-0.06,-0.32
2024-03-25 17:2:11.5800,-0.76,-1.74,0.21,0.05,0.09,-0.17
2024-03-25 17:2:11.5900,-0.98,-1.9,-0.39,-0.22,0.11,-0.05
2024-03-25 17:2:11.6000,-1.19,-2.23,-0.55,-0.43,0.02,0.02
2024-03-25 17:2:11.6100,-1.15,-2.62,-0.34,-0.54,-0.1,-0.02
2024-03-25 17:2:11.6200,-0.67,-2.74,-0.24,-0.59,-0.21,-0.14
2024-03-25 17:2:11.6300,-0.14,-2.37,-0.36,-0.57,-0.27,-0.25
2024-03-25 17:2:11.6400,-0.04,-1.77,-0.57,-0.52,-0.25,-0.34
2024-03-25 17:2:11.6500,-0.08,-1.2,-1.02,-0.46,-0.18,-0.4
2024-03-25 17:2:11.6600,-0.14,-0.7,-1.66,-0.4,-0.07,-0.44
2024-03-25 17:2:11.6700,-0.14,-0.29,-2.26,-0.35,0.01,-0.48
2024-03-25 17:2:11.6800,-0.19,0.04,-2.76,-0.32,0.06,-0.49
2024-03-25 17:2:11.6900,-0.32,0.35,-3.17,-0.27,0.07,-0.5
2024-03-25 17:2:11.7000,-0.34,0.52,-3.39,-0.2,0.04,-0.51
2024-03-25 17:2:11.7100,-0.31,0.62,-3.4,-0.12,0.0,-0.5
2024-03-25 17:2:11.7200,-0.27,0.77,-3.48,-0.09,-0.05,-0.46
2024-03-25 17:2:11.7300,-0.38,0.87,-3.75,-0.1,-0.1,-0.36
2024-03-25 17:2:11.7400,-0.45,1.07,-3.82,-0.12,-0.15,-0.23
2024-03-25 17:2:11.7500,-0.44,1.19,-3.78,-0.12,-0.16,-0.09
2024-03-25 17:2:11.7600,-0.29,1.23,-3.7,-0.14,-0.13,0.05
2024-03-25 17:2:11.7700,0.02,1.16,-3.7,-0.16,-0.1,0.15
2024-03-25 17:2:11.7800,0.38,0.99,-3.64,-0.22,0.02,0.24
2024-03-25 17:2:11.7900,0.64,0.69,-3.2,-0.21,0.14,0.3
2024-03-25 17:2:11.8000,0.8,0.41,-2.33,-0.15,0.19,0.32
2024-03-25 17:2:11.8100,0.93,0.26,-1.61,-0.13,0.14,0.33
2024-03-25 17:2:11.8200,0.92,0.15,-1.26,-0.12,0.02,0.32
2024-03-25 17:2:11.8300,0.99,0.22,-1.03,-0.14,-0.09,0.28
2024-03-25 17:2:11.8400,1.14,0.29,-0.94,-0.17,-0.1,0.23
2024-03-25 17:2:11.8500,1.4,0.41,-0.85,-0.2,0.01,0.17
2024-03-25 17:2:11.8600,1.49,0.5,-0.8,-0.28,0.18,0.12
2024-03-25 17:2:11.8700,1.17,0.55,-0.64,-0.39,0.41,0.14
2024-03-25 17:2:11.8800,0.68,0.59,0.09,-0.42,0.61,0.17
2024-03-25 17:2:11.8900,0.18,0.45,1.54,-0.35,0.78,0.2
2024-03-25 17:2:11.9000,-0.15,0.33,3.22,-0.2,0.84,0.18
2024-03-25 17:2:11.9100,-0.13,0.3,4.5,0.0,0.77,0.07
2024-03-25 17:2:11.9200,0.14,0.35,5.35,0.21,0.59,-0.11
2024-03-25 17:2:11.9300,0.45,0.68,5.63,0.32,0.4,-0.31
2024-03-25 17:2:11.9400,0.43,1.24,5.11,0.23,0.33,-0.37
2024-03-25 17:2:11.9500,-0.52,1.59,4.12,-0.02,0.42,-0.18
2024-03-25 17:2:11.9600,-1.93,1.52,3.96,-0.19,0.56,0.24
2024-03-25 17:2:11.9700,-2.88,0.76,5.18,-0.09,0.55,0.55
2024-03-25 17:2:11.9800,-2.36,-0.66,6.7,0.14,0.33,0.57
2024-03-25 17:2:11.9900,-1.18,-2.34,6.82,0.35,-0.03,0.36
2024-03-25 17:2:12.0000,-0.13,-3.23,5.64,0.35,-0.35,0.08
2024-03-25 17:2:12.0100,0.23,-3.48,3.75,0.24,-0.48,-0.08
2024-03-25 17:2:12.0200,-0.14,-3.38,2.41,0.22,-0.44,-0.09
2024-03-25 17:2:12.0300,-0.7,-3.15,2.2,0.32,-0.36,-0.05
2024-03-25 17:2:12.0400,-1.0,-3.03,1.89,0.39,-0.31,-0.01
2024-03-25 17:2:12.0500,-1.05,-2.87,0.66,0.33,-0.32,0.03
2024-03-25 17:2:12.0600,-1.08,-2.62,-0.94,0.13,-0.34,0.05
2024-03-25 17:2:12.0700,-1.08,-2.35,-2.35,-0.12,-0.31,0.1
2024-03-25 17:2:12.0800,-1.19,-2.23,-3.09,-0.33,-0.23,0.16
2024-03-25 17:2:12.0900,-1.38,-2.2,-3.21,-0.46,-0.13,0.24
2024-03-25 17:2:12.1000,-1.45,-2.24,-3.05,-0.48,-0.04,0.27
2024-03-25 17:2:12.1100,-1.22,-2.15,-2.81,-0.45,0.01,0.25
2024-03-25 17:2:12.1200,-0.9,-1.89,-2.84,-0.4,0.01,0.2
2024-03-25 17:2:12.1300,-0.79,-1.48,-3.19,-0.37,-0.01,0.15
2024-03-25 17:2:12.1400,-0.83,-1.02,-3.67,-0.36,-0.02,0.14
2024-03-25 17:2:12.1500,-0.95,-0.54,-4.18,-0.36,0.02,0.17
2024-03-25 17:2:12.1600,-1.12,-0.1,-4.57,-0.37,0.05,0.25
2024-03-25 17:2:12.1700,-1.32,0.32,-4.91,-0.42,0.09,0.37
2024-03-25 17:2:12.1800,-1.54,0.65,-5.18,-0.46,0.11,0.53
2024-03-25 17:2:12.1900,-1.62,0.89,-5.18,-0.51,0.11,0.67
2024-03-25 17:2:12.2000,-1.4,0.97,-5.03,-0.54,0.1,0.75
2024-03-25 17:2:12.2100,-0.85,0.9,-4.73,-0.55,0.09,0.76
2024-03-25 17:2:12.2200,-0.32,0.92,-4.47,-0.61,0.13,0.75
2024-03-25 17:2:12.2300,-0.05,0.98,-4.29,-0.69,0.21,0.75
2024-03-25 17:2:12.2400,0.05,1.04,-3.77,-0.74,0.32,0.76
2024-03-25 17:2:12.2500,0.2,1.07,-2.97,-0.76,0.46,0.76
2024-03-25 17:2:12.2600,0.39,0.96,-2.0,-0.71,0.55,0.73
2024-03-25 17:2:12.2700,0.59,0.83,-0.82,-0.59,0.55,0.68
2024-03-25 17:2:12.2800,0.7,0.7,0.42,-0.42,0.48,0.61
2024-03-25 17:2:12.2900,0.91,0.55,1.49,-0.23,0.37,0.48
2024-03-25 17:2:12.3000,1.41,0.49,2.2,-0.1,0.26,0.27
2024-03-25 17:2:12.3100,1.84,0.36,2.36,-0.05,0.17,0.02
2024-03-25 17:2:12.3200,2.05,0.4,2.43,-0.07,0.14,-0.16
2024-03-25 17:2:12.3300,1.59,0.56,2.8,-0.1,0.16,-0.22
2024-03-25 17:2:12.3400,0.64,0.83,3.6,-0.11,0.23,-0.16
2024-03-25 17:2:12.3500,-0.05,1.16,4.56,-0.15,0.31,-0.02
2024-03-25 17:2:12.3600,-0.45,1.16,5.58,-0.15,0.32,0.08
2024-03-25 17:2:12.3700,-0.34,0.88,6.81,-0.06,0.25,0.07
2024-03-25 17:2:12.3800,0.26,0.4,8.02,0.11,0.11,-0.13
2024-03-25 17:2:12.3900,1.24,0.05,8.8,0.29,-0.12,-0.48
2024-03-25 17:2:12.4000,1.87,0.25,8.77,0.42,-0.29,-0.76
2024-03-25 17:2:12.4100,1.55,0.64,8.17,0.46,-0.31,-0.86
2024-03-25 17:2:12.4200,0.8,0.88,7.48,0.48,-0.2,-0.8
2024-03-25 17:2:12.4300,-0.27,0.62,7.11,0.52,-0.08,-0.6
2024-03-25 17:2:12.4390,-1.16,0.03,6.98,0.69,-0.03,-0.44
2024-03-25 17:2:12.4500,-0.99,-0.75,6.97,0.87,-0.11,-0.42
2024-03-25 17:2:12.4590,-0.18,-1.44,5.86,0.96,-0.27,-0.49
2024-03-25 17:2:12.4700,0.46,-1.96,4.06,0.97,-0.45,-0.57
2024-03-25 17:2:12.4790,0.67,-2.24,2.47,0.95,-0.57,-0.61
2024-03-25 17:2:12.4900,0.74,-2.32,1.1,0.91,-0.58,-0.62
2024-03-25 17:2:12.5000,0.73,-2.34,0.0,0.84,-0.46,-0.58
2024-03-25 17:2:12.5100,0.71,-2.34,-1.08,0.75,-0.29,-0.53
2024-03-25 17:2:12.5190,0.66,-2.24,-1.98,0.61,-0.1,-0.48
2024-03-25 17:2:12.5290,0.47,-2.13,-2.83,0.4,0.07,-0.4
2024-03-25 17:2:12.5400,0.07,-2.09,-3.56,0.15,0.2,-0.3
2024-03-25 17:2:12.5500,-0.37,-2.13,-3.88,-0.05,0.3,-0.23
2024-03-25 17:2:12.5600,-0.55,-2.17,-3.67,-0.18,0.3,-0.2
2024-03-25 17:2:12.5700,-0.55,-2.16,-3.49,-0.26,0.24,-0.22
2024-03-25 17:2:12.5790,-0.45,-1.87,-3.45,-0.34,0.12,-0.29
2024-03-25 17:2:12.5890,-0.31,-1.28,-3.6,-0.43,0.01,-0.34
2024-03-25 17:2:12.5990,-0.27,-0.68,-3.78,-0.48,-0.03,-0.36
2024-03-25 17:2:12.6090,-0.33,-0.27,-3.7,-0.47,0.01,-0.33
2024-03-25 17:2:12.6190,-0.37,0.09,-3.38,-0.41,0.08,-0.27
2024-03-25 17:2:12.6290,-0.42,0.31,-3.15,-0.33,0.13,-0.17
2024-03-25 17:2:12.6390,-0.5,0.45,-2.82,-0.17,0.06,-0.08
2024-03-25 17:2:12.6490,-0.45,0.53,-2.19,0.0,-0.1,-0.04
2024-03-25 17:2:12.6590,-0.13,0.65,-2.06,0.08,-0.34,-0.01
2024-03-25 17:2:12.6690,-0.08,0.68,-2.36,0.13,-0.63,0.06
2024-03-25 17:2:12.6790,-0.26,0.81,-2.29,0.16,-0.88,0.17
2024-03-25 17:2:12.6890,-0.15,0.8,-2.18,0.21,-1.03,0.28
2024-03-25 17:2:12.7000,0.13,0.74,-1.92,0.31,-1.13,0.36
2024-03-25 17:2:12.7090,0.45,0.4,-1.71,0.43,-1.14,0.38
2024-03-25 17:2:12.7190,1.08,0.09,-1.68,0.54,-1.08,0.31
2024-03-25 17:2:12.7290,1.65,-0.25,-2.04,0.6,-1.01,0.17
2024-03-25 17:2:12.7390,2.04,-0.49,-2.57,0.59,-0.9,0.01
2024-03-25 17:2:12.7500,2.13,-0.54,-3.05,0.52,-0.78,-0.13
2024-03-25 17:2:12.7590,1.89,-0.57,-3.38,0.43,-0.61,-0.22
2024-03-25 17:2:12.7690,1.38,-0.4,-3.23,0.39,-0.37,-0.27
2024-03-25 17:2:12.7790,0.92,-0.16,-2.87,0.38,-0.12,-0.27
2024-03-25 17:2:12.7890,0.47,0.1,-2.47,0.36,0.1,-0.28
2024-03-25 17:2:12.7990,0.33,0.41,-2.28,0.3,0.27,-0.32
2024-03-25 17:2:12.8090,0.36,0.83,-2.13,0.19,0.42,-0.36
2024-03-25 17:2:12.8190,0.26,1.29,-1.9,0.05,0.55,-0.39
2024-03-25 17:2:12.8290,0.09,1.68,-1.34,-0.05,0.69,-0.39
2024-03-25 17:2:12.8390,-0.12,1.99,-0.39,-0.09,0.83,-0.35
2024-03-25 17:2:12.8490,-0.43,2.21,0.76,-0.1,0.93,-0.26
2024-03-25 17:2:12.8590,-0.82,2.39,1.88,-0.07,0.95,-0.14
2024-03-25 17:2:12.8690,-1.16,2.52,2.72,-0.04,0.87,0.01
2024-03-25 17:2:12.8790,-1.35,2.44,3.38,0.02,0.69,0.09
2024-03-25 17:2:12.8890,-1.11,2.44,3.85,0.09,0.49,0.09
2024-03-25 17:2:12.8990,-0.71,2.5,4.01,0.07,0.38,0.11
2024-03-25 17:2:12.9090,-0.69,2.45,3.64,-0.09,0.43,0.26
2024-03-25 17:2:12.9190,-1.29,2.0,3.28,-0.26,0.55,0.55
2024-03-25 17:2:12.9290,-1.84,0.93,3.86,-0.27,0.61,0.77
2024-03-25 17:2:12.9390,-1.35,-0.44,5.1,-0.09,0.5,0.81
2024-03-25 17:2:12.9490,-0.69,-2.13,5.82,0.15,0.26,0.69
2024-03-25 17:2:12.9590,-0.14,-3.38,5.5,0.29,0.0,0.49
2024-03-25 17:2:12.9690,0.27,-3.88,4.14,0.29,-0.19,0.3
2024-03-25 17:2:12.9790,0.35,-4.01,2.59,0.25,-0.3,0.14
2024-03-25 17:2:12.9890,0.16,-3.89,1.45,0.24,-0.29,0.05
2024-03-25 17:2:12.9990,-0.2,-3.71,0.55,0.24,-0.19,0.0
2024-03-25 17:2:13.0090,-0.43,-3.42,-0.35,0.22,-0.06,-0.03
2024-03-25 17:2:13.0190,-0.56,-3.15,-1.38,0.13,0.03,-0.04
2024-03-25 17:2:13.0290,-0.78,-2.87,-2.47,-0.06,0.08,-0.03
2024-03-25 17:2:13.0390,-1.09,-2.59,-3.55,-0.33,0.08,0.04
2024-03-25 17:2:13.0490,-1.58,-2.31,-4.25,-0.61,0.09,0.16
2024-03-25 17:2:13.0590,-2.06,-2.08,-4.2,-0.79,0.09,0.31
2024-03-25 17:2:13.0690,-2.16,-1.9,-3.34,-0.83,0.09,0.39
2024-03-25 17:2:13.0790,-1.72,-1.77,-2.29,-0.78,0.1,0.39
2024-03-25 17:2:13.0890,-1.17,-1.65,-1.66,-0.65,0.09,0.34
2024-03-25 17:2:13.0990,-0.85,-1.43,-1.34,-0.51,0.1,0.28
2024-03-25 17:2:13.1090,-0.76,-1.15,-1.32,-0.38,0.11,0.25
2024-03-25 17:2:13.1190,-0.91,-0.75,-1.62,-0.27,0.14,0.3
2024-03-25 17:2:13.1290,-1.29,-0.29,-2.01,-0.2,0.16,0.44
2024-03-25 17:2:13.1390,-1.83,0.14,-2.25,-0.14,0.16,0.65
2024-03-25 17:2:13.1490,-2.07,0.51,-2.27,-0.07,0.11,0.87
2024-03-25 17:2:13.1590,-2.04,0.7,-2.1,0.05,0.02,1.12
2024-03-25 17:2:13.1690,-2.17,0.86,-1.61,0.18,-0.09,1.32
2024-03-25 17:2:13.1790,-1.56,0.81,-1.44,0.25,-0.2,1.33
2024-03-25 17:2:13.1890,-0.35,0.71,-1.93,0.2,-0.3,1.18
2024-03-25 17:2:13.1990,0.87,0.72,-2.61,0.09,-0.36,0.97
2024-03-25 17:2:13.2090,1.51,0.74,-2.76,0.02,-0.3,0.79
2024-03-25 17:2:13.2190,1.58,0.72,-2.23,0.08,-0.14,0.68
2024-03-25 17:2:13.2290,1.5,0.84,-1.37,0.18,0.05,0.6
2024-03-25 17:2:13.2390,1.53,0.87,-0.91,0.25,0.19,0.52
2024-03-25 17:2:13.2490,1.71,0.92,-0.92,0.25,0.27,0.42
2024-03-25 17:2:13.2590,1.84,1.06,-1.01,0.23,0.26,0.35
2024-03-25 17:2:13.2690,1.69,1.16,-0.67,0.24,0.19,0.28
2024-03-25 17:2:13.2790,1.58,1.23,-0.21,0.22,0.12,0.2
2024-03-25 17:2:13.2890,1.6,1.23,0.02,0.15,0.03,0.11
2024-03-25 17:2:13.2990,1.62,1.31,0.02,-0.01,-0.04,0.04
2024-03-25 17:2:13.3090,1.48,1.37,0.15,-0.15,-0.08,-0.02
2024-03-25 17:2:13.3190,1.37,1.49,0.96,-0.2,-0.07,-0.09
2024-03-25 17:2:13.3290,1.4,1.5,2.09,-0.19,-0.03,-0.19
2024-03-25 17:2:13.3390,1.51,1.47,3.04,-0.12,-0.03,-0.32
2024-03-25 17:2:13.3490,1.56,1.38,3.71,-0.0,-0.08,-0.49
2024-03-25 17:2:13.3590,1.58,1.36,4.21,0.11,-0.16,-0.66
2024-03-25 17:2:13.3690,1.46,1.48,4.27,0.21,-0.24,-0.81
2024-03-25 17:2:13.3790,1.34,1.66,4.06,0.3,-0.29,-0.93
2024-03-25 17:2:13.3890,1.08,1.97,3.79,0.33,-0.25,-0.94
2024-03-25 17:2:13.3990,0.61,2.22,3.42,0.3,-0.09,-0.83
2024-03-25 17:2:13.4090,0.05,2.13,3.33,0.3,0.11,-0.64
2024-03-25 17:2:13.4190,-0.34,1.48,3.87,0.39,0.23,-0.46
2024-03-25 17:2:13.4290,-0.47,0.19,4.67,0.58,0.23,-0.36
2024-03-25 17:2:13.4390,-0.34,-1.27,4.88,0.71,0.08,-0.38
2024-03-25 17:2:13.4490,0.05,-2.3,4.06,0.68,-0.14,-0.47
2024-03-25 17:2:13.4590,0.25,-2.89,2.79,0.55,-0.37,-0.57
2024-03-25 17:2:13.4690,0.14,-3.05,1.89,0.45,-0.5,-0.6
2024-03-25 17:2:13.4790,-0.06,-3.01,1.6,0.48,-0.54,-0.59
2024-03-25 17:2:13.4890,-0.15,-2.8,1.38,0.53,-0.51,-0.55
2024-03-25 17:2:13.4990,-0.14,-2.57,0.5,0.5,-0.46,-0.49
2024-03-25 17:2:13.5090,-0.12,-2.16,-0.85,0.36,-0.42,-0.42
2024-03-25 17:2:13.5190,-0.08,-1.75,-2.27,0.09,-0.37,-0.33
2024-03-25 17:2:13.5290,-0.09,-1.53,-3.35,-0.21,-0.29,-0.23
2024-03-25 17:2:13.5390,-0.1,-1.51,-3.84,-0.51,-0.15,-0.13
2024-03-25 17:2:13.5490,-0.09,-1.6,-3.85,-0.75,0.04,-0.08
2024-03-25 17:2:13.5590,0.13,-1.7,-3.52,-0.94,0.25,-0.09
2024-03-25 17:2:13.5690,0.42,-1.77,-3.13,-1.02,0.45,-0.16
2024-03-25 17:2:13.5790,0.59,-1.69,-2.18,-0.93,0.58,-0.27
2024-03-25 17:2:13.5890,0.46,-1.51,-0.91,-0.72,0.63,-0.36
2024-03-25 17:2:13.5990,0.16,-1.22,0.05,-0.49,0.58,-0.42
2024-03-25 17:2:13.6090,-0.21,-0.89,0.24,-0.34,0.47,-0.45
2024-03-25 17:2:13.6190,-0.55,-0.49,-0.2,-0.26,0.31,-0.44
2024-03-25 17:2:13.6290,-0.85,-0.03,-0.72,-0.21,0.18,-0.38
2024-03-25 17:2:13.6390,-1.04,0.4,-1.06,-0.15,0.08,-0.3
2024-03-25 17:2:13.6490,-0.94,0.75,-1.36,-0.08,0.01,-0.21
2024-03-25 17:2:13.6590,-0.64,1.01,-1.78,-0.03,-0.02,-0.12
2024-03-25 17:2:13.6690,-0.36,1.1,-2.26,0.02,-0.05,-0.03
2024-03-25 17:2:13.6790,-0.11,1.1,-2.47,0.06,-0.09,0.05
2024-03-25 17:2:13.6890,0.1,0.95,-2.66,0.08,-0.11,0.12
2024-03-25 17:2:13.6990,0.25,0.77,-2.86,0.09,-0.12,0.2
2024-03-25 17:2:13.7090,0.47,0.68,-2.9,0.06,-0.12,0.25
2024-03-25 17:2:13.7190,0.89,0.59,-2.91,0.03,-0.12,0.27
2024-03-25 17:2:13.7290,1.24,0.56,-2.71,-0.01,-0.14,0.24
2024-03-25 17:2:13.7390,1.66,0.55,-2.45,-0.04,-0.14,0.18
2024-03-25 17:2:13.7490,1.94,0.4,-1.91,-0.04,-0.11,0.09
2024-03-25 17:2:13.7590,2.09,0.09,-1.2,0.04,-0.07,-0.01
2024-03-25 17:2:13.7690,2.23,-0.11,-0.45,0.15,-0.0,-0.13
2024-03-25 17:2:13.7790,2.24,-0.19,-0.12,0.2,0.06,-0.25
2024-03-25 17:2:13.7890,2.2,-0.12,-0.3,0.18,0.11,-0.37
2024-03-25 17:2:13.7990,2.09,0.11,-0.61,0.07,0.17,-0.45
2024-03-25 17:2:13.8090,1.74,0.32,-0.73,-0.07,0.3,-0.46
2024-03-25 17:2:13.8190,1.24,0.56,-0.29,-0.18,0.47,-0.43
2024-03-25 17:2:13.8290,0.91,0.62,0.49,-0.23,0.64,-0.43
2024-03-25 17:2:13.8390,0.66,0.58,1.52,-0.17,0.74,-0.41
2024-03-25 17:2:13.8490,0.26,0.58,2.76,-0.03,0.75,-0.42
2024-03-25 17:2:13.8590,0.02,0.7,3.75,0.13,0.68,-0.46
2024-03-25 17:2:13.8690,-0.24,0.81,4.2,0.27,0.6,-0.48
2024-03-25 17:2:13.8790,-0.53,0.92,4.29,0.38,0.46,-0.57
2024-03-25 17:2:13.8890,-0.41,1.66,3.97,0.3,0.29,-0.6
2024-03-25 17:2:13.8990,-1.28,2.33,3.04,0.06,0.23,-0.42
2024-03-25 17:2:13.9090,-2.72,2.15,2.58,-0.15,0.27,-0.06
2024-03-25 17:2:13.9190,-3.39,1.71,3.52,-0.07,0.33,0.35
2024-03-25 17:2:13.9290,-3.2,0.39,5.46,0.25,0.25,0.55
2024-03-25 17:2:13.9390,-2.14,-1.35,6.26,0.52,-0.02,0.53
2024-03-25 17:2:13.9490,-1.08,-2.58,5.03,0.55,-0.3,0.4
2024-03-25 17:2:13.9590,-0.48,-3.22,3.03,0.4,-0.48,0.29
2024-03-25 17:2:13.9690,-0.38,-3.46,1.5,0.25,-0.53,0.23
2024-03-25 17:2:13.9790,-0.63,-3.57,0.83,0.16,-0.48,0.26
2024-03-25 17:2:13.9880,-1.03,-3.77,0.44,0.11,-0.39,0.29
2024-03-25 17:2:13.9990,-1.07,-3.92,-0.06,0.07,-0.34,0.25
2024-03-25 17:2:14.0080,-0.7,-3.94,-0.84,-0.01,-0.3,0.12
2024-03-25 17:2:14.0180,-0.31,-3.67,-1.78,-0.14,-0.27,-0.02
2024-03-25 17:2:14.0290,-0.26,-3.08,-2.63,-0.32,-0.18,-0.11
2024-03-25 17:2:14.0380,-0.44,-2.34,-3.22,-0.51,-0.03,-0.14
2024-03-25 17:2:14.0480,-0.7,-1.58,-3.38,-0.66,0.13,-0.12
2024-03-25 17:2:14.0590,-1.05,-0.99,-3.1,-0.72,0.27,-0.05
2024-03-25 17:2:14.0680,-1.42,-0.61,-2.45,-0.7,0.38,0.03
2024-03-25 17:2:14.0780,-1.6,-0.31,-1.87,-0.6,0.41,0.13
2024-03-25 17:2:14.0880,-1.68,-0.1,-1.58,-0.49,0.39,0.21
2024-03-25 17:2:14.0980,-1.66,0.03,-1.56,-0.35,0.3,0.29
2024-03-25 17:2:14.1080,-1.64,0.18,-1.66,-0.24,0.18,0.36
2024-03-25 17:2:14.1180,-1.49,0.37,-2.11,-0.19,0.06,0.42
2024-03-25 17:2:14.1290,-1.34,0.49,-2.91,-0.21,-0.03,0.5
2024-03-25 17:2:14.1380,-1.14,0.56,-3.59,-0.22,-0.07,0.57
2024-03-25 17:2:14.1480,-0.79,0.6,-3.95,-0.23,-0.06,0.64
2024-03-25 17:2:14.1580,-0.4,0.59,-4.24,-0.26,-0.01,0.68
2024-03-25 17:2:14.1680,0.02,0.5,-4.53,-0.3,0.06,0.71
2024-03-25 17:2:14.1780,0.44,0.45,-4.59,-0.33,0.13,0.72
2024-03-25 17:2:14.1880,0.76,0.34,-4.36,-0.35,0.2,0.67
2024-03-25 17:2:14.1980,1.24,0.32,-4.06,-0.4,0.28,0.59
2024-03-25 17:2:14.2080,1.48,0.21,-3.55,-0.41,0.34,0.53
2024-03-25 17:2:14.2180,1.46,0.23,-2.43,-0.38,0.41,0.48
2024-03-25 17:2:14.2280,1.42,0.19,-1.13,-0.3,0.48,0.42
2024-03-25 17:2:14.2380,1.52,0.27,0.07,-0.2,0.48,0.33
2024-03-25 17:2:14.2480,1.6,0.46,0.92,-0.15,0.39,0.23
2024-03-25 17:2:14.2580,1.53,0.68,1.39,-0.13,0.24,0.13
2024-03-25 17:2:14.2680,1.4,0.93,1.78,-0.12,0.08,0.03
2024-03-25 17:2:14.2780,1.31,1.14,2.19,-0.11,-0.04,-0.05
2024-03-25 17:2:14.2880,1.21,1.38,2.6,-0.09,-0.1,-0.11
2024-03-25 17:2:14.2980,0.93,1.6,3.04,-0.03,-0.1,-0.15
2024-03-25 17:2:14.3080,0.7,1.82,3.64,0.08,-0.05,-0.19
2024-03-25 17:2:14.3180,0.54,1.98,4.27,0.23,-0.0,-0.22
2024-03-25 17:2:14.3280,0.36,2.06,4.73,0.38,-0.01,-0.27
2024-03-25 17:2:14.3380,0.25,2.17,4.81,0.5,-0.11,-0.35
2024-03-25 17:2:14.3480,0.13,2.35,4.6,0.6,-0.26,-0.45
2024-03-25 17:2:14.3580,0.1,2.59,4.14,0.65,-0.46,-0.56
2024-03-25 17:2:14.3680,0.14,2.85,3.47,0.63,-0.66,-0.66
2024-03-25 17:2:14.3780,0.22,3.21,2.7,0.55,-0.78,-0.72
2024-03-25 17:2:14.3880,0.48,3.81,2.07,0.48,-0.75,-0.76
2024-03-25 17:2:14.3980,0.75,4.26,1.9,0.33,-0.51,-0.55
2024-03-25 17:2:14.4080,0.23,3.93,1.68,0.16,-0.09,-0.16
2024-03-25 17:2:14.4180,-0.25,2.7,2.14,0.14,0.37,0.23
2024-03-25 17:2:14.4280,-0.13,0.76,3.45,0.28,0.74,0.49
2024-03-25 17:2:14.4380,0.31,-1.45,4.53,0.45,0.76,0.54
2024-03-25 17:2:14.4480,0.94,-3.17,4.75,0.52,0.45,0.31
2024-03-25 17:2:14.4580,1.76,-4.25,3.97,0.43,0.01,-0.05
2024-03-25 17:2:14.4680,2.14,-4.79,2.87,0.3,-0.36,-0.36
2024-03-25 17:2:14.4780,1.99,-4.91,2.26,0.32,-0.5,-0.57
2024-03-25 17:2:14.4880,1.58,-4.76,2.33,0.46,-0.45,-0.68
2024-03-25 17:2:14.4980,1.2,-4.44,1.91,0.57,-0.29,-0.73
2024-03-25 17:2:14.5080,1.06,-4.02,0.53,0.55,-0.14,-0.76
2024-03-25 17:2:14.5180,1.0,-3.54,-1.03,0.43,-0.07,-0.8
2024-03-25 17:2:14.5280,0.98,-3.09,-2.28,0.25,-0.06,-0.81
2024-03-25 17:2:14.5380,0.84,-2.73,-3.04,0.1,-0.06,-0.81
2024-03-25 17:2:14.5480,0.71,-2.37,-3.34,-0.05,-0.06,-0.8
2024-03-25 17:2:14.5580,0.69,-1.92,-3.52,-0.17,-0.06,-0.78
2024-03-25 17:2:14.5680,0.69,-1.31,-3.46,-0.25,-0.02,-0.71
2024-03-25 17:2:14.5780,0.59,-0.79,-3.2,-0.31,0.05,-0.63
2024-03-25 17:2:14.5880,0.45,-0.49,-2.95,-0.34,0.13,-0.54
2024-03-25 17:2:14.5980,0.37,-0.37,-2.72,-0.36,0.18,-0.46
2024-03-25 17:2:14.6080,0.31,-0.43,-2.42,-0.33,0.22,-0.4
2024-03-25 17:2:14.6180,0.33,-0.58,-1.99,-0.24,0.2,-0.39
2024-03-25 17:2:14.6280,0.48,-0.74,-1.66,-0.12,0.13,-0.43
2024-03-25 17:2:14.6380,0.57,-0.88,-1.6,0.0,0.02,-0.5
2024-03-25 17:2:14.6480,0.64,-0.8,-1.7,0.1,-0.15,-0.57
2024-03-25 17:2:14.6580,0.73,-0.41,-2.14,0.09,-0.31,-0.59
2024-03-25 17:2:14.6680,0.73,0.11,-3.05,-0.0,-0.42,-0.55
2024-03-25 17:2:14.6740,0.69,0.12,-3.05,-0.15,-0.46,-0.45
2024-03-25 17:2:14.6840,0.69,0.58,-3.74,-0.3,-0.43,-0.31
2024-03-25 17:2:14.6940,0.66,0.81,-4.08,-0.42,-0.34,-0.17
2024-03-25 17:2:14.7040,0.73,0.8,-4.07,-0.48,-0.2,-0.05
2024-03-25 17:2:14.7140,0.94,0.52,-3.76,-0.46,-0.05,-0.0
2024-03-25 17:2:14.7240,1.19,0.01,-3.18,-0.36,0.04,-0.11
2024-03-25 17:2:14.7340,1.6,-0.63,-2.32,-0.25,0.04,-0.34
2024-03-25 17:2:14.7440,2.19,-1.22,-1.51,-0.18,-0.0,-0.62
2024-03-25 17:2:14.7540,2.59,-1.56,-1.1,-0.17,-0.04,-0.89
2024-03-25 17:2:14.7640,2.6,-1.56,-1.04,-0.15,-0.01,-1.04
2024-03-25 17:2:14.7740,2.31,-1.19,-1.02,-0.15,0.08,-1.08
2024-03-25 17:2:14.7840,1.56,-0.53,-0.67,-0.15,0.27,-0.96
2024-03-25 17:2:14.7940,0.63,0.17,-0.36,-0.14,0.47,-0.76
2024-03-25 17:2:14.8040,-0.39,0.83,0.11,-0.1,0.56,-0.56
2024-03-25 17:2:14.8140,-1.15,1.42,0.74,-0.07,0.49,-0.42
2024-03-25 17:2:14.8240,-1.65,1.75,1.42,-0.06,0.36,-0.37
2024-03-25 17:2:14.8340,-1.73,1.94,1.88,-0.01,0.25,-0.4
2024-03-25 17:2:14.8440,-1.58,1.9,2.17,0.09,0.22,-0.44
2024-03-25 17:2:14.8540,-1.32,1.82,2.55,0.21,0.28,-0.43
2024-03-25 17:2:14.8640,-1.17,1.85,2.98,0.26,0.36,-0.32
2024-03-25 17:2:14.8740,-1.5,2.14,3.27,0.27,0.4,-0.16
2024-03-25 17:2:14.8840,-1.98,2.65,3.14,0.36,0.44,0.02
2024-03-25 17:2:14.8940,-2.37,2.67,3.19,0.5,0.42,0.15
2024-03-25 17:2:14.9040,-2.46,2.69,3.86,0.59,0.3,0.21
2024-03-25 17:2:14.9140,-2.21,2.66,4.12,0.52,0.18,0.32
2024-03-25 17:2:14.9240,-2.06,2.46,3.82,0.28,0.17,0.61
2024-03-25 17:2:14.9340,-2.55,1.77,2.98,0.1,0.19,0.96
2024-03-25 17:2:14.9440,-3.12,0.6,2.66,0.13,0.08,1.15
2024-03-25 17:2:14.9540,-2.79,-0.94,3.55,0.25,-0.12,1.13
2024-03-25 17:2:14.9640,-1.86,-2.6,4.55,0.33,-0.3,0.89
2024-03-25 17:2:14.9740,-0.71,-4.35,4.41,0.35,-0.4,0.59
2024-03-25 17:2:14.9840,0.59,-5.37,3.59,0.35,-0.44,0.32
2024-03-25 17:2:14.9940,1.23,-5.68,2.68,0.33,-0.42,0.15
2024-03-25 17:2:15.0040,1.16,-5.42,1.89,0.25,-0.35,0.04
2024-03-25 17:2:15.0180,0.59,-3.98,-0.08,0.11,-0.24,-0.04
2024-03-25 17:2:15.0280,0.44,-3.03,-1.02,-0.04,-0.14,-0.06
2024-03-25 17:2:15.0380,0.12,-2.13,-1.47,-0.17,-0.03,-0.03
2024-03-25 17:2:15.0480,-0.22,-1.5,-1.59,-0.25,0.05,0.04
2024-03-25 17:2:15.0580,-0.53,-1.13,-1.63,-0.31,0.07,0.11
2024-03-25 17:2:15.0680,-0.66,-0.9,-1.78,-0.33,0.04,0.16
2024-03-25 17:2:15.0780,-0.66,-0.69,-1.99,-0.34,-0.02,0.19
2024-03-25 17:2:15.0880,-0.53,-0.57,-2.31,-0.33,-0.1,0.2
2024-03-25 17:2:15.0980,-0.6,-0.46,-2.56,-0.28,-0.16,0.22
2024-03-25 17:2:15.1080,-0.65,-0.32,-2.82,-0.24,-0.19,0.25
2024-03-25 17:2:15.1180,-0.64,-0.15,-3.28,-0.22,-0.21,0.29
2024-03-25 17:2:15.1280,-0.61,0.02,-3.78,-0.22,-0.22,0.33
2024-03-25 17:2:15.1380,-0.47,0.24,-4.1,-0.21,-0.2,0.37
2024-03-25 17:2:15.1480,-0.41,0.43,-4.26,-0.22,-0.14,0.43
2024-03-25 17:2:15.1580,-0.24,0.6,-4.43,-0.26,-0.08,0.46
2024-03-25 17:2:15.1680,-0.01,0.65,-4.62,-0.33,-0.01,0.48
2024-03-25 17:2:15.1780,0.25,0.64,-4.46,-0.37,0.05,0.45
2024-03-25 17:2:15.1880,0.5,0.65,-3.99,-0.39,0.12,0.42
2024-03-25 17:2:15.1980,0.57,0.61,-3.51,-0.38,0.23,0.41
2024-03-25 17:2:15.2080,0.58,0.32,-2.59,-0.25,0.3,0.37
2024-03-25 17:2:15.2180,0.8,0.12,-1.32,-0.12,0.3,0.29
2024-03-25 17:2:15.2280,0.83,-0.01,-0.88,-0.07,0.23,0.21
2024-03-25 17:2:15.2380,0.84,0.01,-0.9,-0.08,0.13,0.12
2024-03-25 17:2:15.2480,0.84,0.14,-0.82,-0.06,0.05,0.05
2024-03-25 17:2:15.2580,0.65,0.28,-0.42,0.0,-0.0,0.0
2024-03-25 17:2:15.2680,0.53,0.49,0.09,0.11,-0.02,-0.04
2024-03-25 17:2:15.2780,0.43,0.64,0.32,0.19,-0.01,-0.08
2024-03-25 17:2:15.2880,0.39,0.81,0.2,0.22,-0.01,-0.11
2024-03-25 17:2:15.2980,0.33,0.99,0.01,0.22,-0.04,-0.14
2024-03-25 17:2:15.3080,0.2,1.22,0.09,0.18,-0.07,-0.16
2024-03-25 17:2:15.3170,0.05,1.44,0.24,0.11,-0.07,-0.15
2024-03-25 17:2:15.3280,-0.15,1.62,0.53,0.02,-0.03,-0.12
2024-03-25 17:2:15.3380,-0.31,1.68,1.07,-0.05,-0.02,-0.09
2024-03-25 17:2:15.3480,-0.3,1.69,1.83,-0.09,-0.05,-0.09
2024-03-25 17:2:15.3580,-0.29,1.6,2.6,-0.07,-0.11,-0.13
2024-03-25 17:2:15.3670,-0.27,1.39,3.49,0.04,-0.25,-0.21
2024-03-25 17:2:15.3780,-0.12,1.16,4.42,0.27,-0.4,-0.38
2024-03-25 17:2:15.3880,0.24,1.12,5.06,0.5,-0.53,-0.6
2024-03-25 17:2:15.3970,0.65,1.53,4.69,0.63,-0.59,-0.77
2024-03-25 17:2:15.4080,0.65,2.14,3.75,0.63,-0.52,-0.84
2024-03-25 17:2:15.4180,0.44,2.7,2.88,0.52,-0.25,-0.69
2024-03-25 17:2:15.4270,-0.31,2.71,2.54,0.43,0.08,-0.36
2024-03-25 17:2:15.4370,-1.01,1.96,3.22,0.49,0.28,-0.05
2024-03-25 17:2:15.4480,-1.01,0.53,4.22,0.54,0.26,0.1
2024-03-25 17:2:15.4570,-0.36,-0.95,3.99,0.51,0.03,0.07
2024-03-25 17:2:15.4680,0.39,-2.05,3.37,0.47,-0.3,-0.11
2024-03-25 17:2:15.4780,1.04,-2.68,2.99,0.43,-0.51,-0.3
2024-03-25 17:2:15.4870,1.33,-3.0,2.45,0.45,-0.52,-0.42
2024-03-25 17:2:15.4970,1.33,-2.93,2.02,0.51,-0.37,-0.45
2024-03-25 17:2:15.5070,1.18,-2.7,1.54,0.54,-0.15,-0.44
2024-03-25 17:2:15.5170,1.03,-2.38,0.78,0.45,0.04,-0.41
2024-03-25 17:2:15.5270,0.79,-1.98,-0.33,0.23,0.15,-0.32
2024-03-25 17:2:15.5370,0.36,-1.69,-1.15,-0.03,0.15,-0.21
2024-03-25 17:2:15.5470,0.0,-1.61,-1.33,-0.25,0.07,-0.12
2024-03-25 17:2:15.5570,-0.11,-1.67,-1.16,-0.43,-0.05,-0.09
2024-03-25 17:2:15.5670,0.15,-1.72,-0.96,-0.53,-0.14,-0.12
2024-03-25 17:2:15.5770,0.6,-1.63,-0.54,-0.54,-0.16,-0.2
2024-03-25 17:2:15.5870,0.92,-1.43,-0.2,-0.48,-0.12,-0.27
2024-03-25 17:2:15.5970,1.0,-1.18,-0.09,-0.39,-0.07,-0.31
2024-03-25 17:2:15.6070,0.94,-0.89,-0.23,-0.31,-0.0,-0.34
2024-03-25 17:2:15.6170,0.88,-0.59,-0.66,-0.25,0.06,-0.36
2024-03-25 17:2:15.6270,0.77,-0.33,-1.21,-0.21,0.1,-0.36
2024-03-25 17:2:15.6370,0.59,-0.18,-1.57,-0.15,0.12,-0.36
2024-03-25 17:2:15.6470,0.45,-0.03,-1.82,-0.1,0.12,-0.35
2024-03-25 17:2:15.6570,0.24,0.0,-2.13,-0.04,0.09,-0.33
2024-03-25 17:2:15.6670,0.04,-0.02,-2.42,0.02,0.02,-0.31
2024-03-25 17:2:15.6770,0.0,-0.06,-2.67,0.07,-0.07,-0.31
2024-03-25 17:2:15.6870,0.1,-0.13,-2.92,0.12,-0.15,-0.32
2024-03-25 17:2:15.6970,0.18,-0.19,-3.13,0.17,-0.17,-0.31
2024-03-25 17:2:15.7070,0.17,-0.24,-3.32,0.22,-0.1,-0.29
2024-03-25 17:2:15.7170,0.13,-0.35,-3.36,0.3,0.01,-0.26
2024-03-25 17:2:15.7270,0.2,-0.42,-3.2,0.39,0.1,-0.24
2024-03-25 17:2:15.7370,0.2,-0.36,-3.15,0.41,0.12,-0.21
2024-03-25 17:2:15.7470,0.25,-0.11,-3.41,0.31,0.06,-0.19
2024-03-25 17:2:15.7570,0.34,0.18,-3.82,0.14,-0.05,-0.15
2024-03-25 17:2:15.7670,0.4,0.37,-3.94,-0.06,-0.09,-0.08
2024-03-25 17:2:15.7770,0.43,0.4,-3.65,-0.21,-0.03,0.0
2024-03-25 17:2:15.7870,0.53,0.25,-2.96,-0.28,0.13,0.07
2024-03-25 17:2:15.7970,0.65,-0.08,-1.9,-0.26,0.33,0.07
2024-03-25 17:2:15.8070,0.84,-0.28,-0.8,-0.19,0.5,0.01
2024-03-25 17:2:15.8170,0.96,-0.36,-0.03,-0.11,0.55,-0.12
2024-03-25 17:2:15.8270,0.95,-0.26,0.56,-0.05,0.5,-0.28
2024-03-25 17:2:15.8370,0.75,-0.01,0.91,0.03,0.39,-0.44
2024-03-25 17:2:15.8470,0.26,0.45,1.2,0.08,0.32,-0.52
2024-03-25 17:2:15.8570,-0.4,0.98,1.26,0.09,0.32,-0.5
2024-03-25 17:2:15.8670,-1.12,1.48,1.21,0.09,0.36,-0.41
2024-03-25 17:2:15.8770,-1.62,1.89,1.47,0.14,0.33,-0.32
2024-03-25 17:2:15.8870,-1.94,2.27,1.76,0.17,0.22,-0.23
2024-03-25 17:2:15.8970,-2.16,2.44,1.74,0.14,-0.04,-0.23
2024-03-25 17:2:15.9070,-2.07,2.76,1.32,-0.03,-0.38,-0.28
2024-03-25 17:2:15.9170,-2.2,3.12,0.58,-0.4,-0.58,-0.21
2024-03-25 17:2:15.9270,-3.44,2.69,-0.15,-0.85,-0.49,0.16
2024-03-25 17:2:15.9370,-4.87,1.72,0.44,-1.07,-0.17,0.68
2024-03-25 17:2:15.9470,-4.98,0.32,2.44,-0.93,0.19,1.06
2024-03-25 17:2:15.9570,-3.96,-1.51,4.55,-0.57,0.36,1.16
2024-03-25 17:2:15.9670,-2.78,-3.18,5.55,-0.23,0.32,1.04
2024-03-25 17:2:15.9770,-1.94,-4.12,5.04,-0.17,0.14,0.87
2024-03-25 17:2:15.9870,-1.88,-4.37,3.49,-0.35,-0.04,0.78
2024-03-25 17:2:15.9970,-2.3,-4.38,2.31,-0.55,-0.19,0.8
2024-03-25 17:2:16.0070,-2.65,-4.08,2.2,-0.63,-0.29,0.89
2024-03-25 17:2:16.0170,-2.8,-3.91,2.31,-0.67,-0.33,1.0
2024-03-25 17:2:16.0270,-2.55,-3.83,1.78,-0.71,-0.33,1.09
2024-03-25 17:2:16.0370,-1.94,-3.66,0.92,-0.77,-0.28,1.12
2024-03-25 17:2:16.0470,-1.15,-3.38,0.13,-0.81,-0.2,1.08
2024-03-25 17:2:16.0570,-0.46,-3.03,-0.36,-0.81,-0.09,1.01
2024-03-25 17:2:16.0670,0.07,-2.58,-0.65,-0.76,0.04,0.96
2024-03-25 17:2:16.0770,0.35,-2.11,-0.83,-0.68,0.14,0.9
2024-03-25 17:2:16.0870,0.47,-1.69,-1.03,-0.58,0.2,0.84
2024-03-25 17:2:16.0970,0.54,-1.32,-1.34,-0.52,0.21,0.79
2024-03-25 17:2:16.1070,0.45,-1.02,-1.81,-0.51,0.11,0.75
2024-03-25 17:2:16.1170,0.23,-0.83,-2.22,-0.5,-0.03,0.7
2024-03-25 17:2:16.1270,0.21,-0.72,-2.41,-0.45,-0.14,0.63
2024-03-25 17:2:16.1370,0.27,-0.57,-2.47,-0.36,-0.18,0.58
2024-03-25 17:2:16.1470,0.26,-0.45,-2.49,-0.23,-0.16,0.56
2024-03-25 17:2:16.1570,0.27,-0.32,-2.58,-0.09,-0.08,0.56
2024-03-25 17:2:16.1670,0.26,-0.1,-2.72,0.04,-0.02,0.57
2024-03-25 17:2:16.1770,0.31,0.15,-2.89,0.11,0.02,0.58
2024-03-25 17:2:16.1870,0.35,0.46,-3.12,0.13,0.0,0.58
2024-03-25 17:2:16.1970,0.54,0.84,-3.33,0.07,-0.09,0.55
2024-03-25 17:2:16.2070,0.86,1.19,-3.61,-0.05,-0.18,0.53
2024-03-25 17:2:16.2170,0.89,1.44,-3.61,-0.15,-0.2,0.53
2024-03-25 17:2:16.2270,1.01,1.62,-3.13,-0.17,-0.1,0.54
2024-03-25 17:2:16.2370,1.23,1.66,-2.3,-0.11,0.11,0.55
2024-03-25 17:2:16.2470,1.48,1.58,-1.35,0.01,0.38,0.56
2024-03-25 17:2:16.2570,1.66,1.39,-0.31,0.17,0.57,0.54
2024-03-25 17:2:16.2670,1.82,1.24,0.52,0.28,0.59,0.45
2024-03-25 17:2:16.2770,2.04,1.21,0.81,0.24,0.46,0.31
2024-03-25 17:2:16.2870,2.08,1.16,0.64,0.11,0.21,0.15
2024-03-25 17:2:16.2970,2.04,1.14,0.73,-0.04,-0.06,-0.01
2024-03-25 17:2:16.3070,1.92,1.12,1.19,-0.16,-0.24,-0.13
2024-03-25 17:2:16.3170,1.54,1.1,2.0,-0.22,-0.28,-0.18
2024-03-25 17:2:16.3270,1.22,0.99,3.01,-0.21,-0.21,-0.23
2024-03-25 17:2:16.3370,1.14,0.74,4.05,-0.13,-0.1,-0.3
2024-03-25 17:2:16.3470,1.15,0.31,4.96,-0.0,-0.06,-0.43
2024-03-25 17:2:16.3570,1.13,-0.05,5.69,0.17,-0.14,-0.61
2024-03-25 17:2:16.3670,1.15,-0.29,6.11,0.39,-0.31,-0.82
2024-03-25 17:2:16.3770,1.27,-0.27,6.06,0.59,-0.55,-1.09
2024-03-25 17:2:16.3870,1.49,0.16,5.35,0.76,-0.77,-1.36
2024-03-25 17:2:16.3970,1.67,0.92,4.42,0.84,-0.86,-1.52
2024-03-25 17:2:16.4070,1.24,2.1,3.3,0.74,-0.72,-1.44
2024-03-25 17:2:16.4170,-0.11,2.68,2.19,0.65,-0.33,-1.09
2024-03-25 17:2:16.4270,-1.47,2.53,2.43,0.69,0.15,-0.54
2024-03-25 17:2:16.4370,-2.5,1.21,3.64,0.85,0.34,-0.15
2024-03-25 17:2:16.4470,-1.83,-0.35,4.2,0.96,0.16,-0.14
2024-03-25 17:2:16.4570,-0.25,-1.47,3.27,0.86,-0.28,-0.32
2024-03-25 17:2:16.4670,0.61,-1.83,1.68,0.62,-0.67,-0.48
2024-03-25 17:2:16.4770,0.77,-1.95,0.51,0.45,-0.79,-0.52
2024-03-25 17:2:16.4870,0.63,-1.92,0.49,0.44,-0.65,-0.46
2024-03-25 17:2:16.4970,0.62,-1.91,0.68,0.44,-0.34,-0.36
2024-03-25 17:2:16.5070,0.69,-1.97,0.08,0.34,-0.02,-0.24
2024-03-25 17:2:16.5170,0.65,-2.07,-0.86,0.16,0.2,-0.16
2024-03-25 17:2:16.5270,0.53,-2.38,-1.42,-0.01,0.3,-0.14
2024-03-25 17:2:16.5370,0.52,-2.83,-1.37,-0.07,0.31,-0.19
2024-03-25 17:2:16.5470,0.59,-3.12,-1.16,-0.06,0.29,-0.29
2024-03-25 17:2:16.5570,0.69,-3.34,-1.33,0.01,0.23,-0.43
2024-03-25 17:2:16.5670,0.77,-3.16,-1.75,0.07,0.15,-0.6
2024-03-25 17:2:16.5770,0.77,-2.71,-2.49,0.09,0.08,-0.75
2024-03-25 17:2:16.5870,0.58,-2.02,-3.32,0.06,0.02,-0.81
2024-03-25 17:2:16.5970,0.02,-1.34,-4.01,0.02,0.01,-0.78
2024-03-25 17:2:16.6070,-0.46,-0.66,-4.33,0.01,0.06,-0.68
2024-03-25 17:2:16.6170,-0.8,-0.08,-4.54,-0.01,0.14,-0.52
2024-03-25 17:2:16.6270,-1.03,0.39,-4.7,-0.03,0.19,-0.36
2024-03-25 17:2:16.6370,-0.96,0.77,-4.81,-0.05,0.17,-0.23
2024-03-25 17:2:16.6470,-0.8,1.03,-4.85,-0.09,0.1,-0.13
2024-03-25 17:2:16.6570,-0.64,1.23,-4.86,-0.14,0.02,-0.03
2024-03-25 17:2:16.6670,-0.39,1.31,-4.87,-0.22,-0.02,0.06
2024-03-25 17:2:16.6770,-0.16,1.23,-4.79,-0.3,0.01,0.15
2024-03-25 17:2:16.6870,0.05,1.1,-4.38,-0.33,0.11,0.23
2024-03-25 17:2:16.6970,0.38,1.06,-3.79,-0.32,0.24,0.3
2024-03-25 17:2:16.7070,0.63,0.92,-3.15,-0.27,0.34,0.32
2024-03-25 17:2:16.7170,0.9,0.82,-2.44,-0.21,0.38,0.3
2024-03-25 17:2:16.7270,1.19,0.66,-1.77,-0.16,0.32,0.22
2024-03-25 17:2:16.7370,1.51,0.69,-1.28,-0.16,0.19,0.13
2024-03-25 17:2:16.7470,1.58,0.76,-1.05,-0.2,0.06,0.04
2024-03-25 17:2:16.7570,1.51,0.94,-0.84,-0.23,-0.04,-0.0
2024-03-25 17:2:16.7670,1.35,1.13,-0.55,-0.25,-0.06,0.01
2024-03-25 17:2:16.7760,1.19,1.3,-0.14,-0.24,0.02,0.06
2024-03-25 17:2:16.7870,1.04,1.45,0.26,-0.2,0.17,0.12
2024-03-25 17:2:16.7960,0.99,1.55,0.63,-0.15,0.34,0.18
2024-03-25 17:2:16.8070,0.86,1.59,1.0,-0.13,0.5,0.22
2024-03-25 17:2:16.8160,0.65,1.59,1.33,-0.16,0.64,0.28
2024-03-25 17:2:16.8270,0.12,1.55,1.64,-0.2,0.72,0.43
2024-03-25 17:2:16.8370,-0.98,1.64,2.37,-0.18,0.74,0.66
2024-03-25 17:2:16.8470,-2.13,1.93,3.2,-0.11,0.66,0.92
2024-03-25 17:2:16.8570,-2.75,1.97,3.58,0.02,0.62,1.1
2024-03-25 17:2:16.8660,-2.54,1.65,3.77,0.26,0.65,1.13
2024-03-25 17:2:16.8760,-1.89,0.95,4.1,0.64,0.79,1.0
2024-03-25 17:2:16.8870,-1.25,0.46,4.35,1.07,0.96,0.84
2024-03-25 17:2:16.8960,-1.34,0.29,4.22,1.43,1.0,0.68
2024-03-25 17:2:16.9060,-1.76,0.63,3.69,1.52,0.86,0.59
2024-03-25 17:2:16.9160,-2.78,0.83,2.18,1.18,0.63,0.68
2024-03-25 17:2:16.9260,-4.36,0.38,0.27,0.52,0.49,1.02
2024-03-25 17:2:16.9360,-5.51,-0.44,-0.27,0.03,0.4,1.48
2024-03-25 17:2:16.9470,-5.37,-1.66,1.85,0.05,0.31,1.71
2024-03-25 17:2:16.9560,-3.72,-3.43,5.03,0.39,0.19,1.63
2024-03-25 17:2:16.9660,-1.67,-5.05,6.5,0.7,0.03,1.29
2024-03-25 17:2:16.9760,-0.17,-5.73,5.7,0.63,-0.16,0.93
2024-03-25 17:2:16.9860,0.0,-5.81,3.43,0.25,-0.32,0.72
2024-03-25 17:2:16.9960,-0.35,-5.38,1.67,-0.2,-0.4,0.63
2024-03-25 17:2:17.0060,-0.72,-5.18,1.16,-0.49,-0.38,0.61
2024-03-25 17:2:17.0160,-0.76,-5.16,1.8,-0.55,-0.28,0.56
2024-03-25 17:2:17.0260,-0.37,-5.13,2.43,-0.5,-0.17,0.42
2024-03-25 17:2:17.0360,0.19,-4.75,2.21,-0.43,-0.13,0.23
2024-03-25 17:2:17.0460,0.75,-3.83,1.38,-0.38,-0.14,0.02
2024-03-25 17:2:17.0560,1.08,-2.7,0.39,-0.34,-0.21,-0.14
2024-03-25 17:2:17.0660,1.1,-1.65,-0.62,-0.32,-0.29,-0.24
2024-03-25 17:2:17.0760,0.95,-0.8,-1.64,-0.3,-0.37,-0.21
2024-03-25 17:2:17.0860,0.31,0.03,-2.4,-0.29,-0.44,-0.05
2024-03-25 17:2:17.0960,-0.46,0.97,-3.08,-0.36,-0.48,0.24
2024-03-25 17:2:17.1060,-1.08,1.67,-3.96,-0.47,-0.39,0.59
2024-03-25 17:2:17.1160,-1.12,2.17,-4.61,-0.59,-0.29,0.88
2024-03-25 17:2:17.1260,-0.42,2.25,-4.89,-0.72,-0.32,0.97
2024-03-25 17:2:17.1360,0.53,2.06,-5.13,-0.88,-0.41,0.99
2024-03-25 17:2:17.1460,1.3,1.87,-5.15,-0.91,-0.51,0.88
2024-03-25 17:2:17.1560,2.01,1.32,-4.3,-0.81,-0.58,0.69
2024-03-25 17:2:17.1660,2.47,1.11,-3.39,-0.63,-0.58,0.51
2024-03-25 17:2:17.1760,2.63,1.04,-2.98,-0.47,-0.5,0.33
2024-03-25 17:2:17.1860,2.61,0.92,-3.08,-0.4,-0.32,0.18
2024-03-25 17:2:17.1960,2.44,0.79,-3.22,-0.38,-0.12,0.08
2024-03-25 17:2:17.2060,2.07,0.59,-2.97,-0.36,0.09,0.0
2024-03-25 17:2:17.2160,1.64,0.49,-2.24,-0.33,0.25,-0.03
2024-03-25 17:2:17.2260,1.34,0.43,-1.33,-0.25,0.32,-0.1
2024-03-25 17:2:17.2360,1.39,0.48,-0.52,-0.16,0.29,-0.2
2024-03-25 17:2:17.2460,1.47,0.52,0.18,-0.01,0.14,-0.33
2024-03-25 17:2:17.2560,1.33,0.63,0.94,0.13,-0.04,-0.48
2024-03-25 17:2:17.2660,1.26,0.92,1.11,0.18,-0.1,-0.58
2024-03-25 17:2:17.2760,0.88,1.26,0.97,0.17,-0.03,-0.56
2024-03-25 17:2:17.2860,0.25,1.77,1.33,0.19,0.13,-0.47
2024-03-25 17:2:17.2960,-0.19,2.1,2.11,0.23,0.27,-0.37
2024-03-25 17:2:17.3060,-0.27,2.29,2.92,0.25,0.28,-0.34
2024-03-25 17:2:17.3160,-0.11,2.15,3.4,0.24,0.17,-0.4
2024-03-25 17:2:17.3260,0.1,1.79,3.83,0.28,-0.05,-0.53
2024-03-25 17:2:17.3360,0.28,1.55,4.42,0.39,-0.34,-0.7
2024-03-25 17:2:17.3460,0.41,1.44,4.91,0.54,-0.63,-0.88
2024-03-25 17:2:17.3560,0.66,1.74,4.69,0.6,-0.79,-1.0
2024-03-25 17:2:17.3660,0.71,2.07,3.71,0.55,-0.71,-0.94
2024-03-25 17:2:17.3760,0.14,1.98,2.87,0.43,-0.4,-0.67
2024-03-25 17:2:17.3860,-0.71,1.3,2.78,0.42,-0.11,-0.34
2024-03-25 17:2:17.3960,-0.82,0.14,3.86,0.58,-0.01,-0.19
2024-03-25 17:2:17.4070,-0.28,-1.32,4.67,0.72,-0.1,-0.19
2024-03-25 17:2:17.4160,0.15,-2.73,4.3,0.82,-0.31,-0.34
2024-03-25 17:2:17.4260,0.62,-3.69,3.51,0.8,-0.55,-0.59
2024-03-25 17:2:17.4360,0.94,-4.0,2.25,0.7,-0.73,-0.77
2024-03-25 17:2:17.4460,0.57,-3.91,1.13,0.65,-0.83,-0.84
2024-03-25 17:2:17.4560,0.08,-3.53,0.58,0.62,-0.81,-0.84
2024-03-25 17:2:17.4660,-0.15,-3.12,-0.26,0.53,-0.67,-0.79
2024-03-25 17:2:17.4760,-0.2,-2.75,-1.43,0.34,-0.46,-0.72
2024-03-25 17:2:17.4860,-0.26,-2.4,-2.51,0.07,-0.22,-0.65
2024-03-25 17:2:17.4960,-0.39,-2.27,-3.31,-0.21,-0.01,-0.58
2024-03-25 17:2:17.5060,-0.55,-2.36,-3.44,-0.42,0.12,-0.58
2024-03-25 17:2:17.5160,-0.51,-2.41,-3.03,-0.51,0.17,-0.65
2024-03-25 17:2:17.5260,-0.41,-2.34,-2.39,-0.5,0.18,-0.76
2024-03-25 17:2:17.5360,-0.26,-2.03,-1.91,-0.43,0.21,-0.88
2024-03-25 17:2:17.5460,-0.3,-1.66,-1.77,-0.31,0.24,-0.97
2024-03-25 17:2:17.5560,-0.51,-1.12,-1.85,-0.19,0.27,-0.98
2024-03-25 17:2:17.5660,-0.98,-0.54,-2.21,-0.09,0.34,-0.88
2024-03-25 17:2:17.5760,-1.57,0.06,-2.57,-0.03,0.45,-0.68
2024-03-25 17:2:17.5860,-1.99,0.57,-3.01,-0.03,0.55,-0.45
2024-03-25 17:2:17.5960,-2.17,0.89,-3.48,-0.09,0.66,-0.22
2024-03-25 17:2:17.6060,-2.03,0.97,-3.74,-0.15,0.7,-0.04
2024-03-25 17:2:17.6160,-1.72,0.93,-3.59,-0.18,0.65,0.08
2024-03-25 17:2:17.6260,-1.42,0.78,-3.3,-0.21,0.52,0.17
2024-03-25 17:2:17.6360,-1.27,0.54,-3.13,-0.27,0.37,0.23
2024-03-25 17:2:17.6460,-1.05,0.25,-2.99,-0.29,0.26,0.29
2024-03-25 17:2:17.6560,-0.95,-0.09,-2.47,-0.24,0.19,0.33
2024-03-25 17:2:17.6660,-0.72,-0.3,-1.73,-0.15,0.14,0.34
2024-03-25 17:2:17.6760,-0.39,-0.48,-1.23,-0.07,0.11,0.31
2024-03-25 17:2:17.6860,0.01,-0.48,-1.13,-0.04,0.07,0.27
2024-03-25 17:2:17.6960,0.21,-0.42,-1.2,-0.05,0.01,0.2
2024-03-25 17:2:17.7060,0.43,-0.15,-1.32,-0.12,-0.09,0.13
2024-03-25 17:2:17.7160,0.54,0.24,-1.4,-0.21,-0.15,0.09
2024-03-25 17:2:17.7260,0.5,0.7,-1.22,-0.29,-0.16,0.08
2024-03-25 17:2:17.7360,0.39,1.17,-0.91,-0.37,-0.06,0.12
2024-03-25 17:2:17.7460,0.2,1.47,-0.4,-0.4,0.13,0.2
2024-03-25 17:2:17.7560,-0.03,1.68,0.49,-0.37,0.4,0.3
2024-03-25 17:2:17.7660,-0.21,1.7,1.56,-0.29,0.65,0.36
2024-03-25 17:2:17.7760,-0.19,1.55,2.64,-0.17,0.78,0.33
2024-03-25 17:2:17.7860,-0.13,1.39,3.46,-0.07,0.73,0.24
2024-03-25 17:2:17.7960,-0.06,1.29,3.96,0.04,0.53,0.1
2024-03-25 17:2:17.8060,0.0,1.31,4.24,0.14,0.3,-0.03
2024-03-25 17:2:17.8160,-0.16,1.39,4.37,0.29,0.1,-0.07
2024-03-25 17:2:17.8260,-0.67,1.48,4.59,0.5,-0.05,-0.0
2024-03-25 17:2:17.8360,-1.09,1.62,4.7,0.69,-0.14,0.09
2024-03-25 17:2:17.8460,-1.13,1.84,4.26,0.68,-0.21,0.17
2024-03-25 17:2:17.8560,-1.18,1.92,2.91,0.45,-0.25,0.32
2024-03-25 17:2:17.8660,-1.85,1.52,1.86,0.12,-0.23,0.59
2024-03-25 17:2:17.8760,-2.62,0.58,1.73,-0.11,-0.19,0.88
2024-03-25 17:2:17.8860,-2.8,-0.82,2.69,-0.08,-0.23,1.08
2024-03-25 17:2:17.8960,-2.49,-2.49,4.07,0.11,-0.37,1.08
2024-03-25 17:2:17.9060,-1.94,-4.22,4.46,0.32,-0.61,0.91
2024-03-25 17:2:17.9160,-1.23,-5.08,3.82,0.39,-0.85,0.67
2024-03-25 17:2:17.9260,-0.87,-5.16,2.29,0.31,-1.01,0.47
2024-03-25 17:2:17.9360,-1.04,-4.93,0.69,0.21,-0.97,0.37
2024-03-25 17:2:17.9460,-1.31,-4.41,-0.35,0.16,-0.77,0.35
2024-03-25 17:2:17.9560,-1.6,-3.87,-1.02,0.16,-0.44,0.38
2024-03-25 17:2:17.9660,-1.77,-3.3,-1.64,0.15,-0.12,0.42
2024-03-25 17:2:17.9760,-1.84,-2.66,-2.33,0.08,0.09,0.46
2024-03-25 17:2:17.9860,-1.99,-2.05,-3.16,-0.07,0.19,0.5
2024-03-25 17:2:17.9960,-2.09,-1.51,-3.85,-0.25,0.23,0.56
2024-03-25 17:2:18.0060,-2.12,-1.04,-4.3,-0.44,0.26,0.64
2024-03-25 17:2:18.0160,-2.03,-0.69,-4.57,-0.61,0.29,0.73
2024-03-25 17:2:18.0260,-1.88,-0.38,-4.57,-0.76,0.32,0.84
2024-03-25 17:2:18.0350,-1.77,-0.19,-4.46,-0.85,0.36,0.95
2024-03-25 17:2:18.0460,-1.72,-0.11,-4.13,-0.88,0.4,1.05
2024-03-25 17:2:18.0560,-1.49,-0.06,-3.57,-0.82,0.45,1.11
2024-03-25 17:2:18.0660,-1.1,-0.19,-2.9,-0.69,0.44,1.1
2024-03-25 17:2:18.0760,-0.55,-0.22,-2.35,-0.58,0.4,1.05
2024-03-25 17:2:18.0860,-0.16,-0.24,-2.24,-0.53,0.3,1.0
2024-03-25 17:2:18.0950,0.01,-0.15,-2.21,-0.51,0.19,0.97
2024-03-25 17:2:18.1060,0.12,0.09,-2.14,-0.53,0.07,0.96
2024-03-25 17:2:18.1160,0.34,0.41,-2.17,-0.59,-0.01,0.97
2024-03-25 17:2:18.1260,0.55,0.64,-2.17,-0.65,-0.03,1.01
2024-03-25 17:2:18.1360,0.8,0.82,-1.87,-0.66,0.02,1.03
2024-03-25 17:2:18.1460,1.27,0.85,-1.27,-0.61,0.12,1.0
2024-03-25 17:2:18.1560,1.85,0.8,-0.61,-0.53,0.24,0.92
2024-03-25 17:2:18.1660,2.33,0.73,-0.09,-0.43,0.33,0.8
2024-03-25 17:2:18.1750,2.51,0.67,0.51,-0.29,0.36,0.66
2024-03-25 17:2:18.1850,2.5,0.74,1.33,-0.13,0.29,0.51
2024-03-25 17:2:18.1950,2.49,0.89,1.95,0.01,0.14,0.34
2024-03-25 17:2:18.2060,2.53,1.1,2.19,0.13,-0.03,0.18
2024-03-25 17:2:18.2150,2.46,1.34,2.17,0.19,-0.16,0.04
2024-03-25 17:2:18.2250,2.32,1.62,2.04,0.23,-0.21,-0.06
2024-03-25 17:2:18.2350,2.16,1.84,1.96,0.28,-0.19,-0.1
2024-03-25 17:2:18.2450,1.64,2.03,2.23,0.33,-0.13,-0.07
2024-03-25 17:2:18.2550,1.11,2.21,2.58,0.36,-0.05,-0.02
2024-03-25 17:2:18.2650,0.75,2.1,2.85,0.38,-0.04,0.01
2024-03-25 17:2:18.2750,0.54,1.67,3.36,0.43,-0.13,-0.07
2024-03-25 17:2:18.2860,0.57,1.26,4.02,0.5,-0.29,-0.21
2024-03-25 17:2:18.2960,0.51,0.91,4.42,0.59,-0.46,-0.36
2024-03-25 17:2:18.3060,0.39,0.75,4.64,0.7,-0.61,-0.52
2024-03-25 17:2:18.3160,0.34,0.77,4.62,0.81,-0.73,-0.7
2024-03-25 17:2:18.3250,0.48,1.08,4.21,0.87,-0.78,-0.83
2024-03-25 17:2:18.3350,0.52,1.6,3.54,0.86,-0.67,-0.84
2024-03-25 17:2:18.3460,0.23,1.97,2.81,0.78,-0.43,-0.68
2024-03-25 17:2:18.3550,-0.28,1.92,2.45,0.75,-0.21,-0.44
2024-03-25 17:2:18.3660,-0.61,1.27,2.69,0.77,-0.16,-0.28
2024-03-25 17:2:18.3750,-0.35,0.35,2.77,0.73,-0.16,-0.19
2024-03-25 17:2:18.3850,0.07,-0.73,2.17,0.62,-0.2,-0.14
2024-03-25 17:2:18.3950,0.29,-1.75,1.69,0.54,-0.27,-0.17
2024-03-25 17:2:18.4050,0.66,-2.49,1.62,0.5,-0.37,-0.26
2024-03-25 17:2:18.4150,1.01,-2.93,1.45,0.48,-0.48,-0.36
2024-03-25 17:2:18.4250,1.23,-3.11,0.99,0.44,-0.51,-0.45
2024-03-25 17:2:18.4350,1.25,-3.06,0.19,0.35,-0.43,-0.49
2024-03-25 17:2:18.4450,1.14,-2.86,-0.76,0.21,-0.27,-0.47
2024-03-25 17:2:18.4550,0.9,-2.64,-1.55,0.04,-0.1,-0.41
2024-03-25 17:2:18.4650,0.56,-2.56,-2.1,-0.17,0.04,-0.33
2024-03-25 17:2:18.4750,0.24,-2.58,-2.46,-0.37,0.11,-0.26
2024-03-25 17:2:18.4850,0.13,-2.75,-2.44,-0.5,0.12,-0.25
2024-03-25 17:2:18.4950,0.33,-2.82,-2.17,-0.56,0.06,-0.35
2024-03-25 17:2:18.5050,0.69,-2.6,-2.07,-0.57,-0.04,-0.48
2024-03-25 17:2:18.5150,0.81,-2.14,-2.03,-0.53,-0.12,-0.59
2024-03-25 17:2:18.5250,0.72,-1.66,-2.17,-0.47,-0.17,-0.67
2024-03-25 17:2:18.5350,0.54,-1.2,-2.57,-0.43,-0.17,-0.71
2024-03-25 17:2:18.5450,0.35,-0.73,-3.1,-0.4,-0.12,-0.7
2024-03-25 17:2:18.5550,0.09,-0.29,-3.51,-0.37,-0.06,-0.63
2024-03-25 17:2:18.5650,-0.12,0.17,-3.72,-0.35,-0.01,-0.54
2024-03-25 17:2:18.5750,-0.17,0.49,-3.89,-0.33,0.01,-0.46
2024-03-25 17:2:18.5850,-0.02,0.68,-4.03,-0.32,-0.01,-0.42
2024-03-25 17:2:18.5950,0.13,0.71,-4.1,-0.28,-0.04,-0.38
2024-03-25 17:2:18.6050,0.22,0.63,-3.93,-0.24,-0.11,-0.34
2024-03-25 17:2:18.6150,0.19,0.43,-3.73,-0.25,-0.16,-0.29
2024-03-25 17:2:18.6250,0.18,0.2,-3.66,-0.28,-0.18,-0.24
2024-03-25 17:2:18.6350,0.33,0.07,-3.4,-0.28,-0.15,-0.19
2024-03-25 17:2:18.6450,0.63,-0.07,-2.8,-0.22,-0.09,-0.2
2024-03-25 17:2:18.6550,0.99,-0.21,-2.24,-0.19,-0.03,-0.23
2024-03-25 17:2:18.6660,1.14,-0.38,-2.01,-0.19,0.01,-0.28
2024-03-25 17:2:18.6720,1.14,-0.36,-2.01,-0.24,-0.01,-0.35
2024-03-25 17:2:18.6810,1.22,-0.44,-1.66,-0.28,-0.11,-0.44
2024-03-25 17:2:18.6910,1.09,-0.59,-1.05,-0.31,-0.2,-0.54
2024-03-25 17:2:18.7010,1.09,-0.54,-0.01,-0.27,-0.17,-0.64
2024-03-25 17:2:18.7110,1.16,-0.58,1.12,-0.14,-0.01,-0.75
2024-03-25 17:2:18.7210,1.33,-0.5,2.5,0.08,0.25,-0.86
2024-03-25 17:2:18.7320,1.55,-0.3,3.82,0.31,0.52,-0.98
2024-03-25 17:2:18.7420,1.63,-0.08,4.85,0.49,0.72,-1.05
2024-03-25 17:2:18.7510,1.38,0.29,5.35,0.6,0.77,-1.06
2024-03-25 17:2:18.7610,0.67,0.7,5.38,0.65,0.67,-1.03
2024-03-25 17:2:18.7710,-0.43,1.22,5.15,0.57,0.4,-0.91
2024-03-25 17:2:18.7810,-1.5,1.95,4.64,0.54,0.14,-0.71
2024-03-25 17:2:18.7910,-2.61,2.66,3.85,0.59,-0.0,-0.51
2024-03-25 17:2:18.8010,-3.28,2.99,3.76,0.69,-0.04,-0.36
2024-03-25 17:2:18.8110,-3.14,3.03,3.72,0.78,-0.01,-0.3
2024-03-25 17:2:18.8210,-2.57,3.01,3.31,0.79,0.07,-0.22
2024-03-25 17:2:18.8310,-1.97,3.16,2.65,0.67,0.18,-0.04
2024-03-25 17:2:18.8410,-2.06,3.28,1.74,0.46,0.34,0.31
2024-03-25 17:2:18.8510,-2.69,3.03,0.9,0.26,0.38,0.69
2024-03-25 17:2:18.8610,-3.49,1.89,0.73,0.13,0.2,0.93
2024-03-25 17:2:18.8710,-3.71,0.33,1.25,0.06,-0.15,1.05
2024-03-25 17:2:18.8810,-3.22,-1.14,1.74,0.02,-0.61,1.02
2024-03-25 17:2:18.8910,-2.91,-2.57,1.94,-0.06,-1.02,0.91
2024-03-25 17:2:18.9020,-2.35,-3.53,1.7,-0.18,-1.3,0.78
2024-03-25 17:2:18.9110,-1.75,-4.0,1.06,-0.37,-1.41,0.7
2024-03-25 17:2:18.9210,-1.39,-3.98,0.16,-0.59,-1.31,0.7
2024-03-25 17:2:18.9310,-1.32,-3.77,-0.76,-0.76,-1.03,0.77
2024-03-25 17:2:18.9410,-1.39,-3.54,-1.32,-0.85,-0.57,0.87
2024-03-25 17:2:18.9510,-1.39,-3.36,-1.27,-0.84,-0.12,0.94
2024-03-25 17:2:18.9610,-1.14,-3.12,-0.95,-0.71,0.22,0.9
2024-03-25 17:2:18.9710,-0.73,-3.0,-0.54,-0.56,0.35,0.79
2024-03-25 17:2:18.9810,-0.36,-2.87,-0.13,-0.44,0.36,0.66
2024-03-25 17:2:18.9910,-0.16,-2.58,-0.25,-0.33,0.28,0.52
2024-03-25 17:2:19.0010,-0.13,-2.27,-0.82,-0.2,0.18,0.42
2024-03-25 17:2:19.0130,-0.22,-1.42,-1.78,-0.06,0.1,0.34
2024-03-25 17:2:19.0230,-0.28,-0.95,-2.47,0.04,0.08,0.32
2024-03-25 17:2:19.0330,-0.36,-0.57,-3.37,0.12,0.09,0.33
2024-03-25 17:2:19.0430,-0.4,-0.21,-4.15,0.15,0.12,0.37
2024-03-25 17:2:19.0530,-0.42,0.05,-4.93,0.12,0.13,0.43
2024-03-25 17:2:19.0630,-0.38,0.24,-5.66,0.05,0.1,0.48
2024-03-25 17:2:19.0730,-0.28,0.43,-6.08,-0.04,0.06,0.55
2024-03-25 17:2:19.0830,-0.11,0.44,-6.23,-0.12,0.06,0.59
2024-03-25 17:2:19.0930,0.22,0.39,-6.12,-0.18,0.15,0.6
2024-03-25 17:2:19.1030,0.57,0.35,-5.82,-0.21,0.3,0.61
2024-03-25 17:2:19.1130,0.8,0.36,-5.22,-0.22,0.46,0.59
2024-03-25 17:2:19.1230,1.05,0.47,-4.54,-0.26,0.62,0.57
2024-03-25 17:2:19.1330,1.04,0.55,-3.96,-0.35,0.75,0.59
2024-03-25 17:2:19.1430,0.8,0.69,-3.24,-0.48,0.84,0.63
2024-03-25 17:2:19.1530,0.6,0.89,-2.41,-0.66,0.87,0.68
2024-03-25 17:2:19.1630,0.49,0.97,-1.34,-0.77,0.88,0.71
2024-03-25 17:2:19.1730,0.65,0.81,0.31,-0.74,0.92,0.65
2024-03-25 17:2:19.1830,1.2,0.46,2.18,-0.57,0.96,0.46
2024-03-25 17:2:19.1930,1.76,0.08,3.66,-0.34,0.95,0.21
2024-03-25 17:2:19.2030,1.94,-0.03,4.37,-0.19,0.89,-0.05
2024-03-25 17:2:19.2130,1.77,0.15,4.47,-0.14,0.74,-0.25
2024-03-25 17:2:19.2230,1.31,0.55,4.41,-0.12,0.51,-0.42
2024-03-25 17:2:19.2330,0.73,1.03,4.45,-0.15,0.26,-0.49
2024-03-25 17:2:19.2430,0.07,1.52,4.52,-0.18,0.05,-0.49
2024-03-25 17:2:19.2530,-0.39,1.9,4.82,-0.12,-0.09,-0.48
2024-03-25 17:2:19.2630,-0.65,1.94,5.42,0.09,-0.2,-0.46
2024-03-25 17:2:19.2730,-0.72,1.79,6.41,0.45,-0.34,-0.48
2024-03-25 17:2:19.2830,-0.49,1.6,7.04,0.8,-0.51,-0.61
2024-03-25 17:2:19.2930,0.19,1.62,6.37,1.02,-0.68,-0.8
2024-03-25 17:2:19.3030,0.68,1.88,5.29,1.1,-0.81,-0.94
2024-03-25 17:2:19.3130,0.53,2.37,4.08,1.08,-0.82,-0.91
2024-03-25 17:2:19.3230,0.01,2.55,3.21,1.04,-0.7,-0.71
2024-03-25 17:2:19.3330,-0.46,2.12,2.9,1.02,-0.45,-0.41
2024-03-25 17:2:19.3430,-0.62,1.05,2.73,1.03,-0.22,-0.14
2024-03-25 17:2:19.3530,-0.41,-0.23,2.42,0.99,-0.12,0.05
2024-03-25 17:2:19.3630,-0.11,-1.38,1.66,0.84,-0.16,0.11
2024-03-25 17:2:19.3730,0.39,-2.29,0.73,0.64,-0.25,0.07
2024-03-25 17:2:19.3830,0.87,-2.89,0.17,0.45,-0.3,-0.0
2024-03-25 17:2:19.3930,0.96,-3.26,-0.12,0.28,-0.25,-0.01
2024-03-25 17:2:19.4030,0.61,-3.59,-0.34,0.13,-0.11,0.01
2024-03-25 17:2:19.4130,0.19,-3.95,-0.72,-0.06,0.04,0.06
2024-03-25 17:2:19.4230,-0.25,-4.27,-1.31,-0.29,0.17,0.11
2024-03-25 17:2:19.4330,-0.56,-4.49,-1.95,-0.53,0.21,0.1
2024-03-25 17:2:19.4430,-0.59,-4.69,-2.43,-0.71,0.2,-0.02
2024-03-25 17:2:19.4530,-0.2,-4.67,-2.41,-0.73,0.17,-0.26
2024-03-25 17:2:19.4630,0.42,-3.96,-1.8,-0.59,0.17,-0.47
2024-03-25 17:2:19.4730,0.6,-3.05,-1.1,-0.37,0.18,-0.65
2024-03-25 17:2:19.4830,0.51,-2.29,-1.01,-0.2,0.2,-0.76
2024-03-25 17:2:19.4930,0.25,-1.42,-1.73,-0.15,0.18,-0.77
2024-03-25 17:2:19.5030,-0.11,-0.71,-2.58,-0.09,0.18,-0.75
2024-03-25 17:2:19.5130,-0.08,-0.28,-2.54,0.06,0.19,-0.76
2024-03-25 17:2:19.5230,0.3,-0.02,-2.05,0.27,0.25,-0.79
2024-03-25 17:2:19.5330,0.68,0.05,-1.77,0.49,0.31,-0.82
2024-03-25 17:2:19.5430,0.94,0.01,-1.63,0.67,0.3,-0.89
2024-03-25 17:2:19.5530,0.97,0.12,-1.84,0.72,0.17,-0.92
2024-03-25 17:2:19.5630,0.54,0.38,-2.52,0.58,-0.07,-0.85
2024-03-25 17:2:19.5730,-0.11,0.79,-3.14,0.36,-0.33,-0.67
2024-03-25 17:2:19.5830,-0.53,1.17,-3.19,0.2,-0.53,-0.46
2024-03-25 17:2:19.5930,-0.41,1.25,-2.7,0.16,-0.57,-0.28
2024-03-25 17:2:19.6030,0.08,0.96,-2.04,0.23,-0.49,-0.17
2024-03-25 17:2:19.6130,0.72,0.53,-1.59,0.36,-0.37,-0.16
2024-03-25 17:2:19.6230,1.27,0.11,-1.34,0.5,-0.34,-0.18
2024-03-25 17:2:19.6330,1.3,-0.07,-1.25,0.54,-0.41,-0.24
2024-03-25 17:2:19.6430,1.34,-0.03,-1.8,0.42,-0.56,-0.31
2024-03-25 17:2:19.6530,1.23,0.06,-2.48,0.24,-0.71,-0.37
2024-03-25 17:2:19.6630,1.17,0.25,-2.74,0.06,-0.77,-0.39
2024-03-25 17:2:19.6730,0.97,0.56,-2.57,-0.08,-0.67,-0.36
2024-03-25 17:2:19.6830,0.87,0.95,-2.37,-0.23,-0.42,-0.33
2024-03-25 17:2:19.6930,0.9,1.25,-2.17,-0.35,-0.02,-0.29
2024-03-25 17:2:19.7030,1.05,1.39,-1.51,-0.43,0.5,-0.26
2024-03-25 17:2:19.7130,1.17,1.24,-0.24,-0.38,0.86,-0.33
2024-03-25 17:2:19.7230,1.15,1.12,1.34,-0.28,0.99,-0.45
2024-03-25 17:2:19.7330,0.96,1.1,2.52,-0.2,0.97,-0.57
2024-03-25 17:2:19.7430,0.38,1.15,3.3,-0.16,0.8,-0.63
2024-03-25 17:2:19.7530,-0.28,1.35,3.86,-0.13,0.6,-0.61
2024-03-25 17:2:19.7630,-0.93,1.53,4.46,-0.07,0.46,-0.52
2024-03-25 17:2:19.7730,-1.45,1.57,5.08,0.06,0.44,-0.42
2024-03-25 17:2:19.7830,-1.56,1.46,5.66,0.29,0.47,-0.34
2024-03-25 17:2:19.7930,-1.46,1.28,6.1,0.56,0.45,-0.34
2024-03-25 17:2:19.8030,-1.32,1.19,5.85,0.67,0.37,-0.32
2024-03-25 17:2:19.8130,-1.74,0.98,4.47,0.56,0.29,-0.19
2024-03-25 17:2:19.8220,-2.43,0.42,3.07,0.4,0.23,-0.02
2024-03-25 17:2:19.8330,-2.57,-0.4,2.66,0.35,0.18,0.16
2024-03-25 17:2:19.8420,-2.2,-1.35,2.97,0.41,0.12,0.25
2024-03-25 17:2:19.8530,-1.67,-2.41,2.93,0.48,0.04,0.24
2024-03-25 17:2:19.8630,-0.94,-3.29,2.23,0.47,-0.01,0.15
2024-03-25 17:2:19.8720,-0.49,-3.74,1.31,0.38,-0.05,0.04
2024-03-25 17:2:19.8820,-0.24,-3.74,0.41,0.23,-0.06,-0.02
2024-03-25 17:2:19.8920,-0.59,-3.57,-0.32,0.06,-0.04,0.01
2024-03-25 17:2:19.9030,-1.06,-3.25,-0.79,-0.11,-0.03,0.11
2024-03-25 17:2:19.9120,-1.46,-2.95,-1.13,-0.29,-0.04,0.22
2024-03-25 17:2:19.9230,-1.47,-2.64,-1.56,-0.47,-0.08,0.28
2024-03-25 17:2:19.9320,-1.25,-2.26,-1.81,-0.58,-0.17,0.31
2024-03-25 17:2:19.9420,-1.03,-1.8,-1.61,-0.62,-0.23,0.33
2024-03-25 17:2:19.9520,-0.93,-1.57,-1.51,-0.62,-0.27,0.36
2024-03-25 17:2:19.9620,-0.9,-1.37,-1.74,-0.61,-0.31,0.39
2024-03-25 17:2:19.9730,-0.9,-1.09,-2.15,-0.58,-0.34,0.42
2024-03-25 17:2:19.9820,-0.88,-0.88,-2.57,-0.55,-0.35,0.45
2024-03-25 17:2:19.9920,-0.77,-0.64,-2.97,-0.48,-0.33,0.48
2024-03-25 17:2:20.0030,-0.64,-0.51,-3.32,-0.4,-0.29,0.48
2024-03-25 17:2:20.0120,-0.4,-0.5,-3.63,-0.3,-0.24,0.46
2024-03-25 17:2:20.0220,-0.1,-0.42,-3.91,-0.22,-0.17,0.41
2024-03-25 17:2:20.0330,0.07,-0.27,-4.35,-0.19,-0.13,0.37
2024-03-25 17:2:20.0420,0.08,-0.02,-4.77,-0.2,-0.09,0.37
2024-03-25 17:2:20.0530,-0.15,0.22,-4.93,-0.23,-0.06,0.42
2024-03-25 17:2:20.0620,-0.42,0.55,-4.81,-0.27,-0.02,0.5
2024-03-25 17:2:20.0720,-0.45,0.79,-4.62,-0.32,0.01,0.57
2024-03-25 17:2:20.0820,-0.32,0.85,-4.26,-0.32,0.01,0.6
2024-03-25 17:2:20.0920,0.0,0.87,-3.54,-0.29,-0.01,0.6
2024-03-25 17:2:20.1020,0.31,0.77,-2.62,-0.24,-0.05,0.55
2024-03-25 17:2:20.1120,0.72,0.78,-1.9,-0.26,-0.1,0.43
2024-03-25 17:2:20.1220,1.19,0.67,-1.53,-0.37,-0.15,0.27
2024-03-25 17:2:20.1320,1.49,0.45,-1.09,-0.46,-0.19,0.12
2024-03-25 17:2:20.1420,1.6,0.43,-0.05,-0.5,-0.11,0.05
2024-03-25 17:2:20.1520,1.35,0.61,1.11,-0.45,0.02,0.06
2024-03-25 17:2:20.1620,1.08,1.14,2.09,-0.37,0.18,0.08
2024-03-25 17:2:20.1720,1.05,1.18,2.95,-0.25,0.24,0.06
2024-03-25 17:2:20.1820,0.97,1.13,3.81,-0.18,0.14,0.01
2024-03-25 17:2:20.1920,0.76,1.35,4.25,-0.2,-0.07,-0.05
2024-03-25 17:2:20.2020,0.49,1.77,4.3,-0.23,-0.32,-0.14
2024-03-25 17:2:20.2120,0.38,1.76,4.59,-0.19,-0.44,-0.25
2024-03-25 17:2:20.2220,0.38,1.77,5.13,-0.05,-0.44,-0.31
2024-03-25 17:2:20.2320,0.35,2.0,5.58,0.12,-0.32,-0.41
2024-03-25 17:2:20.2420,0.35,1.67,5.65,0.34,-0.16,-0.49
2024-03-25 17:2:20.2520,0.16,1.61,5.66,0.58,0.01,-0.58
2024-03-25 17:2:20.2620,-0.11,1.34,5.31,0.78,0.08,-0.68
2024-03-25 17:2:20.2720,-0.42,1.48,4.68,0.89,0.04,-0.75
2024-03-25 17:2:20.2820,-0.74,1.89,3.67,0.89,-0.03,-0.73
2024-03-25 17:2:20.2920,-1.26,2.09,2.66,0.81,-0.07,-0.58
2024-03-25 17:2:20.3020,-1.65,1.85,2.04,0.72,-0.05,-0.34
2024-03-25 17:2:20.3120,-1.55,1.09,1.76,0.67,0.03,-0.15
2024-03-25 17:2:20.3220,-0.86,0.16,1.76,0.69,0.12,-0.03
2024-03-25 17:2:20.3320,-0.28,-0.71,1.85,0.74,0.17,0.02
2024-03-25 17:2:20.3420,0.17,-1.53,1.61,0.77,0.15,-0.01
2024-03-25 17:2:20.3520,0.71,-2.16,1.17,0.76,0.09,-0.07
2024-03-25 17:2:20.3620,0.99,-2.42,0.59,0.7,0.03,-0.11
2024-03-25 17:2:20.3720,0.99,-2.42,-0.07,0.6,-0.01,-0.09
2024-03-25 17:2:20.3820,0.8,-2.29,-0.7,0.49,0.02,-0.01
2024-03-25 17:2:20.3920,0.61,-2.22,-1.13,0.35,0.09,0.1
2024-03-25 17:2:20.4020,0.47,-2.21,-1.53,0.19,0.16,0.21
2024-03-25 17:2:20.4120,0.34,-2.4,-1.91,-0.02,0.2,0.32
2024-03-25 17:2:20.4220,0.22,-2.79,-2.13,-0.24,0.2,0.38
2024-03-25 17:2:20.4320,0.28,-3.23,-2.1,-0.43,0.13,0.33
2024-03-25 17:2:20.4420,0.62,-3.65,-1.96,-0.56,0.03,0.21
2024-03-25 17:2:20.4520,1.07,-3.8,-1.79,-0.6,-0.08,0.03
2024-03-25 17:2:20.4620,1.5,-3.44,-1.61,-0.57,-0.15,-0.14
2024-03-25 17:2:20.4720,1.54,-2.85,-1.78,-0.55,-0.15,-0.25
2024-03-25 17:2:20.4820,1.39,-2.31,-2.31,-0.52,-0.08,-0.32
2024-03-25 17:2:20.4920,1.24,-1.72,-2.85,-0.5,0.01,-0.35
2024-03-25 17:2:20.5020,1.0,-1.19,-3.22,-0.47,0.07,-0.36
2024-03-25 17:2:20.5120,0.87,-0.72,-3.52,-0.47,0.08,-0.38
2024-03-25 17:2:20.5220,0.83,-0.42,-3.79,-0.48,0.05,-0.41
2024-03-25 17:2:20.5320,0.93,-0.1,-3.82,-0.48,0.0,-0.44
2024-03-25 17:2:20.5420,0.94,0.13,-3.54,-0.41,-0.04,-0.47
2024-03-25 17:2:20.5520,0.92,0.33,-3.1,-0.34,-0.04,-0.46
2024-03-25 17:2:20.5620,0.82,0.67,-2.97,-0.31,0.02,-0.39
2024-03-25 17:2:20.5720,0.49,1.04,-3.01,-0.32,0.08,-0.22
2024-03-25 17:2:20.5820,0.09,1.34,-2.83,-0.33,0.11,-0.05
2024-03-25 17:2:20.5920,-0.01,1.5,-2.36,-0.35,0.06,0.07
2024-03-25 17:2:20.6020,0.24,1.4,-1.99,-0.37,-0.02,0.12
2024-03-25 17:2:20.6120,0.63,1.05,-1.67,-0.32,-0.09,0.12
2024-03-25 17:2:20.6220,0.98,0.56,-0.92,-0.21,-0.15,0.05
2024-03-25 17:2:20.6320,1.28,0.27,-0.23,-0.11,-0.21,-0.02
2024-03-25 17:2:20.6420,1.37,0.15,-0.09,-0.1,-0.25,-0.1
2024-03-25 17:2:20.6520,1.42,0.19,-0.33,-0.13,-0.26,-0.15
2024-03-25 17:2:20.6620,1.3,0.34,-0.37,-0.17,-0.24,-0.18
2024-03-25 17:2:20.6720,1.23,0.63,-0.07,-0.18,-0.18,-0.2
2024-03-25 17:2:20.6820,1.22,0.92,0.24,-0.2,-0.09,-0.23
2024-03-25 17:2:20.6920,1.24,1.15,0.36,-0.25,0.06,-0.26
2024-03-25 17:2:20.7020,1.19,1.26,0.57,-0.29,0.26,-0.26
2024-03-25 17:2:20.7120,0.82,1.27,1.31,-0.28,0.44,-0.25
2024-03-25 17:2:20.7220,0.45,1.23,2.36,-0.21,0.53,-0.27
2024-03-25 17:2:20.7320,0.25,1.14,3.41,-0.1,0.52,-0.33
2024-03-25 17:2:20.7420,0.13,1.12,4.13,0.02,0.46,-0.41
2024-03-25 17:2:20.7520,-0.09,1.08,4.62,0.18,0.4,-0.46
2024-03-25 17:2:20.7620,-0.32,1.15,5.06,0.36,0.36,-0.48
2024-03-25 17:2:20.7720,-0.53,1.33,5.17,0.52,0.31,-0.48
2024-03-25 17:2:20.7820,-0.68,1.64,4.86,0.59,0.27,-0.45
2024-03-25 17:2:20.7920,-0.89,1.92,4.3,0.54,0.25,-0.35
2024-03-25 17:2:20.8020,-1.57,2.04,3.57,0.41,0.29,-0.1
2024-03-25 17:2:20.8120,-2.52,1.37,3.37,0.37,0.39,0.21
2024-03-25 17:2:20.8220,-2.74,0.18,4.21,0.51,0.36,0.38
2024-03-25 17:2:20.8320,-1.92,-1.26,5.16,0.74,0.17,0.35
2024-03-25 17:2:20.8420,-1.11,-2.68,5.02,0.89,-0.1,0.2
2024-03-25 17:2:20.8520,-0.57,-3.47,3.75,0.87,-0.3,0.05
2024-03-25 17:2:20.8620,-0.57,-3.8,2.05,0.76,-0.38,0.0
2024-03-25 17:2:20.8720,-0.82,-3.68,0.92,0.61,-0.34,0.02
2024-03-25 17:2:20.8820,-1.03,-3.48,0.04,0.42,-0.2,0.09
2024-03-25 17:2:20.8920,-1.26,-3.45,-0.57,0.25,-0.06,0.19
2024-03-25 17:2:20.9020,-1.41,-3.57,-0.67,0.12,0.05,0.24
2024-03-25 17:2:20.9120,-1.32,-3.75,-0.64,0.01,0.09,0.2
2024-03-25 17:2:20.9220,-1.09,-3.73,-0.62,-0.06,0.06,0.08
2024-03-25 17:2:20.9320,-0.89,-3.42,-0.7,-0.09,-0.01,-0.04
2024-03-25 17:2:20.9420,-1.04,-2.83,-0.88,-0.11,-0.09,-0.09
2024-03-25 17:2:20.9520,-1.43,-2.11,-1.28,-0.13,-0.18,-0.06
2024-03-25 17:2:20.9620,-1.76,-1.4,-1.92,-0.17,-0.24,0.03
2024-03-25 17:2:20.9720,-1.85,-0.83,-2.65,-0.21,-0.25,0.14
2024-03-25 17:2:20.9820,-1.74,-0.4,-3.33,-0.23,-0.22,0.23
2024-03-25 17:2:20.9920,-1.56,-0.1,-3.9,-0.25,-0.15,0.33
2024-03-25 17:2:21.0020,-1.43,0.08,-4.41,-0.27,-0.1,0.41
2024-03-25 17:2:21.0120,-1.28,0.2,-4.85,-0.3,-0.08,0.48
2024-03-25 17:2:21.0220,-1.18,0.25,-5.16,-0.34,-0.09,0.53
2024-03-25 17:2:21.0320,-0.99,0.28,-5.42,-0.38,-0.1,0.59
2024-03-25 17:2:21.0420,-0.83,0.39,-5.48,-0.39,-0.09,0.66
2024-03-25 17:2:21.0510,-0.79,0.49,-5.33,-0.35,-0.06,0.75
2024-03-25 17:2:21.0620,-0.63,0.53,-4.95,-0.29,-0.03,0.8
2024-03-25 17:2:21.0720,-0.25,0.63,-4.84,-0.33,-0.01,0.81
2024-03-25 17:2:21.0820,0.13,0.69,-5.26,-0.45,0.04,0.85
2024-03-25 17:2:21.0920,0.17,0.78,-5.2,-0.55,0.1,0.91
2024-03-25 17:2:21.1020,0.22,0.79,-4.28,-0.6,0.15,0.93
2024-03-25 17:2:21.1120,0.58,0.73,-3.3,-0.65,0.2,0.91
2024-03-25 17:2:21.1220,1.01,0.57,-2.52,-0.66,0.26,0.86
2024-03-25 17:2:21.1320,1.39,0.34,-1.3,-0.56,0.3,0.75
2024-03-25 17:2:21.1420,1.77,0.26,0.18,-0.4,0.27,0.59
2024-03-25 17:2:21.1520,2.03,0.19,1.12,-0.29,0.21,0.4
2024-03-25 17:2:21.1620,2.17,0.25,1.51,-0.26,0.13,0.22
2024-03-25 17:2:21.1720,2.03,0.42,1.71,-0.27,0.08,0.09
2024-03-25 17:2:21.1820,1.56,0.72,2.25,-0.25,0.06,0.05
2024-03-25 17:2:21.1920,1.02,1.05,3.03,-0.21,0.03,0.04
2024-03-25 17:2:21.2020,0.69,1.28,3.7,-0.15,-0.01,0.03
2024-03-25 17:2:21.2120,0.67,1.42,4.19,-0.08,-0.07,-0.03
2024-03-25 17:2:21.2220,0.79,1.43,4.56,-0.01,-0.12,-0.12
2024-03-25 17:2:21.2320,0.85,1.35,4.92,0.05,-0.16,-0.24
2024-03-25 17:2:21.2420,0.8,1.33,5.11,0.17,-0.22,-0.41
2024-03-25 17:2:21.2520,0.59,1.23,5.51,0.38,-0.22,-0.56
2024-03-25 17:2:21.2620,0.33,1.32,5.87,0.61,-0.24,-0.72
2024-03-25 17:2:21.2710,0.26,1.85,5.48,0.72,-0.26,-0.86
2024-03-25 17:2:21.2810,0.2,2.6,4.45,0.74,-0.22,-0.87
2024-03-25 17:2:21.2920,-0.45,3.03,3.61,0.69,-0.1,-0.65
2024-03-25 17:2:21.3010,-1.53,2.72,3.32,0.66,0.02,-0.3
2024-03-25 17:2:21.3110,-1.87,1.71,3.53,0.73,0.1,-0.09
2024-03-25 17:2:21.3210,-0.91,0.46,3.89,0.79,0.03,-0.01
2024-03-25 17:2:21.3310,-0.13,-0.76,3.52,0.79,-0.17,-0.07
2024-03-25 17:2:21.3420,0.45,-1.52,2.75,0.71,-0.37,-0.18
2024-03-25 17:2:21.3520,0.83,-2.08,1.91,0.63,-0.44,-0.27
2024-03-25 17:2:21.3610,1.01,-2.25,1.51,0.59,-0.37,-0.3
2024-03-25 17:2:21.3710,0.88,-2.19,1.3,0.58,-0.22,-0.25
2024-03-25 17:2:21.3810,0.62,-2.11,0.94,0.53,-0.07,-0.16
2024-03-25 17:2:21.3910,0.49,-2.04,0.35,0.4,0.05,-0.06
2024-03-25 17:2:21.4020,0.41,-2.04,-0.42,0.19,0.12,0.02
2024-03-25 17:2:21.4110,0.24,-2.17,-1.0,-0.04,0.16,0.11
2024-03-25 17:2:21.4210,-0.03,-2.45,-1.13,-0.23,0.15,0.18
2024-03-25 17:2:21.4310,-0.13,-2.78,-1.05,-0.4,0.14,0.22
2024-03-25 17:2:21.4410,0.01,-3.05,-1.16,-0.53,0.12,0.22
2024-03-25 17:2:21.4510,0.29,-3.24,-1.37,-0.58,0.03,0.11
2024-03-25 17:2:21.4610,0.8,-3.1,-1.52,-0.59,-0.05,-0.03
2024-03-25 17:2:21.4710,1.16,-2.82,-1.8,-0.53,-0.09,-0.15
2024-03-25 17:2:21.4810,1.28,-2.43,-1.92,-0.43,-0.08,-0.27
2024-03-25 17:2:21.4910,1.31,-2.02,-2.14,-0.33,-0.03,-0.37
2024-03-25 17:2:21.5010,1.26,-1.54,-2.64,-0.26,0.03,-0.46
2024-03-25 17:2:21.5110,1.21,-0.96,-3.29,-0.27,0.08,-0.52
2024-03-25 17:2:21.5210,1.2,-0.34,-3.93,-0.31,0.13,-0.55
2024-03-25 17:2:21.5310,1.15,0.31,-4.03,-0.28,0.14,-0.54
2024-03-25 17:2:21.5410,0.98,0.99,-3.42,-0.16,0.07,-0.47
2024-03-25 17:2:21.5510,0.77,1.62,-2.67,-0.04,-0.12,-0.32
2024-03-25 17:2:21.5610,0.77,2.08,-2.45,-0.02,-0.44,-0.13
2024-03-25 17:2:21.5710,1.18,2.2,-2.95,-0.19,-0.76,0.05
2024-03-25 17:2:21.5810,1.95,1.9,-3.62,-0.42,-0.88,0.17
2024-03-25 17:2:21.5910,2.73,1.38,-3.24,-0.48,-0.82,0.22
2024-03-25 17:2:21.6010,3.04,0.57,-1.89,-0.33,-0.6,0.18
2024-03-25 17:2:21.6110,3.18,-0.1,-0.41,-0.04,-0.36,0.07
2024-03-25 17:2:21.6210,3.11,-0.6,0.67,0.31,-0.28,-0.09
2024-03-25 17:2:21.6310,2.87,-0.83,1.04,0.54,-0.37,-0.3
2024-03-25 17:2:21.6410,2.38,-1.02,0.43,0.59,-0.58,-0.52
2024-03-25 17:2:21.6510,1.84,-1.02,-0.67,0.5,-0.75,-0.69
2024-03-25 17:2:21.6610,1.16,-0.77,-1.49,0.37,-0.77,-0.77
2024-03-25 17:2:21.6710,0.32,-0.56,-1.78,0.27,-0.61,-0.76
2024-03-25 17:2:21.6810,-0.51,-0.3,-1.59,0.19,-0.29,-0.66
2024-03-25 17:2:21.6920,-0.97,0.0,-1.46,0.06,0.08,-0.55
2024-03-25 17:2:21.7010,-1.2,0.19,-1.31,-0.09,0.4,-0.45
2024-03-25 17:2:21.7110,-1.31,0.27,-0.73,-0.22,0.6,-0.42
2024-03-25 17:2:21.7210,-1.31,0.33,0.42,-0.31,0.69,-0.46
2024-03-25 17:2:21.7310,-1.2,0.36,1.77,-0.31,0.72,-0.56
2024-03-25 17:2:21.7420,-1.1,0.32,3.16,-0.22,0.71,-0.7
2024-03-25 17:2:21.7510,-0.97,0.44,4.35,-0.05,0.72,-0.8
2024-03-25 17:2:21.7610,-1.11,0.68,5.18,0.16,0.74,-0.83
2024-03-25 17:2:21.7710,-1.46,1.03,5.5,0.37,0.76,-0.8
2024-03-25 17:2:21.7810,-1.68,1.5,5.31,0.54,0.73,-0.75
2024-03-25 17:2:21.7910,-1.84,2.15,4.81,0.58,0.65,-0.64
2024-03-25 17:2:21.8010,-2.07,2.69,3.76,0.44,0.58,-0.45
2024-03-25 17:2:21.8110,-2.4,2.87,2.63,0.19,0.57,-0.16
2024-03-25 17:2:21.8210,-2.64,2.67,2.27,0.06,0.57,0.18
2024-03-25 17:2:21.8310,-2.45,2.06,3.14,0.17,0.49,0.43
2024-03-25 17:2:21.8410,-1.79,0.93,4.17,0.39,0.3,0.57
2024-03-25 17:2:21.8510,-1.1,-0.52,4.06,0.55,0.06,0.6
2024-03-25 17:2:21.8610,-0.54,-1.65,2.95,0.54,-0.16,0.59
2024-03-25 17:2:21.8710,-0.22,-2.46,1.44,0.44,-0.31,0.56
2024-03-25 17:2:21.8810,-0.02,-2.91,0.29,0.33,-0.39,0.54
2024-03-25 17:2:21.8910,0.09,-3.13,-0.4,0.23,-0.36,0.51
2024-03-25 17:2:21.9010,-0.01,-3.31,-0.97,0.11,-0.22,0.49
2024-03-25 17:2:21.9110,-0.22,-3.43,-1.64,-0.05,-0.01,0.5
2024-03-25 17:2:21.9210,-0.61,-3.53,-2.17,-0.23,0.16,0.51
2024-03-25 17:2:21.9310,-0.94,-3.59,-2.52,-0.4,0.22,0.47
2024-03-25 17:2:21.9410,-1.07,-3.43,-2.59,-0.53,0.2,0.41
2024-03-25 17:2:21.9510,-1.07,-2.91,-2.51,-0.59,0.13,0.36
2024-03-25 17:2:21.9610,-0.98,-2.17,-2.31,-0.6,0.07,0.33
2024-03-25 17:2:21.9710,-0.83,-1.53,-2.26,-0.59,0.04,0.32
2024-03-25 17:2:21.9810,-0.64,-0.99,-2.32,-0.54,0.03,0.31
2024-03-25 17:2:21.9910,-0.43,-0.54,-2.44,-0.49,0.02,0.3
2024-03-25 17:2:22.0010,-0.25,-0.09,-2.65,-0.45,-0.02,0.28
2024-03-25 17:2:22.0110,0.02,0.4,-2.98,-0.45,-0.08,0.28
2024-03-25 17:2:22.0210,0.13,0.85,-3.4,-0.5,-0.1,0.33
2024-03-25 17:2:22.0310,0.07,1.1,-3.62,-0.54,-0.07,0.44
2024-03-25 17:2:22.0410,-0.11,1.14,-3.52,-0.55,0.02,0.61
2024-03-25 17:2:22.0510,-0.24,0.85,-3.16,-0.49,0.09,0.74
2024-03-25 17:2:22.0610,0.0,0.41,-2.62,-0.37,0.11,0.77
2024-03-25 17:2:22.0710,0.39,-0.2,-2.19,-0.21,0.06,0.7
2024-03-25 17:2:22.0810,0.78,-0.83,-1.85,-0.03,-0.02,0.52
2024-03-25 17:2:22.0910,1.23,-1.27,-1.74,0.06,-0.13,0.26
2024-03-25 17:2:22.1010,1.54,-1.37,-2.22,0.01,-0.2,0.02
2024-03-25 17:2:22.1110,1.33,-1.29,-2.73,-0.05,-0.2,-0.14
2024-03-25 17:2:22.1210,0.93,-0.82,-2.38,-0.03,-0.09,-0.19
2024-03-25 17:2:22.1310,0.39,-0.2,-1.68,0.02,0.07,-0.15
2024-03-25 17:2:22.1410,-0.1,0.31,-1.29,0.05,0.19,-0.07
2024-03-25 17:2:22.1510,-0.4,0.65,-1.07,0.06,0.22,-0.0
2024-03-25 17:2:22.1610,-0.65,0.86,-0.78,0.05,0.16,0.05
2024-03-25 17:2:22.1710,-0.68,0.97,-0.47,0.01,0.06,0.02
2024-03-25 17:2:22.1810,-0.54,1.01,-0.15,-0.05,-0.05,-0.02
2024-03-25 17:2:22.1910,-0.63,1.07,0.27,-0.11,-0.11,-0.04
2024-03-25 17:2:22.2010,-0.8,1.17,0.78,-0.17,-0.11,-0.05
2024-03-25 17:2:22.2110,-0.88,1.24,1.35,-0.23,-0.05,-0.02
2024-03-25 17:2:22.2210,-0.99,1.3,1.98,-0.27,0.03,0.04
2024-03-25 17:2:22.2310,-1.07,1.24,2.66,-0.27,0.05,0.07
2024-03-25 17:2:22.2410,-1.05,1.1,3.4,-0.22,-0.02,0.06
2024-03-25 17:2:22.2510,-0.76,0.96,4.04,-0.14,-0.17,-0.06
2024-03-25 17:2:22.2610,-0.24,0.89,4.37,-0.04,-0.31,-0.27
2024-03-25 17:2:22.2710,0.34,1.09,4.31,0.04,-0.38,-0.48
2024-03-25 17:2:22.2810,0.66,1.7,3.82,0.02,-0.29,-0.61
2024-03-25 17:2:22.2910,0.37,2.3,3.16,-0.1,-0.06,-0.59
2024-03-25 17:2:22.3010,-0.26,2.53,2.9,-0.24,0.19,-0.36
2024-03-25 17:2:22.3110,-1.34,2.3,3.55,-0.17,0.4,-0.05
2024-03-25 17:2:22.3210,-1.73,1.51,5.11,0.06,0.49,0.19
2024-03-25 17:2:22.3310,-1.32,0.34,5.97,0.29,0.38,0.29
2024-03-25 17:2:22.3410,-0.63,-0.8,5.48,0.45,0.12,0.25
2024-03-25 17:2:22.3510,0.1,-1.62,4.37,0.53,-0.17,0.13
2024-03-25 17:2:22.3610,0.8,-1.95,3.19,0.57,-0.39,-0.03
2024-03-25 17:2:22.3710,1.13,-2.03,2.11,0.59,-0.46,-0.09
2024-03-25 17:2:22.3810,1.05,-1.9,1.17,0.62,-0.37,-0.05
2024-03-25 17:2:22.3910,0.76,-1.83,0.4,0.63,-0.19,0.02
2024-03-25 17:2:22.4010,0.73,-1.65,-0.37,0.56,0.01,0.11
2024-03-25 17:2:22.4110,0.6,-1.55,-1.38,0.37,0.16,0.2
2024-03-25 17:2:22.4210,0.42,-1.59,-2.31,0.08,0.25,0.28
2024-03-25 17:2:22.4310,0.18,-1.79,-2.91,-0.24,0.3,0.37
2024-03-25 17:2:22.4410,-0.04,-2.15,-2.92,-0.48,0.33,0.44
2024-03-25 17:2:22.4510,0.05,-2.54,-2.3,-0.59,0.32,0.42
2024-03-25 17:2:22.4610,0.54,-2.83,-1.69,-0.59,0.28,0.29
2024-03-25 17:2:22.4710,1.22,-2.88,-1.21,-0.5,0.2,0.07
2024-03-25 17:2:22.4810,1.84,-2.6,-1.01,-0.39,0.13,-0.16
2024-03-25 17:2:22.4910,1.96,-2.27,-1.31,-0.29,0.1,-0.34
2024-03-25 17:2:22.5010,1.71,-1.82,-1.74,-0.22,0.09,-0.46
2024-03-25 17:2:22.5110,1.39,-1.24,-2.34,-0.18,0.11,-0.51
2024-03-25 17:2:22.5210,1.08,-0.73,-3.0,-0.17,0.13,-0.5
2024-03-25 17:2:22.5310,0.7,-0.24,-3.39,-0.17,0.16,-0.44
2024-03-25 17:2:22.5410,0.4,0.15,-3.62,-0.17,0.18,-0.35
2024-03-25 17:2:22.5510,0.2,0.46,-3.76,-0.18,0.18,-0.25
2024-03-25 17:2:22.5610,0.15,0.67,-3.9,-0.2,0.14,-0.16
2024-03-25 17:2:22.5710,0.24,0.82,-3.98,-0.23,0.1,-0.09
2024-03-25 17:2:22.5810,0.37,0.88,-3.98,-0.27,0.05,-0.03
2024-03-25 17:2:22.5910,0.5,0.96,-3.9,-0.33,0.03,0.05
2024-03-25 17:2:22.6010,0.5,0.98,-3.73,-0.4,0.04,0.16
2024-03-25 17:2:22.6100,0.43,0.88,-3.4,-0.45,0.06,0.27
2024-03-25 17:2:22.6210,0.38,0.63,-2.82,-0.48,0.07,0.36
2024-03-25 17:2:22.6300,0.5,0.42,-2.22,-0.5,0.07,0.4
2024-03-25 17:2:22.6400,0.57,0.26,-1.73,-0.51,0.03,0.43
2024-03-25 17:2:22.6500,0.61,0.28,-1.11,-0.48,-0.05,0.42
2024-03-25 17:2:22.6610,0.69,0.33,-0.4,-0.41,-0.14,0.35
2024-03-25 17:2:22.6710,0.78,0.42,0.17,-0.34,-0.24,0.25
2024-03-25 17:2:22.6780,0.75,0.45,0.16,-0.3,-0.26,0.14
2024-03-25 17:2:22.6880,0.96,0.72,0.52,-0.29,-0.16,0.03
2024-03-25 17:2:22.6980,1.17,0.93,0.75,-0.28,0.04,-0.08
2024-03-25 17:2:22.7080,1.4,1.17,1.07,-0.28,0.32,-0.11
2024-03-25 17:2:22.7180,1.42,1.4,1.56,-0.23,0.63,-0.06
2024-03-25 17:2:22.7290,0.98,1.56,2.24,-0.13,0.87,0.02
2024-03-25 17:2:22.7390,0.44,1.65,3.28,0.0,0.97,0.09
2024-03-25 17:2:22.7480,-0.03,1.56,4.48,0.14,0.91,0.14
2024-03-25 17:2:22.7580,-0.37,1.41,5.51,0.29,0.73,0.11
2024-03-25 17:2:22.7680,-0.52,1.15,6.23,0.49,0.42,-0.08
2024-03-25 17:2:22.7780,-0.27,0.77,6.57,0.7,0.17,-0.3
2024-03-25 17:2:22.7880,0.23,0.37,6.81,0.85,0.07,-0.46
2024-03-25 17:2:22.7980,0.74,0.56,6.81,0.93,0.11,-0.54
2024-03-25 17:2:22.8080,0.63,0.7,6.2,0.9,0.27,-0.42
2024-03-25 17:2:22.8180,0.16,0.58,5.44,0.87,0.42,-0.1
2024-03-25 17:2:22.8280,-1.09,0.09,4.75,1.03,0.34,0.17
2024-03-25 17:2:22.8380,-2.05,-0.47,4.87,1.24,0.05,0.26
2024-03-25 17:2:22.8480,-2.06,-1.33,5.32,1.28,-0.36,0.21
2024-03-25 17:2:22.8580,-1.42,-2.41,4.55,1.13,-0.76,0.15
2024-03-25 17:2:22.8680,-0.93,-3.05,2.66,0.86,-1.01,0.1
2024-03-25 17:2:22.8780,-0.83,-3.19,0.82,0.6,-1.05,0.11
2024-03-25 17:2:22.8880,-0.76,-3.32,-0.52,0.43,-0.93,0.14
2024-03-25 17:2:22.8980,-0.75,-3.44,-1.02,0.34,-0.69,0.16
2024-03-25 17:2:22.9080,-0.68,-3.56,-1.1,0.27,-0.47,0.16
2024-03-25 17:2:22.9180,-0.68,-3.74,-1.31,0.19,-0.33,0.11
2024-03-25 17:2:22.9280,-0.69,-3.78,-1.75,0.07,-0.29,0.03
2024-03-25 17:2:22.9380,-0.76,-3.72,-2.38,-0.1,-0.32,-0.02
2024-03-25 17:2:22.9480,-0.9,-3.41,-3.15,-0.28,-0.35,-0.05
2024-03-25 17:2:22.9590,-1.1,-2.83,-3.81,-0.43,-0.41,-0.06
2024-03-25 17:2:22.9680,-1.34,-2.27,-4.22,-0.59,-0.41,0.02
2024-03-25 17:2:22.9780,-1.31,-1.57,-4.54,-0.72,-0.36,0.13
2024-03-25 17:2:22.9880,-1.43,-0.92,-4.83,-0.77,-0.27,0.24
2024-03-25 17:2:22.9980,-1.44,-0.55,-4.89,-0.8,-0.16,0.33
2024-03-25 17:2:23.0080,-1.26,-0.26,-4.75,-0.82,-0.05,0.39
2024-03-25 17:2:23.0210,-0.82,-0.15,-4.66,-0.8,0.03,0.42
2024-03-25 17:2:23.0310,-0.64,-0.12,-4.36,-0.72,0.07,0.45
2024-03-25 17:2:23.0410,-0.55,-0.14,-3.83,-0.59,0.06,0.45
2024-03-25 17:2:23.0510,-0.46,-0.07,-3.32,-0.49,0.02,0.44
2024-03-25 17:2:23.0610,-0.3,0.12,-3.22,-0.45,-0.05,0.41
2024-03-25 17:2:23.0710,-0.17,0.36,-3.37,-0.46,-0.11,0.4
2024-03-25 17:2:23.0810,-0.05,0.64,-3.33,-0.49,-0.11,0.4
2024-03-25 17:2:23.0910,-0.02,0.94,-3.07,-0.51,-0.05,0.44
2024-03-25 17:2:23.1010,-0.09,1.1,-2.58,-0.49,0.04,0.49
2024-03-25 17:2:23.1110,-0.05,1.17,-1.93,-0.47,0.14,0.52
2024-03-25 17:2:23.1210,0.14,1.21,-1.33,-0.41,0.25,0.55
2024-03-25 17:2:23.1310,0.31,1.01,-0.47,-0.28,0.28,0.52
2024-03-25 17:2:23.1410,0.56,0.8,0.49,-0.16,0.21,0.41
2024-03-25 17:2:23.1510,0.8,0.67,0.89,-0.1,0.09,0.28
2024-03-25 17:2:23.1610,0.91,0.53,1.05,-0.05,-0.07,0.14
2024-03-25 17:2:23.1710,0.98,0.59,1.51,0.03,-0.21,-0.01
2024-03-25 17:2:23.1810,0.9,0.8,1.99,0.09,-0.29,-0.1
2024-03-25 17:2:23.1910,0.65,1.1,2.17,0.1,-0.27,-0.14
2024-03-25 17:2:23.2010,0.33,1.39,2.17,0.08,-0.2,-0.08
2024-03-25 17:2:23.2110,-0.22,1.55,2.45,0.06,-0.1,0.03
2024-03-25 17:2:23.2210,-0.49,1.61,3.07,0.09,-0.05,0.1
2024-03-25 17:2:23.2310,-0.46,1.43,3.79,0.13,-0.06,0.1
2024-03-25 17:2:23.2410,-0.27,1.1,4.27,0.16,-0.12,0.02
2024-03-25 17:2:23.2510,-0.05,0.74,4.53,0.22,-0.2,-0.12
2024-03-25 17:2:23.2610,0.23,0.46,4.96,0.34,-0.3,-0.33
2024-03-25 17:2:23.2710,0.28,0.41,5.24,0.51,-0.35,-0.55
2024-03-25 17:2:23.2810,0.1,0.6,5.3,0.69,-0.34,-0.77
2024-03-25 17:2:23.2910,0.15,1.22,4.86,0.8,-0.27,-0.91
2024-03-25 17:2:23.3010,-0.18,1.92,4.22,0.86,-0.14,-0.92
2024-03-25 17:2:23.3110,-0.95,2.5,3.7,0.87,0.02,-0.69
2024-03-25 17:2:23.3210,-2.2,2.35,3.4,0.87,0.17,-0.27
2024-03-25 17:2:23.3310,-3.02,1.33,3.25,0.84,0.22,0.13
2024-03-25 17:2:23.3410,-2.58,0.07,2.75,0.81,0.11,0.33
2024-03-25 17:2:23.3510,-1.45,-1.15,2.12,0.77,-0.15,0.36
2024-03-25 17:2:23.3610,-0.6,-2.15,1.58,0.73,-0.41,0.27
2024-03-25 17:2:23.3710,0.16,-2.84,1.06,0.69,-0.56,0.1
2024-03-25 17:2:23.3810,0.74,-3.21,0.49,0.68,-0.53,-0.0
2024-03-25 17:2:23.3910,0.74,-3.38,0.07,0.7,-0.37,-0.05
2024-03-25 17:2:23.4010,0.6,-3.37,-0.31,0.72,-0.15,-0.06
2024-03-25 17:2:23.4110,0.46,-3.18,-0.98,0.64,0.05,-0.04
2024-03-25 17:2:23.4210,0.27,-2.86,-2.0,0.41,0.17,-0.0
2024-03-25 17:2:23.4310,0.05,-2.53,-3.03,0.06,0.22,0.07
2024-03-25 17:2:23.4410,-0.22,-2.22,-3.63,-0.31,0.26,0.16
2024-03-25 17:2:23.4510,-0.33,-1.99,-3.71,-0.61,0.29,0.23
2024-03-25 17:2:23.4610,-0.06,-1.76,-3.15,-0.77,0.35,0.22
2024-03-25 17:2:23.4710,0.43,-1.52,-2.29,-0.81,0.41,0.17
2024-03-25 17:2:23.4810,0.72,-1.37,-1.62,-0.75,0.48,0.11
2024-03-25 17:2:23.4910,0.9,-1.16,-1.08,-0.65,0.52,0.01
2024-03-25 17:2:23.5010,1.02,-0.95,-0.98,-0.57,0.52,-0.09
2024-03-25 17:2:23.5100,0.98,-0.69,-1.22,-0.52,0.51,-0.17
2024-03-25 17:2:23.5200,0.8,-0.39,-1.51,-0.46,0.51,-0.2
2024-03-25 17:2:23.5300,0.53,-0.17,-1.58,-0.35,0.53,-0.18
2024-03-25 17:2:23.5400,0.33,-0.1,-1.21,-0.15,0.57,-0.13
2024-03-25 17:2:23.5510,0.21,-0.15,-0.63,0.11,0.56,-0.09
2024-03-25 17:2:23.5600,0.27,-0.18,-0.3,0.35,0.51,-0.07
2024-03-25 17:2:23.5700,0.48,-0.11,-0.48,0.52,0.38,-0.08
2024-03-25 17:2:23.5800,0.77,-0.2,-0.97,0.63,0.14,-0.15
2024-03-25 17:2:23.5910,1.14,0.01,-1.5,0.62,-0.11,-0.18
2024-03-25 17:2:23.6000,1.04,0.02,-2.18,0.55,-0.33,-0.17
2024-03-25 17:2:23.6100,0.93,0.07,-2.62,0.46,-0.49,-0.1
2024-03-25 17:2:23.6200,0.97,0.34,-2.74,0.36,-0.58,0.0
2024-03-25 17:2:23.6300,1.05,0.39,-2.87,0.28,-0.59,0.11
2024-03-25 17:2:23.6400,1.25,0.37,-2.99,0.2,-0.56,0.2
2024-03-25 17:2:23.6510,1.49,0.23,-3.1,0.11,-0.52,0.23
2024-03-25 17:2:23.6600,1.72,0.14,-3.32,-0.02,-0.49,0.21
2024-03-25 17:2:23.6700,1.85,0.07,-3.51,-0.16,-0.46,0.16
2024-03-25 17:2:23.6800,1.96,0.0,-3.41,-0.27,-0.41,0.07
2024-03-25 17:2:23.6910,2.13,0.06,-3.03,-0.34,-0.28,-0.03
2024-03-25 17:2:23.7000,2.1,0.12,-2.35,-0.35,-0.08,-0.11
2024-03-25 17:2:23.7100,2.07,0.33,-1.45,-0.35,0.17,-0.21
2024-03-25 17:2:23.7200,1.94,0.65,-0.75,-0.36,0.4,-0.28
2024-03-25 17:2:23.7300,1.57,1.11,-0.05,-0.39,0.57,-0.32
2024-03-25 17:2:23.7400,1.03,1.5,0.68,-0.42,0.68,-0.34
2024-03-25 17:2:23.7510,0.6,1.71,1.54,-0.41,0.7,-0.35
2024-03-25 17:2:23.7600,0.01,1.79,2.61,-0.32,0.61,-0.34
2024-03-25 17:2:23.7700,-0.48,1.83,3.62,-0.22,0.48,-0.35
2024-03-25 17:2:23.7800,-0.7,1.83,4.22,-0.1,0.37,-0.36
2024-03-25 17:2:23.7900,-0.81,1.8,4.77,0.06,0.29,-0.37
2024-03-25 17:2:23.8000,-0.77,1.7,5.33,0.23,0.24,-0.44
2024-03-25 17:2:23.8100,-0.46,1.63,5.82,0.42,0.16,-0.55
2024-03-25 17:2:23.8200,-0.15,1.82,5.96,0.52,0.12,-0.61
2024-03-25 17:2:23.8300,-0.45,2.15,5.43,0.46,0.16,-0.51
2024-03-25 17:2:23.8400,-1.59,2.0,4.6,0.35,0.25,-0.2
2024-03-25 17:2:23.8500,-2.56,1.41,4.6,0.36,0.31,0.19
2024-03-25 17:2:23.8600,-2.49,0.43,5.26,0.52,0.18,0.38
2024-03-25 17:2:23.8700,-1.47,-0.89,5.17,0.62,-0.07,0.35
2024-03-25 17:2:23.8800,-0.72,-2.2,3.65,0.55,-0.32,0.27
2024-03-25 17:2:23.8900,-0.41,-2.84,1.94,0.39,-0.43,0.2
2024-03-25 17:2:23.9000,-0.19,-3.29,0.88,0.28,-0.4,0.15
2024-03-25 17:2:23.9100,-0.07,-3.56,0.6,0.25,-0.26,0.12
2024-03-25 17:2:23.9200,-0.07,-3.86,0.38,0.24,-0.07,0.08
2024-03-25 17:2:23.9300,-0.12,-4.02,-0.12,0.18,0.09,0.02
2024-03-25 17:2:23.9400,-0.3,-4.01,-0.91,0.05,0.18,-0.04
2024-03-25 17:2:23.9500,-0.66,-3.86,-1.63,-0.12,0.19,-0.07
2024-03-25 17:2:23.9600,-1.16,-3.53,-2.03,-0.25,0.14,-0.06
2024-03-25 17:2:23.9700,-1.65,-2.97,-2.08,-0.33,0.05,-0.02
2024-03-25 17:2:23.9800,-1.9,-2.32,-2.23,-0.41,-0.06,0.05
2024-03-25 17:2:23.9900,-1.99,-1.7,-2.58,-0.47,-0.16,0.13
2024-03-25 17:2:24.0000,-1.9,-1.16,-2.95,-0.53,-0.22,0.22
2024-03-25 17:2:24.0100,-1.66,-0.73,-3.29,-0.56,-0.22,0.29
2024-03-25 17:2:24.0200,-1.41,-0.44,-3.53,-0.55,-0.16,0.36
2024-03-25 17:2:24.0300,-1.2,-0.27,-3.62,-0.5,-0.04,0.42
2024-03-25 17:2:24.0400,-0.92,-0.19,-3.57,-0.43,0.09,0.45
2024-03-25 17:2:24.0500,-0.63,-0.14,-3.55,-0.38,0.18,0.46
2024-03-25 17:2:24.0600,-0.47,-0.05,-3.63,-0.34,0.21,0.46
2024-03-25 17:2:24.0700,-0.44,0.06,-3.66,-0.32,0.2,0.47
2024-03-25 17:2:24.0800,-0.48,0.27,-3.63,-0.32,0.16,0.51
2024-03-25 17:2:24.0900,-0.55,0.48,-3.58,-0.33,0.09,0.56
2024-03-25 17:2:24.1000,-0.46,0.67,-3.54,-0.36,0.02,0.59
2024-03-25 17:2:24.1100,-0.18,0.74,-3.53,-0.38,0.01,0.61
2024-03-25 17:2:24.1200,0.15,0.72,-3.4,-0.4,0.07,0.6
2024-03-25 17:2:24.1300,0.45,0.64,-3.11,-0.41,0.2,0.57
2024-03-25 17:2:24.1400,0.78,0.53,-2.75,-0.43,0.34,0.52
2024-03-25 17:2:24.1500,1.03,0.34,-2.19,-0.42,0.48,0.43
2024-03-25 17:2:24.1600,1.22,0.16,-1.35,-0.36,0.56,0.32
2024-03-25 17:2:24.1700,1.09,0.04,-0.29,-0.22,0.63,0.23
2024-03-25 17:2:24.1800,0.99,-0.02,1.06,0.02,0.63,0.12
2024-03-25 17:2:24.1900,1.02,0.07,2.19,0.22,0.49,-0.02
2024-03-25 17:2:24.2000,1.03,0.41,2.26,0.25,0.26,-0.13
2024-03-25 17:2:24.2100,0.76,0.72,1.76,0.17,0.0,-0.19
2024-03-25 17:2:24.2200,0.37,1.08,1.51,0.06,-0.22,-0.19
2024-03-25 17:2:24.2300,-0.03,1.43,1.69,-0.02,-0.32,-0.13
2024-03-25 17:2:24.2400,-0.23,1.65,2.07,-0.07,-0.32,-0.07
2024-03-25 17:2:24.2500,-0.14,1.79,2.48,-0.07,-0.3,-0.06
2024-03-25 17:2:24.2600,0.12,1.7,2.91,-0.02,-0.3,-0.13
2024-03-25 17:2:24.2700,0.43,1.58,3.41,0.06,-0.31,-0.25
2024-03-25 17:2:24.2800,0.63,1.51,3.73,0.13,-0.32,-0.38
2024-03-25 17:2:24.2900,0.48,1.62,3.79,0.2,-0.35,-0.48
2024-03-25 17:2:24.3000,0.06,1.69,3.85,0.3,-0.38,-0.57
2024-03-25 17:2:24.3100,-0.18,1.79,4.0,0.43,-0.39,-0.66
2024-03-25 17:2:24.3200,-0.25,1.88,3.85,0.57,-0.4,-0.75
2024-03-25 17:2:24.3300,-0.29,2.15,3.51,0.68,-0.39,-0.82
2024-03-25 17:2:24.3410,-0.34,2.56,2.97,0.73,-0.37,-0.83
2024-03-25 17:2:24.3500,-0.52,2.84,2.36,0.73,-0.31,-0.71
2024-03-25 17:2:24.3600,-0.92,2.83,1.94,0.69,-0.22,-0.47
2024-03-25 17:2:24.3700,-1.26,2.14,1.79,0.64,-0.14,-0.18
2024-03-25 17:2:24.3800,-1.09,0.99,1.72,0.58,-0.09,0.06
2024-03-25 17:2:24.3900,-0.63,-0.33,1.6,0.53,-0.11,0.2
2024-03-25 17:2:24.4000,-0.1,-1.54,1.47,0.47,-0.17,0.22
2024-03-25 17:2:24.4100,0.61,-2.49,1.31,0.44,-0.24,0.14
2024-03-25 17:2:24.4200,1.19,-3.02,1.3,0.43,-0.3,0.03
2024-03-25 17:2:24.4300,1.38,-3.24,1.11,0.39,-0.34,-0.04
2024-03-25 17:2:24.4400,1.17,-3.26,0.72,0.33,-0.31,-0.04
2024-03-25 17:2:24.4500,0.95,-3.21,0.24,0.24,-0.2,-0.01
2024-03-25 17:2:24.4600,0.73,-3.12,-0.21,0.11,-0.03,0.06
2024-03-25 17:2:24.4700,0.41,-3.11,-0.56,-0.07,0.13,0.18
2024-03-25 17:2:24.4800,0.0,-3.18,-0.68,-0.27,0.18,0.32
2024-03-25 17:2:24.4900,-0.31,-3.23,-0.71,-0.48,0.12,0.43
2024-03-25 17:2:24.5000,-0.23,-3.31,-0.64,-0.61,-0.02,0.43
2024-03-25 17:2:24.5100,0.33,-3.19,-0.31,-0.64,-0.2,0.3
2024-03-25 17:2:24.5200,1.04,-2.92,-0.2,-0.61,-0.32,0.1
2024-03-25 17:2:24.5300,1.58,-2.69,-0.4,-0.55,-0.35,-0.15
2024-03-25 17:2:24.5400,1.94,-2.36,-0.72,-0.44,-0.3,-0.36
2024-03-25 17:2:24.5500,1.89,-1.86,-0.98,-0.3,-0.19,-0.52
2024-03-25 17:2:24.5600,1.73,-1.21,-1.35,-0.19,-0.06,-0.64
2024-03-25 17:2:24.5700,1.56,-0.62,-2.04,-0.12,0.07,-0.72
2024-03-25 17:2:24.5800,1.3,-0.15,-2.63,-0.06,0.16,-0.79
2024-03-25 17:2:24.5900,1.09,0.25,-3.02,-0.01,0.22,-0.82
2024-03-25 17:2:24.6000,0.77,0.54,-3.27,0.05,0.25,-0.82
2024-03-25 17:2:24.6100,0.45,0.81,-3.44,0.06,0.24,-0.77
2024-03-25 17:2:24.6200,0.1,0.94,-3.7,0.04,0.19,-0.66
2024-03-25 17:2:24.6300,-0.33,1.04,-3.76,0.02,0.11,-0.48
2024-03-25 17:2:24.6400,-0.68,1.14,-3.71,-0.04,0.03,-0.29
2024-03-25 17:2:24.6500,-0.68,1.05,-3.85,-0.11,-0.03,-0.14
2024-03-25 17:2:24.6600,-0.16,0.82,-3.9,-0.18,-0.04,-0.06
2024-03-25 17:2:24.6700,0.29,0.48,-3.72,-0.19,-0.01,-0.01
2024-03-25 17:2:24.6800,0.57,0.14,-3.3,-0.18,0.03,0.01
2024-03-25 17:2:24.6900,0.69,-0.18,-2.97,-0.17,0.06,0.02
2024-03-25 17:2:24.7000,0.74,-0.33,-2.61,-0.18,0.02,0.01
2024-03-25 17:2:24.7100,0.72,-0.39,-2.39,-0.21,-0.06,-0.0
2024-03-25 17:2:24.7200,0.74,-0.31,-2.3,-0.28,-0.15,-0.04
2024-03-25 17:2:24.7300,0.8,-0.2,-2.24,-0.35,-0.2,-0.08
2024-03-25 17:2:24.7400,0.92,0.04,-1.97,-0.41,-0.18,-0.12
2024-03-25 17:2:24.7500,1.0,0.27,-1.61,-0.43,-0.1,-0.14
2024-03-25 17:2:24.7600,1.02,0.5,-1.03,-0.42,0.02,-0.18
2024-03-25 17:2:24.7700,1.13,0.72,-0.41,-0.39,0.16,-0.23
2024-03-25 17:2:24.7800,1.17,0.98,0.15,-0.36,0.31,-0.27
2024-03-25 17:2:24.7900,1.1,1.19,0.67,-0.35,0.43,-0.33
2024-03-25 17:2:24.8000,1.02,1.38,1.27,-0.35,0.52,-0.4
2024-03-25 17:2:24.8100,0.78,1.57,1.91,-0.37,0.55,-0.44
2024-03-25 17:2:24.8200,0.32,1.68,2.68,-0.37,0.54,-0.43
2024-03-25 17:2:24.8300,-0.14,1.78,3.56,-0.31,0.5,-0.38
2024-03-25 17:2:24.8400,-0.46,1.77,4.47,-0.19,0.42,-0.34
2024-03-25 17:2:24.8500,-0.51,1.69,5.22,-0.05,0.32,-0.31
2024-03-25 17:2:24.8600,-0.42,1.61,5.53,0.08,0.21,-0.29
2024-03-25 17:2:24.8700,-0.21,1.65,5.51,0.16,0.09,-0.3
2024-03-25 17:2:24.8800,0.03,2.02,5.11,0.13,-0.07,-0.29
2024-03-25 17:2:24.8900,-0.25,2.25,4.3,0.03,-0.09,-0.17
2024-03-25 17:2:24.9000,-0.79,2.17,3.98,-0.06,0.08,0.11
2024-03-25 17:2:24.9100,-1.56,1.24,4.41,-0.06,0.33,0.47
2024-03-25 17:2:24.9190,-1.83,-0.04,5.25,0.09,0.39,0.69
2024-03-25 17:2:24.9290,-1.19,-1.48,5.81,0.27,0.18,0.66
2024-03-25 17:2:24.9400,-0.43,-3.19,5.09,0.45,-0.28,0.46
2024-03-25 17:2:24.9500,0.05,-4.41,3.7,0.52,-0.74,0.15
2024-03-25 17:2:24.9600,0.48,-4.79,2.14,0.47,-0.97,-0.1
2024-03-25 17:2:24.9690,0.38,-4.63,0.56,0.37,-0.96,-0.18
2024-03-25 17:2:24.9790,-0.09,-4.29,-0.58,0.27,-0.74,-0.2
2024-03-25 17:2:24.9890,-0.34,-3.94,-1.33,0.16,-0.38,-0.19
2024-03-25 17:2:25.0000,-0.51,-3.69,-1.95,0.02,0.0,-0.21
2024-03-25 17:2:25.0090,-0.73,-3.42,-2.38,-0.13,0.24,-0.25
2024-03-25 17:2:25.0190,-1.24,-2.95,-2.36,-0.25,0.34,-0.28
2024-03-25 17:2:25.0300,-1.81,-2.26,-1.99,-0.36,0.3,-0.29
2024-03-25 17:2:25.0400,-2.39,-1.54,-1.58,-0.4,0.16,-0.23
2024-03-25 17:2:25.0490,-2.94,-0.78,-1.14,-0.41,-0.01,-0.1
2024-03-25 17:2:25.0600,-3.2,-0.14,-0.95,-0.38,-0.14,0.04
2024-03-25 17:2:25.0690,-3.02,0.3,-1.01,-0.32,-0.19,0.15
2024-03-25 17:2:25.0790,-2.61,0.53,-1.29,-0.24,-0.18,0.24
2024-03-25 17:2:25.0890,-2.1,0.64,-1.62,-0.16,-0.12,0.3
2024-03-25 17:2:25.1000,-1.66,0.65,-2.1,-0.1,-0.08,0.35
2024-03-25 17:2:25.1100,-1.32,0.64,-2.54,-0.04,-0.07,0.38
2024-03-25 17:2:25.1190,-1.07,0.57,-2.86,0.01,-0.08,0.42
2024-03-25 17:2:25.1290,-0.93,0.5,-3.2,0.05,-0.09,0.47
2024-03-25 17:2:25.1390,-0.84,0.49,-3.55,0.06,-0.09,0.53
2024-03-25 17:2:25.1490,-0.79,0.48,-3.93,0.04,-0.12,0.62
2024-03-25 17:2:25.1590,-0.79,0.47,-4.14,-0.01,-0.12,0.71
2024-03-25 17:2:25.1690,-0.47,0.46,-4.25,-0.09,-0.11,0.76
2024-03-25 17:2:25.1790,-0.01,0.24,-4.35,-0.15,-0.08,0.75
2024-03-25 17:2:25.1890,0.48,0.0,-4.06,-0.15,-0.03,0.68
2024-03-25 17:2:25.1990,0.93,-0.22,-3.53,-0.12,0.05,0.57
2024-03-25 17:2:25.2090,1.29,-0.34,-3.19,-0.14,0.13,0.46
2024-03-25 17:2:25.2190,1.33,-0.33,-2.98,-0.17,0.22,0.39
2024-03-25 17:2:25.2290,1.11,-0.17,-2.51,-0.19,0.32,0.37
2024-03-25 17:2:25.2390,0.7,0.02,-1.7,-0.18,0.39,0.39
2024-03-25 17:2:25.2490,0.36,0.22,-0.68,-0.15,0.38,0.41
2024-03-25 17:2:25.2590,0.23,0.35,0.17,-0.13,0.27,0.39
2024-03-25 17:2:25.2690,0.33,0.4,0.74,-0.12,0.1,0.3
2024-03-25 17:2:25.2790,0.48,0.4,1.19,-0.12,-0.04,0.17
2024-03-25 17:2:25.2890,0.6,0.46,1.69,-0.11,-0.1,0.06
2024-03-25 17:2:25.2990,0.49,0.64,2.26,-0.08,-0.03,0.01
2024-03-25 17:2:25.3090,0.2,0.87,2.82,-0.04,0.14,0.02
2024-03-25 17:2:25.3190,-0.16,1.12,3.4,0.04,0.29,0.09
2024-03-25 17:2:25.3290,-0.61,1.46,4.1,0.15,0.35,0.14
2024-03-25 17:2:25.3390,-0.78,1.62,4.58,0.27,0.31,0.14
2024-03-25 17:2:25.3490,-0.74,1.6,4.8,0.39,0.21,0.06
2024-03-25 17:2:25.3590,-0.57,1.6,4.76,0.51,0.06,-0.08
2024-03-25 17:2:25.3690,-0.44,1.7,4.58,0.6,-0.14,-0.27
2024-03-25 17:2:25.3790,-0.34,2.17,4.1,0.6,-0.29,-0.41
2024-03-25 17:2:25.3890,-0.57,2.89,3.47,0.57,-0.28,-0.37
2024-03-25 17:2:25.3990,-1.13,3.34,3.29,0.51,-0.1,-0.08
2024-03-25 17:2:25.4090,-1.97,3.08,3.36,0.49,0.14,0.34
2024-03-25 17:2:25.4190,-2.15,2.12,3.85,0.55,0.22,0.61
2024-03-25 17:2:25.4290,-1.23,0.92,4.1,0.58,0.12,0.73
2024-03-25 17:2:25.4390,-0.44,-0.46,3.59,0.59,-0.1,0.7
2024-03-25 17:2:25.4490,0.44,-1.51,3.1,0.61,-0.32,0.57
2024-03-25 17:2:25.4590,1.2,-2.31,2.78,0.68,-0.47,0.41
2024-03-25 17:2:25.4690,1.63,-2.68,2.48,0.76,-0.53,0.27
2024-03-25 17:2:25.4790,1.7,-2.75,1.79,0.8,-0.5,0.2
2024-03-25 17:2:25.4890,1.54,-2.65,0.75,0.78,-0.42,0.16
2024-03-25 17:2:25.4990,1.42,-2.37,-0.36,0.66,-0.29,0.16
2024-03-25 17:2:25.5090,1.23,-2.11,-1.47,0.44,-0.15,0.2
2024-03-25 17:2:25.5190,1.0,-1.91,-2.37,0.14,-0.02,0.26
2024-03-25 17:2:25.5290,0.67,-1.89,-3.05,-0.22,0.08,0.35
2024-03-25 17:2:25.5390,0.31,-2.07,-3.31,-0.55,0.1,0.44
2024-03-25 17:2:25.5490,0.29,-2.41,-2.82,-0.72,0.07,0.44
2024-03-25 17:2:25.5590,0.68,-2.66,-1.96,-0.78,0.09,0.33
2024-03-25 17:2:25.5690,1.33,-2.64,-1.52,-0.77,0.13,0.17
2024-03-25 17:2:25.5790,1.78,-2.3,-1.28,-0.69,0.18,0.0
2024-03-25 17:2:25.5890,1.81,-1.74,-1.23,-0.61,0.25,-0.11
2024-03-25 17:2:25.5990,1.68,-1.07,-1.49,-0.55,0.3,-0.19
2024-03-25 17:2:25.6090,1.54,-0.29,-1.92,-0.5,0.33,-0.21
2024-03-25 17:2:25.6190,1.45,0.49,-2.29,-0.49,0.35,-0.2
2024-03-25 17:2:25.6290,1.36,1.03,-2.7,-0.51,0.37,-0.18
2024-03-25 17:2:25.6390,1.23,1.17,-3.05,-0.53,0.33,-0.14
2024-03-25 17:2:25.6490,0.87,1.22,-2.84,-0.5,0.22,-0.13
2024-03-25 17:2:25.6590,0.62,0.91,-2.5,-0.44,0.09,-0.13
2024-03-25 17:2:25.6690,0.45,0.64,-2.08,-0.3,-0.02,-0.13
2024-03-25 17:2:25.6790,0.51,0.4,-1.41,-0.05,-0.1,-0.17
2024-03-25 17:2:25.6890,0.82,0.23,-0.77,0.21,-0.13,-0.24
2024-03-25 17:2:25.6990,1.04,0.2,-0.82,0.37,-0.09,-0.28
2024-03-25 17:2:25.7090,0.93,0.13,-1.38,0.46,-0.01,-0.28
2024-03-25 17:2:25.7190,0.71,0.16,-1.78,0.51,0.08,-0.22
2024-03-25 17:2:25.7290,0.42,0.15,-1.83,0.55,0.11,-0.14
2024-03-25 17:2:25.7390,0.16,0.16,-1.75,0.56,0.04,-0.09
2024-03-25 17:2:25.7500,0.26,0.16,-1.96,0.49,-0.07,-0.06
2024-03-25 17:2:25.7590,0.4,0.04,-2.33,0.4,-0.14,-0.05
2024-03-25 17:2:25.7690,0.57,-0.15,-2.31,0.34,-0.12,-0.05
2024-03-25 17:2:25.7790,0.72,-0.38,-1.95,0.34,0.04,-0.03
2024-03-25 17:2:25.7890,0.66,-0.73,-1.19,0.4,0.28,-0.01
2024-03-25 17:2:25.7990,0.63,-0.87,-0.47,0.4,0.51,0.03
2024-03-25 17:2:25.8090,0.29,-0.9,-0.26,0.32,0.67,0.12
2024-03-25 17:2:25.8190,-0.15,-0.74,0.04,0.17,0.71,0.17
2024-03-25 17:2:25.8290,-0.19,-0.56,0.47,0.02,0.62,0.16
2024-03-25 17:2:25.8390,-0.03,-0.43,1.2,-0.06,0.43,0.1
2024-03-25 17:2:25.8490,0.12,-0.26,2.18,-0.06,0.23,0.01
2024-03-25 17:2:25.8590,0.25,-0.07,2.92,0.02,0.12,-0.07
2024-03-25 17:2:25.8690,0.35,0.18,3.43,0.14,0.13,-0.1
2024-03-25 17:2:25.8790,0.37,0.49,3.58,0.25,0.23,-0.1
2024-03-25 17:2:25.8890,0.32,0.71,3.52,0.37,0.36,-0.08
2024-03-25 17:2:25.8990,0.45,1.03,3.61,0.46,0.44,-0.1
2024-03-25 17:2:25.9090,0.42,1.26,3.55,0.45,0.46,-0.09
2024-03-25 17:2:25.9190,-0.15,1.24,3.08,0.29,0.44,-0.02
2024-03-25 17:2:25.9290,-0.96,1.09,2.78,0.11,0.37,0.15
2024-03-25 17:2:25.9390,-1.4,1.07,3.5,0.13,0.21,0.32
2024-03-25 17:2:25.9490,-1.42,0.63,4.81,0.33,0.02,0.4
2024-03-25 17:2:25.9590,-0.96,-0.22,5.42,0.56,-0.13,0.34
2024-03-25 17:2:25.9690,-0.2,-1.02,4.73,0.64,-0.23,0.22
2024-03-25 17:2:25.9790,-0.1,-1.51,3.0,0.55,-0.32,0.19
2024-03-25 17:2:25.9890,-0.46,-1.64,1.42,0.35,-0.35,0.21
2024-03-25 17:2:25.9990,-0.63,-1.77,0.44,0.16,-0.29,0.25
2024-03-25 17:2:26.0090,-0.66,-1.94,0.07,0.01,-0.18,0.31
2024-03-25 17:2:26.0190,-0.71,-2.21,0.04,-0.09,-0.07,0.32
2024-03-25 17:2:26.0290,-0.74,-2.57,-0.05,-0.18,0.03,0.28
2024-03-25 17:2:26.0390,-0.72,-2.89,-0.31,-0.27,0.12,0.18
2024-03-25 17:2:26.0490,-0.73,-3.02,-0.54,-0.31,0.22,0.06
2024-03-25 17:2:26.0590,-0.79,-2.94,-0.5,-0.27,0.29,-0.06
2024-03-25 17:2:26.0690,-0.97,-2.53,-0.25,-0.14,0.3,-0.14
2024-03-25 17:2:26.0790,-1.18,-1.75,-0.16,-0.01,0.27,-0.18
2024-03-25 17:2:26.0890,-1.34,-0.78,-0.6,0.08,0.21,-0.16
2024-03-25 17:2:26.0990,-1.34,-0.02,-1.32,0.12,0.2,-0.14
2024-03-25 17:2:26.1090,-1.08,0.42,-2.05,0.1,0.27,-0.1
2024-03-25 17:2:26.1190,-0.86,0.57,-2.69,0.08,0.38,-0.0
2024-03-25 17:2:26.1290,-0.76,0.61,-2.8,0.14,0.51,0.11
2024-03-25 17:2:26.1390,-0.59,0.51,-2.43,0.26,0.58,0.2
2024-03-25 17:2:26.1490,-0.39,0.3,-2.17,0.38,0.57,0.28
2024-03-25 17:2:26.1590,-0.27,0.12,-2.08,0.48,0.47,0.33
2024-03-25 17:2:26.1690,-0.12,0.03,-2.25,0.52,0.27,0.34
2024-03-25 17:2:26.1790,0.04,-0.02,-2.59,0.49,0.04,0.32
2024-03-25 17:2:26.1890,0.27,-0.03,-2.99,0.4,-0.14,0.28
2024-03-25 17:2:26.1990,0.36,-0.16,-3.28,0.36,-0.2,0.25
2024-03-25 17:2:26.2090,0.41,-0.2,-3.05,0.38,-0.16,0.23
2024-03-25 17:2:26.2190,0.41,-0.28,-2.62,0.45,-0.06,0.21
2024-03-25 17:2:26.2290,0.4,-0.27,-2.35,0.51,0.02,0.18
2024-03-25 17:2:26.2390,0.39,-0.23,-2.23,0.55,0.07,0.15
2024-03-25 17:2:26.2490,0.31,-0.14,-2.06,0.56,0.06,0.12
2024-03-25 17:2:26.2590,0.15,0.03,-2.03,0.5,0.01,0.1
2024-03-25 17:2:26.2690,-0.07,0.17,-2.1,0.42,-0.08,0.09
2024-03-25 17:2:26.2790,-0.31,0.25,-1.89,0.36,-0.17,0.08
2024-03-25 17:2:26.2890,-0.41,0.28,-1.57,0.31,-0.25,0.04
2024-03-25 17:2:26.2990,-0.39,0.34,-1.35,0.26,-0.31,0.01
2024-03-25 17:2:26.3080,-0.4,0.44,-1.24,0.21,-0.33,-0.04
2024-03-25 17:2:26.3180,-0.25,0.6,-1.03,0.13,-0.3,-0.09
2024-03-25 17:2:26.3280,-0.22,0.85,-0.85,0.03,-0.23,-0.08
2024-03-25 17:2:26.3390,-0.45,1.05,-0.42,-0.05,-0.14,-0.03
2024-03-25 17:2:26.3490,-0.75,1.22,0.46,-0.09,-0.1,0.03
2024-03-25 17:2:26.3590,-0.9,1.25,1.55,-0.06,-0.1,0.04
2024-03-25 17:2:26.3690,-0.63,1.15,2.54,0.01,-0.17,-0.05
2024-03-25 17:2:26.3790,-0.26,1.02,3.17,0.09,-0.3,-0.2
2024-03-25 17:2:26.3880,0.04,1.04,3.46,0.16,-0.49,-0.38
2024-03-25 17:2:26.3980,0.35,1.31,3.43,0.21,-0.61,-0.55
2024-03-25 17:2:26.4080,0.51,1.79,2.99,0.2,-0.6,-0.61
2024-03-25 17:2:26.4180,0.33,2.08,2.43,0.11,-0.46,-0.57
2024-03-25 17:2:26.4280,-0.11,2.06,2.05,-0.02,-0.25,-0.39
2024-03-25 17:2:26.4380,-0.74,1.74,2.23,-0.05,-0.1,-0.13
2024-03-25 17:2:26.4490,-1.0,1.04,3.16,0.0,-0.08,0.01
2024-03-25 17:2:26.4580,-0.54,-0.2,3.47,0.04,-0.17,0.04
2024-03-25 17:2:26.4680,0.04,-1.31,3.14,0.08,-0.32,-0.03
2024-03-25 17:2:26.4780,0.69,-1.94,2.77,0.07,-0.49,-0.18
2024-03-25 17:2:26.4880,1.1,-2.41,2.1,0.01,-0.62,-0.3
2024-03-25 17:2:26.4990,1.04,-2.53,1.5,-0.04,-0.65,-0.38
2024-03-25 17:2:26.5080,0.9,-2.47,0.99,-0.06,-0.58,-0.39
2024-03-25 17:2:26.5180,0.64,-2.29,0.48,-0.09,-0.43,-0.36
2024-03-25 17:2:26.5280,0.44,-1.95,-0.19,-0.19,-0.25,-0.31
2024-03-25 17:2:26.5380,0.23,-1.63,-1.01,-0.37,-0.09,-0.23
2024-03-25 17:2:26.5480,-0.12,-1.43,-1.72,-0.61,0.03,-0.14
2024-03-25 17:2:26.5580,-0.45,-1.28,-2.01,-0.83,0.07,-0.08
2024-03-25 17:2:26.5680,-0.51,-1.1,-1.69,-0.96,0.02,-0.06
2024-03-25 17:2:26.5780,-0.43,-0.94,-1.12,-1.01,-0.06,-0.08
2024-03-25 17:2:26.5880,-0.29,-0.78,-0.83,-1.0,-0.15,-0.1
2024-03-25 17:2:26.5980,-0.2,-0.59,-0.64,-0.92,-0.21,-0.14
2024-03-25 17:2:26.6080,-0.08,-0.39,-0.65,-0.82,-0.19,-0.17
2024-03-25 17:2:26.6180,-0.03,-0.24,-0.92,-0.7,-0.12,-0.17
2024-03-25 17:2:26.6280,0.0,-0.07,-1.3,-0.58,-0.02,-0.15
2024-03-25 17:2:26.6380,-0.04,0.08,-1.69,-0.47,0.09,-0.1
2024-03-25 17:2:26.6480,-0.16,0.19,-2.14,-0.39,0.18,-0.03
2024-03-25 17:2:26.6580,-0.23,0.25,-2.65,-0.36,0.22,0.02
2024-03-25 17:2:26.6690,-0.17,0.28,-3.04,-0.34,0.21,0.07
2024-03-25 17:2:26.6750,-0.15,0.31,-3.05,-0.32,0.15,0.12
2024-03-25 17:2:26.6860,-0.13,0.22,-3.32,-0.3,0.09,0.15
2024-03-25 17:2:26.6950,-0.05,0.04,-3.41,-0.27,0.08,0.16
2024-03-25 17:2:26.7060,0.19,-0.22,-3.43,-0.26,0.13,0.17
2024-03-25 17:2:26.7160,0.49,-0.43,-3.5,-0.24,0.22,0.22
2024-03-25 17:2:26.7260,0.63,-0.54,-3.55,-0.22,0.31,0.25
2024-03-25 17:2:26.7360,0.73,-0.55,-3.39,-0.22,0.35,0.27
2024-03-25 17:2:26.7450,0.9,-0.49,-3.23,-0.25,0.34,0.26
2024-03-25 17:2:26.7550,1.12,-0.4,-3.08,-0.33,0.29,0.22
2024-03-25 17:2:26.7650,1.32,-0.27,-2.99,-0.4,0.25,0.19
2024-03-25 17:2:26.7750,1.4,-0.14,-2.92,-0.39,0.22,0.17
2024-03-25 17:2:26.7850,1.44,0.02,-2.34,-0.34,0.22,0.13
2024-03-25 17:2:26.7950,1.48,0.19,-1.41,-0.31,0.26,0.1
2024-03-25 17:2:26.8050,1.6,0.36,-0.74,-0.32,0.3,0.06
2024-03-25 17:2:26.8150,1.68,0.55,-0.47,-0.39,0.38,0.06
2024-03-25 17:2:26.8250,1.74,0.86,-0.35,-0.48,0.48,0.1
2024-03-25 17:2:26.8350,1.59,1.13,-0.14,-0.52,0.57,0.16
2024-03-25 17:2:26.8450,1.22,1.33,0.57,-0.55,0.63,0.22
2024-03-25 17:2:26.8550,0.95,1.43,1.52,-0.55,0.65,0.27
2024-03-25 17:2:26.8650,0.66,1.26,2.5,-0.5,0.58,0.24
2024-03-25 17:2:26.8750,0.52,0.98,3.47,-0.38,0.46,0.15
2024-03-25 17:2:26.8850,0.6,0.65,4.4,-0.2,0.33,0.04
2024-03-25 17:2:26.8950,0.7,0.39,5.21,0.02,0.24,-0.09
2024-03-25 17:2:26.9050,0.74,0.15,5.77,0.22,0.16,-0.21
2024-03-25 17:2:26.9150,0.7,0.06,5.9,0.35,0.09,-0.32
2024-03-25 17:2:26.9250,0.63,0.27,5.56,0.38,0.04,-0.37
2024-03-25 17:2:26.9350,0.4,0.67,4.76,0.28,0.04,-0.36
2024-03-25 17:2:26.9450,0.05,1.08,3.87,0.09,0.11,-0.23
2024-03-25 17:2:26.9550,-0.6,1.17,2.91,0.03,0.18,-0.01
2024-03-25 17:2:26.9650,-1.3,1.07,2.67,0.16,0.19,0.17
2024-03-25 17:2:26.9750,-1.7,0.71,3.53,0.31,0.09,0.21
2024-03-25 17:2:26.9850,-1.45,-0.08,4.41,0.32,-0.08,0.2
2024-03-25 17:2:26.9950,-1.02,-1.08,4.03,0.18,-0.25,0.17
2024-03-25 17:2:27.0050,-0.92,-1.85,2.83,0.01,-0.37,0.15
2024-03-25 17:2:27.0180,-1.0,-3.04,1.38,-0.12,-0.41,0.13
2024-03-25 17:2:27.0280,-1.01,-3.59,1.42,-0.15,-0.37,0.07
2024-03-25 17:2:27.0380,-0.93,-4.02,1.5,-0.12,-0.31,-0.03
2024-03-25 17:2:27.0480,-0.94,-4.3,1.19,-0.1,-0.23,-0.16
2024-03-25 17:2:27.0580,-1.03,-4.26,0.51,-0.12,-0.2,-0.31
2024-03-25 17:2:27.0680,-1.25,-3.89,-0.24,-0.14,-0.19,-0.42
2024-03-25 17:2:27.0780,-1.65,-3.14,-0.87,-0.18,-0.2,-0.45
2024-03-25 17:2:27.0880,-1.99,-2.28,-1.5,-0.21,-0.2,-0.43
2024-03-25 17:2:27.0980,-2.13,-1.52,-2.01,-0.22,-0.18,-0.37
2024-03-25 17:2:27.1080,-2.14,-0.82,-2.44,-0.21,-0.15,-0.26
2024-03-25 17:2:27.1180,-2.12,-0.24,-2.86,-0.2,-0.11,-0.15
2024-03-25 17:2:27.1280,-1.98,0.18,-3.36,-0.22,-0.09,-0.05
2024-03-25 17:2:27.1380,-1.81,0.42,-3.9,-0.26,-0.06,0.06
2024-03-25 17:2:27.1480,-1.7,0.58,-4.26,-0.3,-0.03,0.17
2024-03-25 17:2:27.1580,-1.51,0.68,-4.31,-0.29,0.01,0.26
2024-03-25 17:2:27.1680,-1.21,0.75,-4.25,-0.25,0.06,0.33
2024-03-25 17:2:27.1780,-0.91,0.75,-4.1,-0.18,0.1,0.38
2024-03-25 17:2:27.1880,-0.6,0.74,-3.88,-0.12,0.11,0.41
2024-03-25 17:2:27.1980,-0.31,0.8,-3.9,-0.13,0.09,0.43
2024-03-25 17:2:27.2080,-0.21,0.88,-4.06,-0.2,0.07,0.48
2024-03-25 17:2:27.2180,-0.14,0.96,-3.99,-0.29,0.07,0.53
2024-03-25 17:2:27.2280,-0.07,1.01,-3.66,-0.36,0.11,0.59
2024-03-25 17:2:27.2380,0.08,0.93,-3.0,-0.36,0.12,0.6
2024-03-25 17:2:27.2480,0.4,0.82,-2.18,-0.31,0.12,0.57
2024-03-25 17:2:27.2580,0.75,0.66,-1.51,-0.23,0.12,0.48
2024-03-25 17:2:27.2680,1.1,0.54,-0.99,-0.12,0.12,0.35
2024-03-25 17:2:27.2780,1.39,0.43,-0.54,-0.03,0.14,0.22
2024-03-25 17:2:27.2880,1.45,0.39,-0.24,0.03,0.19,0.12
2024-03-25 17:2:27.2980,1.13,0.4,-0.03,0.05,0.27,0.1
2024-03-25 17:2:27.3080,0.5,0.5,0.44,0.08,0.31,0.14
2024-03-25 17:2:27.3180,-0.08,0.59,1.2,0.1,0.28,0.18
2024-03-25 17:2:27.3280,-0.39,0.59,1.85,0.11,0.22,0.18
2024-03-25 17:2:27.3380,-0.43,0.52,2.33,0.13,0.13,0.16
2024-03-25 17:2:27.3480,-0.47,0.52,2.82,0.15,0.01,0.09
2024-03-25 17:2:27.3580,-0.51,0.48,3.17,0.17,-0.12,-0.01
2024-03-25 17:2:27.3680,-0.59,0.43,3.44,0.19,-0.21,-0.1
2024-03-25 17:2:27.3780,-0.86,0.43,3.79,0.25,-0.26,-0.16
2024-03-25 17:2:27.3880,-1.21,0.44,4.13,0.34,-0.28,-0.21
2024-03-25 17:2:27.3980,-1.38,0.47,4.35,0.48,-0.33,-0.3
2024-03-25 17:2:27.4080,-1.33,0.57,4.43,0.67,-0.39,-0.41
2024-03-25 17:2:27.4180,-1.24,0.93,4.27,0.85,-0.43,-0.53
2024-03-25 17:2:27.4280,-1.09,1.41,3.73,0.97,-0.43,-0.62
2024-03-25 17:2:27.4380,-1.11,1.94,2.89,0.95,-0.34,-0.61
2024-03-25 17:2:27.4480,-1.45,2.43,2.0,0.81,-0.17,-0.41
2024-03-25 17:2:27.4580,-2.17,2.52,1.46,0.63,0.05,-0.04
2024-03-25 17:2:27.4680,-2.87,1.94,1.77,0.6,0.18,0.34
2024-03-25 17:2:27.4780,-2.95,0.83,2.76,0.66,0.19,0.59
2024-03-25 17:2:27.4880,-2.32,-0.53,3.02,0.71,0.07,0.68
2024-03-25 17:2:27.4980,-1.45,-1.87,2.58,0.79,-0.15,0.6
2024-03-25 17:2:27.5080,-0.44,-2.76,2.29,0.89,-0.37,0.4
2024-03-25 17:2:27.5170,0.32,-3.22,1.77,0.95,-0.51,0.22
2024-03-25 17:2:27.5270,0.5,-3.19,0.85,0.95,-0.53,0.14
2024-03-25 17:2:27.5380,0.3,-2.9,-0.11,0.89,-0.44,0.14
2024-03-25 17:2:27.5480,0.08,-2.42,-0.98,0.73,-0.25,0.22
2024-03-25 17:2:27.5580,-0.16,-2.03,-1.93,0.45,-0.01,0.36
2024-03-25 17:2:27.5680,-0.44,-1.8,-2.61,0.08,0.22,0.54
2024-03-25 17:2:27.5780,-0.65,-1.8,-2.88,-0.29,0.33,0.7
2024-03-25 17:2:27.5880,-0.65,-2.05,-2.53,-0.58,0.33,0.73
2024-03-25 17:2:27.5980,-0.17,-2.31,-1.7,-0.75,0.29,0.65
2024-03-25 17:2:27.6080,0.45,-2.4,-0.83,-0.76,0.27,0.5
2024-03-25 17:2:27.6180,0.88,-2.28,0.3,-0.64,0.29,0.31
2024-03-25 17:2:27.6280,1.07,-2.04,1.13,-0.49,0.32,0.14
2024-03-25 17:2:27.6380,0.94,-1.65,1.35,-0.38,0.33,0.02
2024-03-25 17:2:27.6480,0.64,-1.14,1.05,-0.33,0.31,-0.05
2024-03-25 17:2:27.6580,0.31,-0.66,0.52,-0.3,0.28,-0.06
2024-03-25 17:2:27.6680,-0.04,-0.18,0.23,-0.24,0.23,0.01
2024-03-25 17:2:27.6780,-0.34,0.24,0.08,-0.15,0.18,0.1
2024-03-25 17:2:27.6880,-0.42,0.48,-0.32,-0.08,0.11,0.19
2024-03-25 17:2:27.6980,-0.28,0.53,-1.04,-0.04,0.06,0.24
2024-03-25 17:2:27.7080,-0.01,0.41,-1.87,-0.02,0.03,0.27
2024-03-25 17:2:27.7180,0.21,0.21,-2.64,-0.03,0.03,0.31
2024-03-25 17:2:27.7280,0.27,-0.02,-3.21,-0.02,0.03,0.36
2024-03-25 17:2:27.7380,0.33,-0.2,-3.55,-0.02,0.05,0.4
2024-03-25 17:2:27.7480,0.33,-0.42,-3.94,-0.04,0.06,0.45
2024-03-25 17:2:27.7580,0.31,-0.61,-4.31,-0.1,0.06,0.51
2024-03-25 17:2:27.7670,0.25,-0.73,-4.58,-0.17,0.04,0.58
2024-03-25 17:2:27.7780,0.17,-0.83,-4.71,-0.24,0.02,0.64
2024-03-25 17:2:27.7870,0.24,-0.85,-4.75,-0.32,0.0,0.67
2024-03-25 17:2:27.7980,0.34,-0.84,-4.78,-0.38,0.01,0.71
2024-03-25 17:2:27.8070,0.42,-0.89,-4.51,-0.38,0.01,0.69
2024-03-25 17:2:27.8170,0.72,-0.89,-3.92,-0.4,0.03,0.6
2024-03-25 17:2:27.8270,1.04,-0.73,-3.72,-0.48,0.05,0.51
2024-03-25 17:2:27.8370,1.09,-0.42,-3.48,-0.58,0.08,0.45
2024-03-25 17:2:27.8470,0.98,0.0,-2.8,-0.67,0.13,0.42
2024-03-25 17:2:27.8570,0.78,0.4,-1.91,-0.74,0.22,0.44
2024-03-25 17:2:27.8670,0.58,0.74,-0.94,-0.77,0.33,0.46
2024-03-25 17:2:27.8770,0.65,1.06,0.08,-0.77,0.45,0.47
2024-03-25 17:2:27.8870,0.71,1.24,1.04,-0.74,0.58,0.48
2024-03-25 17:2:27.8970,0.59,1.34,2.01,-0.69,0.74,0.5
2024-03-25 17:2:27.9070,0.38,1.24,3.13,-0.58,0.88,0.52
2024-03-25 17:2:27.9170,0.14,1.1,4.37,-0.42,0.95,0.53
2024-03-25 17:2:27.9270,-0.09,0.99,5.42,-0.24,0.91,0.53
2024-03-25 17:2:27.9370,-0.25,0.84,6.18,-0.03,0.74,0.49
2024-03-25 17:2:27.9470,-0.4,0.76,6.68,0.2,0.49,0.47
2024-03-25 17:2:27.9570,-0.49,0.73,6.82,0.41,0.26,0.41
2024-03-25 17:2:27.9670,-0.23,1.03,6.44,0.54,0.09,0.36
2024-03-25 17:2:27.9770,-0.09,1.41,5.48,0.54,0.02,0.36
2024-03-25 17:2:27.9870,-0.25,1.71,4.45,0.42,0.05,0.45
2024-03-25 17:2:27.9970,-0.94,1.71,3.86,0.31,0.15,0.69
2024-03-25 17:2:28.0070,-1.67,1.28,4.25,0.41,0.19,0.96
2024-03-25 17:2:28.0170,-1.84,0.36,5.31,0.63,0.09,1.08
2024-03-25 17:2:28.0270,-1.25,-1.0,5.22,0.73,-0.12,1.06
2024-03-25 17:2:28.0380,-0.6,-2.18,3.54,0.65,-0.37,0.96
2024-03-25 17:2:28.0470,-0.15,-2.86,1.73,0.45,-0.54,0.84
2024-03-25 17:2:28.0570,0.03,-3.51,0.52,0.26,-0.55,0.72
2024-03-25 17:2:28.0670,0.08,-3.99,0.07,0.14,-0.41,0.61
2024-03-25 17:2:28.0770,0.05,-4.38,-0.04,0.1,-0.19,0.48
2024-03-25 17:2:28.0870,-0.12,-4.67,-0.14,0.08,0.06,0.32
2024-03-25 17:2:28.0970,-0.34,-4.75,-0.46,0.04,0.27,0.13
2024-03-25 17:2:28.1070,-0.71,-4.62,-0.98,-0.03,0.39,-0.04
2024-03-25 17:2:28.1170,-1.49,-4.09,-1.47,-0.12,0.44,-0.15
2024-03-25 17:2:28.1270,-2.26,-3.28,-1.82,-0.21,0.43,-0.2
2024-03-25 17:2:28.1370,-2.76,-2.41,-2.05,-0.26,0.36,-0.21
2024-03-25 17:2:28.1470,-3.17,-1.4,-2.04,-0.27,0.29,-0.11
2024-03-25 17:2:28.1570,-3.54,-0.42,-2.13,-0.27,0.23,0.06
2024-03-25 17:2:28.1670,-3.64,0.35,-2.46,-0.28,0.19,0.24
2024-03-25 17:2:28.1770,-3.48,0.89,-2.93,-0.31,0.17,0.43
2024-03-25 17:2:28.1870,-3.21,1.22,-3.46,-0.36,0.14,0.6
2024-03-25 17:2:28.1970,-2.83,1.47,-3.87,-0.43,0.12,0.76
2024-03-25 17:2:28.2070,-2.48,1.6,-4.17,-0.48,0.11,0.92
2024-03-25 17:2:28.2170,-2.15,1.56,-4.32,-0.5,0.15,1.08
2024-03-25 17:2:28.2270,-1.73,1.43,-4.33,-0.5,0.22,1.22
2024-03-25 17:2:28.2370,-1.17,1.21,-4.17,-0.46,0.28,1.3
2024-03-25 17:2:28.2470,-0.46,0.86,-4.08,-0.45,0.33,1.32
2024-03-25 17:2:28.2570,0.16,0.6,-4.12,-0.47,0.34,1.33
2024-03-25 17:2:28.2670,0.57,0.41,-4.11,-0.51,0.34,1.33
2024-03-25 17:2:28.2770,1.01,0.21,-3.71,-0.52,0.32,1.28
2024-03-25 17:2:28.2870,1.56,0.04,-3.08,-0.53,0.29,1.21
2024-03-25 17:2:28.2970,2.03,-0.13,-2.67,-0.55,0.25,1.1
2024-03-25 17:2:28.3070,2.57,-0.2,-2.27,-0.55,0.21,0.94
2024-03-25 17:2:28.3170,3.08,-0.16,-1.6,-0.49,0.23,0.79
2024-03-25 17:2:28.3270,3.31,-0.12,-0.73,-0.36,0.28,0.65
2024-03-25 17:2:28.3370,3.52,0.0,0.22,-0.21,0.3,0.49
2024-03-25 17:2:28.3470,3.7,0.14,0.78,-0.12,0.25,0.32
2024-03-25 17:2:28.3570,3.65,0.32,0.9,-0.11,0.13,0.15
2024-03-25 17:2:28.3670,3.47,0.51,0.98,-0.13,0.03,0.01
2024-03-25 17:2:28.3770,3.22,0.69,1.27,-0.14,-0.05,-0.12
2024-03-25 17:2:28.3870,2.92,0.85,1.73,-0.15,-0.05,-0.2
2024-03-25 17:2:28.3970,2.52,1.05,2.31,-0.13,-0.03,-0.25
2024-03-25 17:2:28.4070,2.13,1.25,3.02,-0.08,-0.05,-0.3
2024-03-25 17:2:28.4170,1.92,1.42,3.58,-0.05,-0.11,-0.39
2024-03-25 17:2:28.4270,1.82,1.47,3.91,-0.02,-0.18,-0.5
2024-03-25 17:2:28.4370,1.65,1.45,4.21,0.05,-0.24,-0.66
2024-03-25 17:2:28.4470,1.46,1.41,4.69,0.2,-0.31,-0.84
2024-03-25 17:2:28.4570,1.26,1.34,5.27,0.44,-0.39,-1.03
2024-03-25 17:2:28.4670,0.95,1.46,5.66,0.71,-0.48,-1.22
2024-03-25 17:2:28.4770,0.59,1.82,5.43,0.91,-0.58,-1.34
2024-03-25 17:2:28.4870,0.2,2.27,4.65,1.03,-0.66,-1.4
2024-03-25 17:2:28.4970,-0.1,2.68,3.84,1.06,-0.65,-1.37
2024-03-25 17:2:28.5070,-0.31,3.06,3.04,0.99,-0.6,-1.21
2024-03-25 17:2:28.5170,-0.77,3.06,2.31,0.84,-0.51,-0.9
2024-03-25 17:2:28.5270,-1.2,2.31,1.84,0.71,-0.4,-0.61
2024-03-25 17:2:28.5370,-0.82,1.19,1.83,0.66,-0.31,-0.43
2024-03-25 17:2:28.5470,-0.16,-0.24,2.07,0.69,-0.28,-0.35
2024-03-25 17:2:28.5570,0.32,-1.61,2.16,0.74,-0.31,-0.38
2024-03-25 17:2:28.5670,1.0,-2.84,1.96,0.8,-0.39,-0.56
2024-03-25 17:2:28.5770,1.77,-3.65,1.52,0.8,-0.46,-0.79
2024-03-25 17:2:28.5870,2.1,-4.02,0.89,0.75,-0.5,-0.99
2024-03-25 17:2:28.5970,1.92,-4.07,0.17,0.65,-0.47,-1.1
2024-03-25 17:2:28.6070,1.47,-3.87,-0.37,0.55,-0.42,-1.11
2024-03-25 17:2:28.6170,0.93,-3.55,-0.72,0.4,-0.34,-1.09
2024-03-25 17:2:28.6270,0.57,-3.29,-1.24,0.19,-0.28,-1.04
2024-03-25 17:2:28.6370,0.26,-3.17,-1.8,-0.07,-0.24,-0.98
2024-03-25 17:2:28.6470,0.14,-3.18,-2.06,-0.27,-0.2,-1.0
2024-03-25 17:2:28.6570,0.35,-3.13,-1.81,-0.32,-0.14,-1.09
2024-03-25 17:2:28.6670,0.73,-2.81,-1.16,-0.27,-0.11,-1.22
2024-03-25 17:2:28.6770,0.86,-2.38,-0.9,-0.21,-0.1,-1.34
2024-03-25 17:2:28.6870,0.76,-1.95,-1.13,-0.16,-0.11,-1.43
2024-03-25 17:2:28.6970,0.6,-1.39,-1.46,-0.12,-0.12,-1.49
2024-03-25 17:2:28.7070,0.29,-0.89,-1.8,-0.09,-0.1,-1.46
2024-03-25 17:2:28.7170,-0.2,-0.32,-2.04,-0.07,-0.06,-1.33
2024-03-25 17:2:28.7270,-0.69,0.16,-2.26,-0.07,-0.02,-1.15
2024-03-25 17:2:28.7370,-0.9,0.48,-2.49,-0.09,-0.01,-1.0
2024-03-25 17:2:28.7470,-0.82,0.59,-2.71,-0.08,-0.04,-0.9
2024-03-25 17:2:28.7570,-0.52,0.54,-2.84,-0.05,-0.1,-0.85
2024-03-25 17:2:28.7670,-0.22,0.49,-3.0,-0.03,-0.16,-0.79
2024-03-25 17:2:28.7770,-0.12,0.45,-3.26,-0.02,-0.21,-0.72
2024-03-25 17:2:28.7870,-0.07,0.38,-3.63,-0.06,-0.23,-0.64
2024-03-25 17:2:28.7970,0.01,0.27,-3.99,-0.12,-0.22,-0.54
2024-03-25 17:2:28.8070,0.09,0.19,-4.2,-0.2,-0.17,-0.44
2024-03-25 17:2:28.8170,0.2,0.1,-4.08,-0.25,-0.11,-0.37
2024-03-25 17:2:28.8270,0.49,0.09,-3.84,-0.31,-0.06,-0.32
2024-03-25 17:2:28.8370,0.76,0.03,-3.49,-0.36,-0.02,-0.3
2024-03-25 17:2:28.8470,1.0,0.06,-3.01,-0.39,-0.02,-0.27
2024-03-25 17:2:28.8570,1.08,0.01,-2.4,-0.41,-0.05,-0.25
2024-03-25 17:2:28.8670,1.09,-0.03,-1.8,-0.42,-0.09,-0.23
2024-03-25 17:2:28.8770,1.18,-0.06,-1.31,-0.43,-0.12,-0.23
2024-03-25 17:2:28.8870,1.36,-0.05,-0.94,-0.45,-0.11,-0.24
2024-03-25 17:2:28.8970,1.5,-0.05,-0.59,-0.48,-0.05,-0.26
2024-03-25 17:2:28.9070,1.61,-0.07,-0.1,-0.47,0.02,-0.3
2024-03-25 17:2:28.9170,1.61,-0.08,0.63,-0.46,0.09,-0.36
2024-03-25 17:2:28.9270,1.68,-0.05,1.37,-0.44,0.15,-0.44
2024-03-25 17:2:28.9370,1.62,0.02,2.05,-0.42,0.19,-0.53
2024-03-25 17:2:28.9470,1.38,0.14,2.8,-0.35,0.21,-0.61
2024-03-25 17:2:28.9570,1.03,0.3,3.59,-0.24,0.2,-0.68
2024-03-25 17:2:28.9670,0.68,0.49,4.21,-0.12,0.16,-0.74
2024-03-25 17:2:28.9770,0.37,0.7,4.5,0.0,0.12,-0.8
2024-03-25 17:2:28.9870,0.11,0.91,4.56,0.12,0.07,-0.85
2024-03-25 17:2:28.9970,-0.17,1.15,4.51,0.22,0.03,-0.86
2024-03-25 17:2:29.0070,-0.6,1.3,4.35,0.32,0.06,-0.86
2024-03-25 17:2:29.0170,-0.76,1.44,4.23,0.44,0.12,-0.89
2024-03-25 17:2:29.0270,-0.67,1.91,4.1,0.47,0.18,-0.91
2024-03-25 17:2:29.0370,-1.02,2.16,3.46,0.31,0.26,-0.79
2024-03-25 17:2:29.0460,-2.19,1.96,2.61,0.02,0.38,-0.46
2024-03-25 17:2:29.0570,-3.39,1.47,2.74,-0.11,0.44,-0.03
2024-03-25 17:2:29.0670,-3.59,0.48,4.2,0.06,0.33,0.19
2024-03-25 17:2:29.0770,-2.42,-0.92,5.52,0.38,0.1,0.14
2024-03-25 17:2:29.0870,-1.08,-2.32,5.38,0.63,-0.16,-0.07
2024-03-25 17:2:29.0970,-0.22,-3.18,4.02,0.65,-0.35,-0.26
2024-03-25 17:2:29.1060,-0.12,-3.55,2.22,0.54,-0.41,-0.37
2024-03-25 17:2:29.1160,-0.41,-3.58,1.0,0.44,-0.4,-0.37
2024-03-25 17:2:29.1270,-0.86,-3.5,0.64,0.41,-0.35,-0.32
2024-03-25 17:2:29.1370,-1.2,-3.43,0.34,0.35,-0.31,-0.25
2024-03-25 17:2:29.1460,-1.39,-3.38,-0.4,0.22,-0.33,-0.21
2024-03-25 17:2:29.1560,-1.41,-3.31,-1.44,0.02,-0.38,-0.19
2024-03-25 17:2:29.1660,-1.35,-3.14,-2.22,-0.17,-0.4,-0.19
2024-03-25 17:2:29.1760,-1.25,-2.83,-2.5,-0.27,-0.38,-0.19
2024-03-25 17:2:29.1870,-1.1,-2.37,-2.46,-0.33,-0.32,-0.18
2024-03-25 17:2:29.1970,-0.98,-1.91,-2.46,-0.36,-0.22,-0.15
2024-03-25 17:2:29.2060,-0.86,-1.48,-2.55,-0.37,-0.13,-0.13
2024-03-25 17:2:29.2160,-0.76,-1.16,-2.62,-0.35,-0.05,-0.12
2024-03-25 17:2:29.2260,-0.68,-0.88,-2.76,-0.32,0.0,-0.12
2024-03-25 17:2:29.2360,-0.66,-0.62,-2.95,-0.29,0.02,-0.11
2024-03-25 17:2:29.2460,-0.78,-0.38,-3.17,-0.27,0.02,-0.07
2024-03-25 17:2:29.2570,-0.94,-0.08,-3.39,-0.25,0.0,-0.02
2024-03-25 17:2:29.2670,-1.0,0.17,-3.64,-0.24,-0.03,0.06
2024-03-25 17:2:29.2760,-1.04,0.4,-3.86,-0.26,-0.07,0.16
2024-03-25 17:2:29.2860,-0.98,0.59,-4.08,-0.3,-0.12,0.24
2024-03-25 17:2:29.2960,-0.67,0.74,-4.32,-0.36,-0.13,0.29
2024-03-25 17:2:29.3060,-0.29,0.75,-4.41,-0.38,-0.1,0.31
2024-03-25 17:2:29.3160,0.15,0.71,-4.12,-0.35,-0.03,0.29
2024-03-25 17:2:29.3260,0.57,0.68,-3.74,-0.33,0.07,0.26
2024-03-25 17:2:29.3370,0.78,0.71,-3.59,-0.38,0.17,0.24
2024-03-25 17:2:29.3460,0.79,0.69,-3.5,-0.46,0.24,0.24
2024-03-25 17:2:29.3560,0.69,0.67,-3.0,-0.52,0.29,0.25
2024-03-25 17:2:29.3660,0.5,0.57,-2.02,-0.51,0.33,0.28
2024-03-25 17:2:29.3760,0.37,0.45,-0.86,-0.46,0.38,0.31
2024-03-25 17:2:29.3860,0.34,0.28,0.16,-0.4,0.39,0.33
2024-03-25 17:2:29.3960,0.3,0.1,1.07,-0.32,0.34,0.29
2024-03-25 17:2:29.4060,0.53,-0.05,1.86,-0.23,0.22,0.17
2024-03-25 17:2:29.4160,0.76,-0.22,2.49,-0.16,0.06,0.01
2024-03-25 17:2:29.4260,0.86,-0.3,2.98,-0.07,-0.1,-0.16
2024-03-25 17:2:29.4360,0.79,-0.22,3.39,0.03,-0.22,-0.28
2024-03-25 17:2:29.4460,0.47,-0.05,3.66,0.14,-0.28,-0.35
2024-03-25 17:2:29.4560,0.04,0.18,3.65,0.2,-0.3,-0.37
2024-03-25 17:2:29.4660,-0.4,0.41,3.41,0.24,-0.29,-0.34
2024-03-25 17:2:29.4760,-0.71,0.68,3.24,0.27,-0.28,-0.34
2024-03-25 17:2:29.4860,-0.8,0.82,3.14,0.32,-0.3,-0.35
2024-03-25 17:2:29.4960,-0.92,0.91,3.05,0.36,-0.31,-0.38
2024-03-25 17:2:29.5060,-1.08,0.87,2.91,0.42,-0.32,-0.42
2024-03-25 17:2:29.5160,-1.15,0.81,2.84,0.51,-0.33,-0.5
2024-03-25 17:2:29.5260,-1.14,0.84,2.81,0.63,-0.33,-0.6
2024-03-25 17:2:29.5360,-1.04,1.12,2.67,0.7,-0.32,-0.7
2024-03-25 17:2:29.5460,-1.11,1.61,2.18,0.64,-0.27,-0.72
2024-03-25 17:2:29.5560,-1.49,2.29,1.44,0.47,-0.19,-0.58
2024-03-25 17:2:29.5660,-2.16,2.72,1.11,0.35,-0.03,-0.3
2024-03-25 17:2:29.5760,-2.74,2.55,1.79,0.37,0.14,0.07
2024-03-25 17:2:29.5860,-2.92,1.53,2.74,0.49,0.29,0.37
2024-03-25 17:2:29.5960,-2.31,0.1,3.06,0.54,0.38,0.54
2024-03-25 17:2:29.6060,-1.33,-1.27,2.38,0.56,0.31,0.54
2024-03-25 17:2:29.6160,-0.39,-2.18,1.84,0.55,0.1,0.39
2024-03-25 17:2:29.6260,0.29,-2.75,1.29,0.48,-0.13,0.22
2024-03-25 17:2:29.6360,0.46,-3.04,0.72,0.4,-0.29,0.11
2024-03-25 17:2:29.6460,0.4,-3.01,0.29,0.35,-0.3,0.08
2024-03-25 17:2:29.6560,0.19,-2.81,0.01,0.33,-0.23,0.13
2024-03-25 17:2:29.6660,0.05,-2.59,-0.3,0.29,-0.12,0.19
2024-03-25 17:2:29.6760,0.22,-2.39,-0.86,0.15,-0.03,0.22
2024-03-25 17:2:29.6860,0.33,-2.11,-1.72,-0.1,0.02,0.27
2024-03-25 17:2:29.6960,0.3,-1.85,-2.43,-0.39,0.06,0.33
2024-03-25 17:2:29.7060,0.26,-1.7,-2.63,-0.65,0.11,0.39
2024-03-25 17:2:29.7160,0.4,-1.64,-2.32,-0.79,0.16,0.42
2024-03-25 17:2:29.7260,0.73,-1.6,-1.47,-0.8,0.21,0.35
2024-03-25 17:2:29.7360,1.18,-1.6,-0.7,-0.74,0.26,0.25
2024-03-25 17:2:29.7460,1.43,-1.54,-0.28,-0.61,0.27,0.11
2024-03-25 17:2:29.7560,1.53,-1.31,-0.04,-0.47,0.22,-0.03
2024-03-25 17:2:29.7660,1.51,-1.05,-0.16,-0.35,0.17,-0.14
2024-03-25 17:2:29.7760,1.38,-0.73,-0.5,-0.24,0.13,-0.21
2024-03-25 17:2:29.7860,1.18,-0.39,-0.94,-0.15,0.13,-0.24
2024-03-25 17:2:29.7960,0.88,-0.04,-1.43,-0.09,0.15,-0.19
2024-03-25 17:2:29.8060,0.56,0.23,-1.84,-0.03,0.15,-0.13
2024-03-25 17:2:29.8160,0.43,0.46,-2.21,0.01,0.12,-0.06
2024-03-25 17:2:29.8260,0.44,0.58,-2.68,0.01,0.05,-0.01
2024-03-25 17:2:29.8360,0.53,0.58,-3.14,-0.01,-0.02,0.04
2024-03-25 17:2:29.8460,0.67,0.55,-3.52,-0.04,-0.08,0.09
2024-03-25 17:2:29.8560,0.82,0.47,-3.82,-0.09,-0.09,0.14
2024-03-25 17:2:29.8660,0.91,0.37,-3.99,-0.15,-0.06,0.2
2024-03-25 17:2:29.8760,1.08,0.27,-3.84,-0.18,-0.03,0.23
2024-03-25 17:2:29.8860,1.31,0.2,-3.49,-0.2,0.01,0.26
2024-03-25 17:2:29.8960,1.47,0.13,-3.17,-0.23,0.02,0.29
2024-03-25 17:2:29.9060,1.54,0.13,-2.87,-0.29,-0.0,0.29
2024-03-25 17:2:29.9160,1.61,0.13,-2.65,-0.37,-0.04,0.28
2024-03-25 17:2:29.9260,1.65,0.18,-2.41,-0.48,-0.08,0.27
2024-03-25 17:2:29.9360,1.66,0.29,-2.08,-0.59,-0.1,0.26
2024-03-25 17:2:29.9460,1.7,0.34,-1.55,-0.64,-0.07,0.22
2024-03-25 17:2:29.9560,1.84,0.42,-0.69,-0.63,-0.02,0.15
2024-03-25 17:2:29.9660,2.0,0.46,0.25,-0.54,0.03,0.04
2024-03-25 17:2:29.9760,2.17,0.48,1.21,-0.39,0.05,-0.13
2024-03-25 17:2:29.9860,2.33,0.63,1.98,-0.24,0.03,-0.3
2024-03-25 17:2:29.9960,2.25,0.87,2.43,-0.12,0.03,-0.45
2024-03-25 17:2:30.0060,1.99,1.22,2.63,-0.06,0.05,-0.56
2024-03-25 17:2:30.0160,1.52,1.58,2.65,-0.04,0.11,-0.59
2024-03-25 17:2:30.0260,0.92,1.92,2.81,-0.02,0.21,-0.54
2024-03-25 17:2:30.0360,0.23,2.12,3.2,0.01,0.32,-0.44
2024-03-25 17:2:30.0460,-0.32,2.19,3.74,0.05,0.37,-0.35
2024-03-25 17:2:30.0560,-0.64,2.03,4.22,0.14,0.33,-0.29
2024-03-25 17:2:30.0660,-0.77,1.75,4.77,0.27,0.22,-0.29
2024-03-25 17:2:30.0760,-0.78,1.43,5.13,0.44,0.08,-0.34
2024-03-25 17:2:30.0860,-0.72,1.21,5.04,0.58,-0.06,-0.41
2024-03-25 17:2:30.0960,-0.59,1.37,4.5,0.66,-0.19,-0.47
2024-03-25 17:2:30.1060,-0.53,1.78,3.8,0.62,-0.28,-0.5
2024-03-25 17:2:30.1160,-0.81,2.06,2.82,0.4,-0.24,-0.36
2024-03-25 17:2:30.1260,-1.73,1.96,1.96,0.16,-0.06,-0.0
2024-03-25 17:2:30.1360,-2.6,1.42,2.4,0.18,0.12,0.37
2024-03-25 17:2:30.1460,-2.36,0.3,3.86,0.39,0.19,0.54
2024-03-25 17:2:30.1560,-1.46,-1.41,4.3,0.59,0.09,0.53
2024-03-25 17:2:30.1660,-0.77,-2.87,3.43,0.65,-0.09,0.38
2024-03-25 17:2:30.1760,-0.17,-3.84,2.21,0.59,-0.25,0.17
2024-03-25 17:2:30.1860,0.07,-4.41,1.17,0.49,-0.31,-0.01
2024-03-25 17:2:30.1960,-0.15,-4.65,0.67,0.44,-0.26,-0.12
2024-03-25 17:2:30.2060,-0.62,-4.71,0.56,0.44,-0.14,-0.17
2024-03-25 17:2:30.2160,-1.04,-4.69,0.38,0.43,-0.06,-0.2
2024-03-25 17:2:30.2260,-1.4,-4.54,-0.13,0.38,-0.06,-0.23
2024-03-25 17:2:30.2360,-1.58,-4.22,-0.95,0.27,-0.12,-0.27
2024-03-25 17:2:30.2460,-1.66,-3.73,-1.81,0.14,-0.17,-0.31
2024-03-25 17:2:30.2560,-1.61,-3.07,-2.47,0.01,-0.19,-0.32
2024-03-25 17:2:30.2660,-1.65,-2.31,-2.93,-0.12,-0.18,-0.29
2024-03-25 17:2:30.2760,-1.74,-1.59,-3.31,-0.23,-0.12,-0.2
2024-03-25 17:2:30.2860,-1.74,-0.98,-3.59,-0.33,-0.03,-0.1
2024-03-25 17:2:30.2960,-1.66,-0.51,-3.7,-0.4,0.09,0.02
2024-03-25 17:2:30.3060,-1.59,-0.16,-3.7,-0.45,0.19,0.14
2024-03-25 17:2:30.3160,-1.56,0.1,-3.64,-0.47,0.25,0.25
2024-03-25 17:2:30.3260,-1.52,0.26,-3.52,-0.48,0.28,0.34
2024-03-25 17:2:30.3360,-1.42,0.35,-3.5,-0.49,0.26,0.41
2024-03-25 17:2:30.3460,-1.37,0.44,-3.46,-0.49,0.18,0.47
2024-03-25 17:2:30.3560,-1.32,0.57,-3.41,-0.47,0.08,0.53
2024-03-25 17:2:30.3660,-1.21,0.6,-3.37,-0.46,-0.02,0.58
2024-03-25 17:2:30.3760,-0.97,0.67,-3.35,-0.44,-0.08,0.62
2024-03-25 17:2:30.3860,-0.76,0.71,-3.33,-0.42,-0.08,0.66
2024-03-25 17:2:30.3960,-0.48,0.72,-3.29,-0.4,-0.03,0.69
2024-03-25 17:2:30.4060,-0.23,0.66,-3.22,-0.39,0.03,0.71
2024-03-25 17:2:30.4150,0.06,0.62,-3.23,-0.42,0.09,0.69
2024-03-25 17:2:30.4260,0.26,0.44,-3.23,-0.47,0.15,0.67
2024-03-25 17:2:30.4360,0.49,0.23,-2.82,-0.48,0.2,0.6
2024-03-25 17:2:30.4460,0.74,0.03,-2.15,-0.45,0.22,0.49
2024-03-25 17:2:30.4560,0.95,-0.09,-1.43,-0.38,0.21,0.37
2024-03-25 17:2:30.4660,1.0,-0.04,-0.79,-0.32,0.19,0.26
2024-03-25 17:2:30.4750,0.89,0.08,-0.28,-0.26,0.19,0.17
2024-03-25 17:2:30.4850,0.62,0.22,0.15,-0.22,0.2,0.12
2024-03-25 17:2:30.4950,0.29,0.39,0.54,-0.2,0.2,0.12
2024-03-25 17:2:30.5050,-0.14,0.61,0.86,-0.22,0.2,0.15
2024-03-25 17:2:30.5150,-0.52,0.85,1.15,-0.25,0.18,0.21
2024-03-25 17:2:30.5250,-0.75,1.0,1.56,-0.26,0.13,0.26
2024-03-25 17:2:30.5360,-0.72,1.09,2.15,-0.21,0.07,0.26
2024-03-25 17:2:30.5450,-0.46,1.08,2.72,-0.12,0.02,0.21
2024-03-25 17:2:30.5550,-0.02,1.06,3.09,-0.03,-0.06,0.08
2024-03-25 17:2:30.5650,0.35,1.1,3.12,0.02,-0.13,-0.06
2024-03-25 17:2:30.5750,0.47,1.12,2.96,0.04,-0.14,-0.17
2024-03-25 17:2:30.5850,0.38,1.13,2.99,0.1,-0.1,-0.26
2024-03-25 17:2:30.5950,0.21,1.21,3.36,0.19,-0.04,-0.33
2024-03-25 17:2:30.6050,0.14,1.47,3.65,0.27,0.03,-0.38
2024-03-25 17:2:30.6150,0.07,1.88,3.84,0.29,0.09,-0.37
2024-03-25 17:2:30.6250,-0.3,2.15,3.66,0.15,0.18,-0.22
2024-03-25 17:2:30.6350,-1.07,1.77,3.49,0.02,0.25,0.01
2024-03-25 17:2:30.6450,-1.56,0.83,4.01,0.03,0.28,0.21
2024-03-25 17:2:30.6560,-1.35,-0.53,4.96,0.22,0.19,0.27
2024-03-25 17:2:30.6660,-0.65,-1.85,5.54,0.46,-0.07,0.16
2024-03-25 17:2:30.6730,-0.66,-1.9,5.54,0.6,-0.36,-0.06
2024-03-25 17:2:30.6830,0.16,-2.86,4.95,0.6,-0.59,-0.3
2024-03-25 17:2:30.6930,0.93,-3.23,3.54,0.58,-0.68,-0.44
2024-03-25 17:2:30.7030,1.22,-3.25,1.94,0.58,-0.66,-0.49
2024-03-25 17:2:30.7130,1.07,-2.97,0.94,0.59,-0.55,-0.47
2024-03-25 17:2:30.7230,0.85,-2.61,0.25,0.55,-0.38,-0.42
2024-03-25 17:2:30.7330,0.7,-2.25,-0.54,0.42,-0.17,-0.34
2024-03-25 17:2:30.7430,0.67,-1.92,-1.47,0.19,0.03,-0.25
2024-03-25 17:2:30.7530,0.65,-1.61,-2.3,-0.08,0.19,-0.17
2024-03-25 17:2:30.7630,0.62,-1.42,-2.98,-0.34,0.29,-0.1
2024-03-25 17:2:30.7730,0.47,-1.4,-3.15,-0.5,0.32,-0.07
2024-03-25 17:2:30.7830,0.3,-1.42,-2.73,-0.54,0.28,-0.09
2024-03-25 17:2:30.7930,0.28,-1.41,-1.84,-0.52,0.23,-0.14
2024-03-25 17:2:30.8030,0.52,-1.25,-1.01,-0.43,0.18,-0.21
2024-03-25 17:2:30.8130,0.72,-1.12,-0.59,-0.3,0.13,-0.29
2024-03-25 17:2:30.8230,0.86,-0.96,-0.27,-0.2,0.09,-0.33
2024-03-25 17:2:30.8330,0.88,-0.71,-0.29,-0.16,0.06,-0.33
2024-03-25 17:2:30.8430,0.71,-0.38,-0.72,-0.15,0.04,-0.29
2024-03-25 17:2:30.8530,0.48,-0.03,-1.3,-0.13,0.05,-0.21
2024-03-25 17:2:30.8630,0.25,0.23,-1.74,-0.08,0.05,-0.15
2024-03-25 17:2:30.8730,0.09,0.34,-1.93,-0.01,0.03,-0.1
2024-03-25 17:2:30.8830,0.12,0.38,-1.99,0.02,-0.01,-0.08
2024-03-25 17:2:30.8920,0.24,0.34,-2.28,0.03,-0.06,-0.08
2024-03-25 17:2:30.9030,0.35,0.28,-2.76,0.02,-0.11,-0.06
2024-03-25 17:2:30.9130,0.48,0.26,-3.18,0.01,-0.14,-0.04
2024-03-25 17:2:30.9220,0.58,0.24,-3.45,-0.04,-0.13,-0.02
2024-03-25 17:2:30.9330,0.69,0.3,-3.64,-0.12,-0.1,0.03
2024-03-25 17:2:30.9430,0.76,0.32,-3.95,-0.21,-0.06,0.08
2024-03-25 17:2:30.9530,0.72,0.36,-4.04,-0.28,-0.01,0.13
2024-03-25 17:2:30.9630,0.73,0.4,-3.94,-0.3,0.06,0.16
2024-03-25 17:2:30.9720,0.8,0.4,-3.62,-0.3,0.11,0.13
2024-03-25 17:2:30.9830,0.96,0.32,-3.03,-0.33,0.13,0.06
2024-03-25 17:2:30.9920,1.26,0.3,-2.5,-0.39,0.13,-0.01
2024-03-25 17:2:31.0030,1.47,0.4,-2.19,-0.43,0.13,-0.06
2024-03-25 17:2:31.0130,1.47,0.54,-1.79,-0.42,0.16,-0.1
2024-03-25 17:2:31.0230,1.4,0.94,-0.11,-0.38,0.25,-0.09
2024-03-25 17:2:31.0330,0.99,1.19,0.61,-0.36,0.36,-0.07
2024-03-25 17:2:31.0430,0.99,1.19,0.61,-0.35,0.46,-0.03
2024-03-25 17:2:31.0530,0.46,1.47,1.75,-0.39,0.55,0.03
2024-03-25 17:2:31.0630,0.46,1.478223771750927,2.4024560201168064,-0.43,0.59,0.06
2024-03-25 17:2:31.0730,0.19,1.47,2.4,-0.41,0.57,0.03
2024-03-25 17:2:31.0830,0.14,1.1,4.47,-0.3,0.48,-0.07
2024-03-25 17:2:31.0930,0.14,1.1,4.47,-0.12,0.36,-0.2
2024-03-25 17:2:31.1030,0.26,0.84,5.52,0.08,0.23,-0.35
2024-03-25 17:2:31.1130,0.39,0.73,6.25,0.27,0.12,-0.45
2024-03-25 17:2:31.1230,0.32,0.75,6.46,0.43,0.03,-0.53
2024-03-25 17:2:31.1330,0.08,0.85,6.25,0.5,-0.06,-0.57
2024-03-25 17:2:31.1430,-0.05,1.23,5.77,0.48,-0.15,-0.54
2024-03-25 17:2:31.1530,-0.31,1.81,4.98,0.39,-0.17,-0.4
2024-03-25 17:2:31.1630,-0.88,2.25,4.26,0.29,-0.1,-0.12
2024-03-25 17:2:31.1730,-1.61,2.1,3.72,0.35,-0.02,0.2
2024-03-25 17:2:31.1830,-2.17,1.37,3.87,0.55,-0.11,0.37
2024-03-25 17:2:31.1930,-2.06,0.37,4.65,0.68,-0.36,0.36
2024-03-25 17:2:31.2030,-1.37,-0.76,4.55,0.64,-0.64,0.27
2024-03-25 17:2:31.2130,-0.67,-1.87,3.11,0.48,-0.81,0.17
2024-03-25 17:2:31.2220,-0.26,-2.52,1.38,0.35,-0.82,0.1
2024-03-25 17:2:31.2330,-0.07,-2.93,0.21,0.26,-0.68,0.08
2024-03-25 17:2:31.2430,-0.13,-3.18,-0.27,0.24,-0.47,0.09
2024-03-25 17:2:31.2530,-0.42,-3.44,-0.45,0.23,-0.26,0.12
2024-03-25 17:2:31.2630,-0.72,-3.58,-0.58,0.18,-0.1,0.15
2024-03-25 17:2:31.2720,-1.0,-3.61,-0.91,0.1,-0.08,0.16
2024-03-25 17:2:31.2830,-1.31,-3.53,-1.41,-0.02,-0.13,0.14
2024-03-25 17:2:31.2920,-1.44,-3.31,-1.96,-0.14,-0.19,0.1
2024-03-25 17:2:31.3030,-1.46,-3.04,-2.38,-0.22,-0.26,0.04
2024-03-25 17:2:31.3130,-1.35,-2.71,-2.66,-0.27,-0.29,0.0
2024-03-25 17:2:31.3220,-1.17,-2.2,-2.74,-0.3,-0.26,-0.01
2024-03-25 17:2:31.3320,-1.1,-1.59,-2.93,-0.3,-0.2,0.01
2024-03-25 17:2:31.3430,-1.03,-0.98,-3.11,-0.31,-0.11,0.04
2024-03-25 17:2:31.3520,-0.95,-0.46,-3.27,-0.32,-0.02,0.1
2024-03-25 17:2:31.3630,-0.88,-0.01,-3.49,-0.32,0.07,0.18
2024-03-25 17:2:31.3730,-0.92,0.31,-3.64,-0.3,0.15,0.28
2024-03-25 17:2:31.3830,-0.98,0.57,-3.69,-0.24,0.18,0.37
2024-03-25 17:2:31.3940,-0.99,0.69,-3.55,-0.18,0.13,0.41
2024-03-25 17:2:31.4020,-0.86,0.73,-3.34,-0.15,0.04,0.41
2024-03-25 17:2:31.4120,-0.51,0.72,-3.41,-0.1,-0.06,0.4
2024-03-25 17:2:31.4220,-0.19,0.64,-3.54,-0.09,-0.13,0.39
2024-03-25 17:2:31.4320,0.07,0.69,-3.46,-0.11,-0.11,0.44
2024-03-25 17:2:31.4430,0.11,0.74,-3.57,-0.16,-0.04,0.48
2024-03-25 17:2:31.4520,0.14,0.88,-3.54,-0.24,0.06,0.52
2024-03-25 17:2:31.4630,0.38,1.01,-3.5,-0.29,0.15,0.57
2024-03-25 17:2:31.4720,0.45,0.98,-3.22,-0.24,0.22,0.59
2024-03-25 17:2:31.4820,0.49,0.84,-2.4,-0.14,0.22,0.53
2024-03-25 17:2:31.4920,0.64,0.59,-1.32,-0.05,0.14,0.39
2024-03-25 17:2:31.5020,0.94,0.26,-0.48,-0.01,0.0,0.21
2024-03-25 17:2:31.5120,1.32,0.07,0.02,-0.02,-0.13,0.03
2024-03-25 17:2:31.5220,1.48,0.06,0.18,-0.04,-0.2,-0.11
2024-03-25 17:2:31.5320,1.1843316033482552,0.38,0.54,-0.02,-0.17,-0.15
2024-03-25 17:2:31.5430,1.18,0.38,0.54,-0.03,-0.07,-0.1
2024-03-25 17:2:31.5520,0.67,0.69,0.99,-0.1,0.03,-0.01
2024-03-25 17:2:31.5620,0.14,0.95,1.25,-0.17,0.07,0.05
2024-03-25 17:2:31.5720,-0.19,1.02,1.49,-0.19,0.03,0.04
2024-03-25 17:2:31.5820,-0.29,0.9,2.15,-0.15,-0.04,-0.04
2024-03-25 17:2:31.5930,-0.21,0.68,3.03,-0.04,-0.12,-0.18
2024-03-25 17:2:31.6020,-0.09,0.42,3.87,0.13,-0.22,-0.37
2024-03-25 17:2:31.6120,0.01,0.19,4.67,0.35,-0.32,-0.59
2024-03-25 17:2:31.6220,0.16,0.14,5.16,0.55,-0.39,-0.81
2024-03-25 17:2:31.6320,0.13,0.24,5.22,0.71,-0.4,-1.0
2024-03-25 17:2:31.6420,0.03,0.56,4.83,0.78,-0.33,-1.12
2024-03-25 17:2:31.6520,-0.2,1.1,4.13,0.75,-0.18,-1.07
2024-03-25 17:2:31.6620,-0.81,1.93,3.3,0.63,0.04,-0.79
2024-03-25 17:2:31.6720,-1.87,2.64,2.48,0.51,0.27,-0.3
2024-03-25 17:2:31.6820,-3.07,2.83,2.21,0.46,0.4,0.19
2024-03-25 17:2:31.6930,-4.04,2.1,2.55,0.44,0.32,0.44
2024-03-25 17:2:31.7020,-3.94,0.66,3.09,0.43,0.1,0.49
2024-03-25 17:2:31.7120,-2.85,-0.78,2.97,0.45,-0.15,0.41
2024-03-25 17:2:31.7220,-1.81,-2.05,2.74,0.47,-0.32,0.29
2024-03-25 17:2:31.7320,-1.06,-2.79,2.49,0.46,-0.34,0.25
2024-03-25 17:2:31.7430,-0.63,-3.13,1.91,0.45,-0.24,0.3
2024-03-25 17:2:31.7520,-0.57,-3.16,1.2,0.46,-0.1,0.37
2024-03-25 17:2:31.7620,-0.56,-3.05,0.66,0.45,0.04,0.41
2024-03-25 17:2:31.7720,-0.37,-2.9,0.23,0.32,0.14,0.45
2024-03-25 17:2:31.7820,-0.1,-2.69,-0.56,0.1,0.15,0.49
2024-03-25 17:2:31.7930,0.01,-2.45,-1.56,-0.18,0.1,0.54
2024-03-25 17:2:31.8020,-0.01,-2.18,-2.37,-0.45,0.04,0.55
2024-03-25 17:2:31.8120,0.14,-1.94,-2.84,-0.63,0.01,0.51
2024-03-25 17:2:31.8220,0.66,-1.7,-3.04,-0.67,0.05,0.44
2024-03-25 17:2:31.8320,1.27,-1.43,-2.63,-0.61,0.12,0.33
2024-03-25 17:2:31.8420,1.74,-1.2,-1.98,-0.52,0.2,0.2
2024-03-25 17:2:31.8520,2.14,-1.06,-1.77,-0.42,0.27,0.07
2024-03-25 17:2:31.8620,2.38,-0.83,-1.87,-0.34,0.32,-0.04
2024-03-25 17:2:31.8720,2.2487186872959137,-0.12,-2.55,-0.32,0.34,-0.11
2024-03-25 17:2:31.8820,1.96,0.22,-2.99,-0.34,0.32,-0.14
2024-03-25 17:2:31.8920,1.96,0.22,-2.99,-0.34,0.29,-0.12
2024-03-25 17:2:31.9020,1.67,0.52,-3.29,-0.3,0.28,-0.07
2024-03-25 17:2:31.9120,1.44,0.75,-3.21,-0.22,0.28,-0.0
2024-03-25 17:2:31.9220,1.29,0.86,-2.96,-0.11,0.26,0.06
2024-03-25 17:2:31.9320,1.23,0.71,-2.71,-0.01,0.22,0.1
2024-03-25 17:2:31.9420,1.47,0.19,-2.35,0.06,0.16,0.12
2024-03-25 17:2:31.9520,1.47,0.19,-2.35,0.1,0.05,0.11
2024-03-25 17:2:31.9620,1.64,-0.09,-2.38,0.09,-0.08,0.1
2024-03-25 17:2:31.9720,1.66,-0.28,-2.44,0.04,-0.21,0.1
2024-03-25 17:2:31.9820,1.62,-0.39,-2.6,-0.0,-0.34,0.09
2024-03-25 17:2:31.9920,1.54,-0.51,-2.69,-0.05,-0.45,0.07
2024-03-25 17:2:32.0020,1.43,-0.64,-2.59,-0.06,-0.58,-0.0
2024-03-25 17:2:32.0120,1.43,-0.82,-2.47,-0.06,-0.72,-0.11
2024-03-25 17:2:32.0220,1.53,-0.93,-2.26,-0.06,-0.86,-0.23
2024-03-25 17:2:32.0320,1.71,-0.87,-2.09,-0.12,-0.94,-0.36
2024-03-25 17:2:32.0420,1.81,-0.51,-2.17,-0.27,-0.86,-0.45
2024-03-25 17:2:32.0520,1.86,-0.04,-2.52,-0.5,-0.6,-0.45
2024-03-25 17:2:32.0620,1.75,0.45,-2.82,-0.7,-0.18,-0.31
2024-03-25 17:2:32.0720,1.3,0.98,-2.62,-0.83,0.29,-0.1
2024-03-25 17:2:32.0820,0.61,1.6882703760266304,0.2692976099252701,-0.85,0.61,0.07
2024-03-25 17:2:32.0920,0.04,1.68,0.26,-0.78,0.73,0.1
2024-03-25 17:2:32.1020,-0.2,1.52,2.32,-0.65,0.67,-0.05
2024-03-25 17:2:32.1120,0.07,1.1,4.07,-0.47,0.52,-0.31
2024-03-25 17:2:32.1220,0.36,0.69,5.52,-0.23,0.36,-0.57
2024-03-25 17:2:32.1320,0.56,0.56,6.53,0.06,0.3,-0.72
2024-03-25 17:2:32.1420,0.21,0.56,7.29,0.34,0.34,-0.76
2024-03-25 17:2:32.1520,-0.46,0.82,7.67,0.62,0.37,-0.67
2024-03-25 17:2:32.1620,-1.17,1.13,7.41,0.84,0.32,-0.56
2024-03-25 17:2:32.1720,-1.8,1.65,7.01,0.91,0.2,-0.46
2024-03-25 17:2:32.1820,-2.16,2.35,5.92,0.8,0.16,-0.25
2024-03-25 17:2:32.1920,-2.33,2.8,4.35,0.63,0.23,0.06
2024-03-25 17:2:32.2020,-2.72,2.79,2.87,0.63,0.29,0.38
2024-03-25 17:2:32.2120,-3.02,2.2,2.55,0.82,0.23,0.56
2024-03-25 17:2:32.2220,-2.8,0.83,3.39,1.06,0.05,0.59
2024-03-25 17:2:32.2320,-2.11,-1.14,3.95,1.18,-0.18,0.55
2024-03-25 17:2:32.2420,-1.68,-2.67,3.48,1.14,-0.35,0.45
2024-03-25 17:2:32.2520,-1.27,-3.6,2.23,1.0,-0.44,0.35
2024-03-25 17:2:32.2620,-1.01,-4.14,0.9,0.8,-0.4,0.34
2024-03-25 17:2:32.2720,-1.13,-4.27,0.0,0.61,-0.25,0.37
2024-03-25 17:2:32.2820,-1.38,-4.25,-0.54,0.45,-0.06,0.41
2024-03-25 17:2:32.2920,-1.51,-4.2,-0.77,0.35,0.1,0.4
2024-03-25 17:2:32.3020,-1.45,-4.34,-0.9,0.31,0.17,0.28
2024-03-25 17:2:32.3120,-1.15,-4.37,-0.95,0.25,0.16,0.12
2024-03-25 17:2:32.3220,-0.7,-4.2,-1.21,0.17,0.11,-0.02
2024-03-25 17:2:32.3320,-0.34,-3.72,-1.78,0.08,0.05,-0.14
2024-03-25 17:2:32.3420,-0.19,-3.0,-2.44,-0.01,-0.01,-0.22
2024-03-25 17:2:32.3520,0.0,-1.48,-3.6,-0.13,-0.07,-0.27
2024-03-25 17:2:32.3620,0.0,-1.48,-3.6,-0.3,-0.11,-0.23
2024-03-25 17:2:32.3720,-0.1,-0.84,-4.12,-0.46,-0.1,-0.11
2024-03-25 17:2:32.3820,-0.38,-0.12,-4.57,-0.53,-0.02,0.02
2024-03-25 17:2:32.3920,-0.6,0.43,-4.7,-0.55,0.11,0.15
2024-03-25 17:2:32.4020,-0.44,0.78,-4.38,-0.54,0.22,0.25
2024-03-25 17:2:32.4120,-0.2,1.01,-4.1,-0.5,0.27,0.31
2024-03-25 17:2:32.4220,0.1,1.12,-3.98,-0.45,0.26,0.32
2024-03-25 17:2:32.4320,0.39,1.15,-3.69,-0.42,0.25,0.32
2024-03-25 17:2:32.4420,0.56,1.17,-3.45,-0.42,0.28,0.33
2024-03-25 17:2:32.4520,0.61,1.1,-3.4,-0.41,0.31,0.38
2024-03-25 17:2:32.4620,0.54,1.06,-3.02,-0.38,0.32,0.45
2024-03-25 17:2:32.4720,0.39,1.03,-2.31,-0.38,0.27,0.5
2024-03-25 17:2:32.4820,0.31,1.04,-1.72,-0.37,0.14,0.53
2024-03-25 17:2:32.4920,0.34,0.89,-1.3,-0.35,0.0,0.5
2024-03-25 17:2:32.5020,0.45,0.72,-0.89,-0.27,-0.12,0.42
2024-03-25 17:2:32.5120,0.66,0.45,-0.4,-0.14,-0.22,0.28
2024-03-25 17:2:32.5220,0.98,0.22,0.09,0.02,-0.27,0.11
2024-03-25 17:2:32.5320,1.3,-0.01,0.41,0.14,-0.26,-0.07
2024-03-25 17:2:32.5420,1.49,-0.05,0.56,0.18,-0.18,-0.15
2024-03-25 17:2:32.5520,1.38,0.14,0.36,0.13,-0.06,-0.15
2024-03-25 17:2:32.5620,0.86,0.46,0.0,0.05,0.07,-0.1
2024-03-25 17:2:32.5720,0.35,0.8,-0.08,-0.03,0.16,-0.01
2024-03-25 17:2:32.5820,-0.12,0.94,0.27,-0.1,0.16,0.03
2024-03-25 17:2:32.5920,-0.48,0.96,1.03,-0.16,0.1,0.04
2024-03-25 17:2:32.6020,-0.54,0.86,1.66,-0.14,0.05,-0.02
2024-03-25 17:2:32.6120,-0.51,0.58,2.25,-0.01,0.0,-0.15
2024-03-25 17:2:32.6220,-0.32,0.26,3.27,0.13,-0.06,-0.3
2024-03-25 17:2:32.6320,-0.1,0.12,4.04,0.31,-0.16,-0.49
2024-03-25 17:2:32.6410,-0.13,0.07,4.32,0.48,-0.3,-0.7
2024-03-25 17:2:32.6520,-0.1,0.22,4.48,0.57,-0.44,-0.89
2024-03-25 17:2:32.6620,0.03,0.81,4.15,0.55,-0.51,-0.99
2024-03-25 17:2:32.6710,0.08,1.73,3.32,0.49,-0.4,-0.92
2024-03-25 17:2:32.6820,-0.19,2.56,2.53,0.38,-0.13,-0.6
2024-03-25 17:2:32.6920,-0.74,3.0,2.28,0.35,0.12,-0.18
2024-03-25 17:2:32.7010,-1.53,2.82,2.37,0.45,0.18,0.1
2024-03-25 17:2:32.7110,-1.76,1.8,3.12,0.5,0.13,0.23
2024-03-25 17:2:32.7210,-1.03,0.35,3.75,0.44,-0.03,0.25
2024-03-25 17:2:32.7310,-0.26,-0.98,3.21,0.33,-0.21,0.14
2024-03-25 17:2:32.7420,0.5,-2.69,1.91,0.26,-0.3,-0.01
2024-03-25 17:2:32.7520,1.25,-2.69,1.91,0.27,-0.25,-0.13
2024-03-25 17:2:32.7620,1.7,-3.13,1.91,0.34,-0.14,-0.21
2024-03-25 17:2:32.7710,1.73,-3.42,2.05,0.38,-0.03,-0.26
2024-03-25 17:2:32.7810,1.58,-3.44,1.85,0.3,0.06,-0.3
2024-03-25 17:2:32.7920,1.39,-3.24,1.04,0.11,0.1,-0.3
2024-03-25 17:2:32.8010,1.1,-2.92,-0.09,-0.12,0.13,-0.28
2024-03-25 17:2:32.8110,0.68,-2.68,-1.07,-0.33,0.16,-0.25
2024-03-25 17:2:32.8210,0.37,-2.51,-1.6,-0.47,0.18,-0.26
2024-03-25 17:2:32.8310,0.18,-2.53,-1.78,-0.52,0.17,-0.36
2024-03-25 17:2:32.8410,0.28,-2.57,-1.66,-0.54,0.1,-0.5
2024-03-25 17:2:32.8510,0.52,-2.41,-1.62,-0.53,0.03,-0.61
2024-03-25 17:2:32.8610,0.51,-1.92,-1.85,-0.52,-0.02,-0.68
2024-03-25 17:2:32.8710,0.37,-1.25,-2.22,-0.5,-0.02,-0.63
2024-03-25 17:2:32.8810,0.09,-0.7,-2.71,-0.42,0.04,-0.44
2024-03-25 17:2:32.8910,-0.6,-0.14,-2.8,-0.32,0.11,-0.22
2024-03-25 17:2:32.9010,-1.27,0.48,-2.42,-0.32,0.15,-0.06
2024-03-25 17:2:32.9110,-1.26,1.0,-2.36,-0.34,0.17,0.03
2024-03-25 17:2:32.9210,-0.82,1.14,-2.76,-0.27,0.16,0.05
2024-03-25 17:2:32.9310,-0.27,1.04,-2.72,-0.11,0.12,0.0
2024-03-25 17:2:32.9410,0.18,0.91,-2.05,0.05,0.04,-0.05
2024-03-25 17:2:32.9510,0.5,0.71,-1.6,0.15,-0.06,-0.08
2024-03-25 17:2:32.9610,0.65,0.59,-1.52,0.16,-0.13,-0.06
2024-03-25 17:2:32.9710,0.42,0.74,-2.37,0.09,-0.2,0.02
2024-03-25 17:2:32.9810,0.42,0.74,-2.37,-0.0,-0.22,0.17
2024-03-25 17:2:32.9910,0.24,0.98,-2.51,-0.06,-0.19,0.31
2024-03-25 17:2:33.0010,0.17,1.12,-2.26,-0.09,-0.15,0.42
2024-03-25 17:2:33.0110,0.38,1.1,-1.75,-0.05,-0.12,0.48
2024-03-25 17:2:33.0210,0.63,0.9,-1.3,0.06,-0.14,0.44
2024-03-25 17:2:33.0310,0.97,0.48,-0.75,0.18,-0.2,0.31
2024-03-25 17:2:33.0410,1.48,0.03,-0.19,0.21,-0.24,0.14
2024-03-25 17:2:33.0510,1.9,-0.22,-0.13,0.15,-0.23,-0.02
2024-03-25 17:2:33.0610,2.11,-0.24,-0.47,0.03,-0.17,-0.13
2024-03-25 17:2:33.0710,2.01,0.09181685395538808,-0.59,-0.06,-0.02,-0.17
2024-03-25 17:2:33.0810,1.75,0.09,-0.59,-0.08,0.15,-0.15
2024-03-25 17:2:33.0910,1.3,0.23,0.04,-0.04,0.28,-0.11
2024-03-25 17:2:33.1010,0.69,0.34,1.08,0.03,0.34,-0.09
2024-03-25 17:2:33.1110,0.18,0.4,1.99,0.11,0.27,-0.13
2024-03-25 17:2:33.1210,-0.13,0.44,2.58,0.16,0.08,-0.22
2024-03-25 17:2:33.1310,-0.34,0.47,2.88,0.18,-0.12,-0.3
2024-03-25 17:2:33.1410,-0.57,0.51,2.96,0.19,-0.29,-0.33
2024-03-25 17:2:33.1510,-0.94,0.62,2.81,0.23,-0.41,-0.33
2024-03-25 17:2:33.1610,-1.41,0.85,2.71,0.29,-0.46,-0.3
2024-03-25 17:2:33.1710,-1.76,1.07,2.7,0.36,-0.45,-0.2
2024-03-25 17:2:33.1810,-2.14,1.26,2.59,0.42,-0.43,-0.07
2024-03-25 17:2:33.1910,-2.59,1.68,2.53,0.35,-0.38,0.16
2024-03-25 17:2:33.2010,-2.98,2.13,2.26,0.06,-0.27,0.58
2024-03-25 17:2:33.2110,-3.92,2.08,1.5,-0.26,-0.16,1.12
2024-03-25 17:2:33.2210,-4.88,1.5,0.91,-0.32,-0.21,1.48
2024-03-25 17:2:33.2310,-4.82,0.64,1.6,-0.11,-0.43,1.51
2024-03-25 17:2:33.2410,-3.79,-1.0,2.99,0.23,-0.71,1.26
2024-03-25 17:2:33.2510,-2.38,-3.03,3.81,0.45,-0.83,0.93
2024-03-25 17:2:33.2610,-1.06,-4.22,3.44,0.51,-0.73,0.68
2024-03-25 17:2:33.2710,-0.27,-4.58,2.0,0.54,-0.45,0.52
2024-03-25 17:2:33.2810,-0.04,-4.38,0.58,0.56,-0.09,0.49
2024-03-25 17:2:33.2910,-0.21,-3.79,-0.13,0.49,0.25,0.55
2024-03-25 17:2:33.3010,-0.73,-3.3,-0.71,0.31,0.52,0.66
2024-03-25 17:2:33.3110,-1.2,-2.88,-1.41,0.04,0.66,0.79
2024-03-25 17:2:33.3210,-1.5,-2.44,-2.1,-0.2,0.66,0.9
2024-03-25 17:2:33.3310,-1.47,-1.82,-2.32,-0.37,0.56,0.95
2024-03-25 17:2:33.3410,-1.47,-1.82,-2.32,-0.5,0.42,0.98
2024-03-25 17:2:33.3510,-1.11,-1.69,-2.07,-0.56,0.3,0.98
2024-03-25 17:2:33.3610,-0.77,-1.67,-2.04,-0.57,0.25,0.93
2024-03-25 17:2:33.3710,-0.22,-1.58,-1.88,-0.55,0.26,0.85
2024-03-25 17:2:33.3810,0.38,-1.47,-1.83,-0.5,0.33,0.78
2024-03-25 17:2:33.3910,0.78,-1.31,-1.82,-0.41,0.42,0.72
2024-03-25 17:2:33.4010,0.89,-1.2,-1.72,-0.29,0.49,0.67
2024-03-25 17:2:33.4110,0.93,-1.0,-1.53,-0.2,0.5,0.61
2024-03-25 17:2:33.4210,0.96,-0.74,-1.52,-0.13,0.42,0.56
2024-03-25 17:2:33.4310,0.97,-0.46,-1.75,-0.11,0.29,0.51
2024-03-25 17:2:33.4410,0.86,-0.18,-2.1,-0.14,0.13,0.46
2024-03-25 17:2:33.4510,0.8,0.14,-2.49,-0.22,0.02,0.44
2024-03-25 17:2:33.4610,0.83,0.44,-3.02,-0.29,0.02,0.46
2024-03-25 17:2:33.4710,0.83,0.72,-3.44,-0.32,0.11,0.51
2024-03-25 17:2:33.4810,0.78,0.95,-3.38,-0.34,0.25,0.55
2024-03-25 17:2:33.4910,0.85,1.13,-3.08,-0.33,0.35,0.54
2024-03-25 17:2:33.5010,1.08,1.1,-2.77,-0.26,0.41,0.48
2024-03-25 17:2:33.5110,1.36,0.93,-2.2,-0.15,0.43,0.38
2024-03-25 17:2:33.5210,1.55,0.68,-1.46,-0.04,0.41,0.24
2024-03-25 17:2:33.5310,1.7,0.49,-0.74,-0.01,0.31,0.11
2024-03-25 17:2:33.5410,1.75,0.44,-0.31,-0.03,0.16,0.01
2024-03-25 17:2:33.5510,1.5,0.54,-0.16,-0.06,0.03,-0.03
2024-03-25 17:2:33.5610,1.13,0.78,0.1,-0.06,-0.07,-0.01
2024-03-25 17:2:33.5710,0.72,1.03,0.5,-0.06,-0.1,0.04
2024-03-25 17:2:33.5810,0.4,1.3,0.83,-0.02,-0.13,0.08
2024-03-25 17:2:33.5910,0.22,1.47,1.21,0.0,-0.16,0.05
2024-03-25 17:2:33.6010,0.24,1.48,1.67,0.01,-0.2,-0.04
2024-03-25 17:2:33.6110,0.51,1.42,1.92,0.03,-0.23,-0.17
2024-03-25 17:2:33.6210,0.75,1.32,2.11,0.08,-0.26,-0.3
2024-03-25 17:2:33.6310,0.87,1.37,2.5,0.15,-0.3,-0.42
2024-03-25 17:2:33.6410,0.79,1.38,2.92,0.22,-0.34,-0.52
2024-03-25 17:2:33.6510,0.59,1.49,3.17,0.26,-0.38,-0.62
2024-03-25 17:2:33.6610,0.46,1.56,3.13,0.38,-0.44,-0.68
2024-03-25 17:2:33.6710,0.33,1.56,3.04,0.55,-0.53,-0.75
2024-03-25 17:2:33.6810,0.02,1.73,3.28,0.73,-0.66,-0.86
2024-03-25 17:2:33.6910,-0.03,1.87,3.3,0.8,-0.75,-0.97
2024-03-25 17:2:33.7010,0.3,2.26,2.76,0.73,-0.74,-0.99
2024-03-25 17:2:33.7110,0.55,2.71,1.6,0.55,-0.56,-0.85
2024-03-25 17:2:33.7210,0.45,3.04,0.56,0.41,-0.18,-0.52
2024-03-25 17:2:33.7310,0.11,2.94,0.23,0.35,0.19,-0.12
2024-03-25 17:2:33.7410,-0.52,0.8427698631584645,1.87,0.3,0.33,0.15
2024-03-25 17:2:33.7510,-0.9,0.84,1.87,0.17,0.21,0.26
2024-03-25 17:2:33.7610,-0.61,-0.51,2.19,0.07,-0.05,0.23
2024-03-25 17:2:33.7710,-0.23,-1.67,2.05,0.06,-0.3,0.09
2024-03-25 17:2:33.7810,0.34,-2.5,2.43,0.13,-0.38,-0.03
2024-03-25 17:2:33.7910,0.83,-3.17,2.93,0.25,-0.31,-0.12
2024-03-25 17:2:33.8010,0.96,-3.58,3.07,0.33,-0.17,-0.17
2024-03-25 17:2:33.8110,0.94,-3.68,2.73,0.32,-0.01,-0.16
2024-03-25 17:2:33.8210,0.72,-3.58,1.9,0.22,0.14,-0.08
2024-03-25 17:2:33.8310,0.24,-3.33,0.8,0.09,0.21,0.06
2024-03-25 17:2:33.8410,-0.35,-3.01,-0.19,-0.04,0.14,0.17
2024-03-25 17:2:33.8510,-0.9,-2.75,-0.74,-0.18,-0.0,0.2
2024-03-25 17:2:33.8610,-1.0,-2.61,-1.22,-0.3,-0.16,0.11
2024-03-25 17:2:33.8710,-0.63,-2.56,-1.75,-0.38,-0.28,-0.06
2024-03-25 17:2:33.8810,0.04,-2.35,-2.28,-0.41,-0.35,-0.23
2024-03-25 17:2:33.8910,0.54,-2.01,-2.65,-0.37,-0.3,-0.38
2024-03-25 17:2:33.9010,0.75,-1.61,-2.91,-0.31,-0.17,-0.47
2024-03-25 17:2:33.9110,0.76,-1.09,-3.04,-0.26,0.02,-0.51
2024-03-25 17:2:33.9210,0.65,-0.51,-3.31,-0.25,0.18,-0.48
2024-03-25 17:2:33.9310,0.44,0.03,-3.69,-0.25,0.26,-0.4
2024-03-25 17:2:33.9410,0.08,0.51,-3.89,-0.27,0.27,-0.28
2024-03-25 17:2:33.9510,-0.33,0.88,-3.76,-0.25,0.23,-0.18
2024-03-25 17:2:33.9610,-0.55,1.0,-3.47,-0.2,0.14,-0.11
2024-03-25 17:2:33.9710,-0.49,0.86,-2.95,-0.16,0.04,-0.07
2024-03-25 17:2:33.9810,-0.31,0.68,-2.47,-0.15,-0.06,-0.04
2024-03-25 17:2:33.9910,-0.08,0.49,-2.24,-0.16,-0.16,-0.01
2024-03-25 17:2:34.0010,0.17,0.44,-2.01,-0.18,-0.2,0.01
2024-03-25 17:2:34.0100,0.46,0.51,-1.75,-0.17,-0.2,0.03
2024-03-25 17:2:34.0210,0.71,0.5,-1.5,-0.11,-0.18,0.04
2024-03-25 17:2:34.0310,0.83,0.43,-1.06,-0.0,-0.17,0.02
2024-03-25 17:2:34.0400,1.05,0.28,-0.57,0.09,-0.17,-0.02
2024-03-25 17:2:34.0500,1.24,0.07,-0.25,0.12,-0.16,-0.05
2024-03-25 17:2:34.0610,1.39,-0.06,-0.3,0.08,-0.1,-0.08
2024-03-25 17:2:34.0700,1.39,-0.18,-0.61,-0.01,0.0,-0.09
2024-03-25 17:2:34.0810,0.99,-0.13,-0.85,-0.1,0.17,-0.02
2024-03-25 17:2:34.0910,0.99,-0.13,-0.85,-0.16,0.34,0.08
2024-03-25 17:2:34.1000,0.3,-0.05,-0.38,-0.22,0.4,0.13
2024-03-25 17:2:34.1110,-0.31,0.05,0.34,-0.31,0.33,0.13
2024-03-25 17:2:34.1200,-0.49,0.28,0.74,-0.36,0.15,0.03
2024-03-25 17:2:34.1300,-0.38,0.51,0.99,-0.32,-0.0,-0.12
2024-03-25 17:2:34.1400,-0.08,0.79,1.4,-0.21,-0.0,-0.25
2024-03-25 17:2:34.1500,0.23,1.12,1.86,-0.04,0.18,-0.35
2024-03-25 17:2:34.1600,0.39,1.49,2.21,0.14,0.47,-0.42
2024-03-25 17:2:34.1700,0.44,1.82,2.47,0.25,0.77,-0.44
2024-03-25 17:2:34.1810,0.35,2.11,2.48,0.31,1.0,-0.45
2024-03-25 17:2:34.1900,-0.13,2.17,2.31,0.35,1.08,-0.47
2024-03-25 17:2:34.2000,-0.56,2.36,2.58,0.28,1.03,-0.41
2024-03-25 17:2:34.2100,-1.11,2.63,2.89,0.08,0.94,-0.2
2024-03-25 17:2:34.2200,-2.27,2.28,2.73,-0.06,0.79,0.09
2024-03-25 17:2:34.2300,-3.33,1.52,2.81,0.02,0.57,0.32
2024-03-25 17:2:34.2400,-3.81,0.33,3.82,0.19,0.32,0.42
2024-03-25 17:2:34.2500,-3.47,-1.27,4.83,0.35,0.07,0.4
2024-03-25 17:2:34.2600,-2.58,-2.84,4.75,0.34,-0.11,0.3
2024-03-25 17:2:34.2700,-1.63,-3.76,3.69,0.21,-0.19,0.23
2024-03-25 17:2:34.2800,-0.93,-4.12,2.11,0.07,-0.17,0.25
2024-03-25 17:2:34.2900,-0.81,-4.16,0.88,-0.01,-0.09,0.31
2024-03-25 17:2:34.3000,-1.01,-3.99,0.44,-0.05,-0.03,0.34
2024-03-25 17:2:34.3100,-1.13,-3.82,0.37,-0.11,-0.02,0.31
2024-03-25 17:2:34.3200,-1.08,-3.63,0.07,-0.22,-0.06,0.25
2024-03-25 17:2:34.3300,-0.65,-2.73,-1.3,-0.34,-0.08,0.2
2024-03-25 17:2:34.3410,-0.65,-2.73,-1.3,-0.41,-0.07,0.2
2024-03-25 17:2:34.3500,-0.67,-2.15,-1.64,-0.42,-0.03,0.24
2024-03-25 17:2:34.3600,-0.82,-1.59,-1.59,-0.39,0.04,0.32
2024-03-25 17:2:34.3700,-0.88,-1.08,-1.48,-0.38,0.09,0.4
2024-03-25 17:2:34.3800,-0.93,-0.61,-1.53,-0.38,0.11,0.47
2024-03-25 17:2:34.3900,-0.83,-0.24,-1.75,-0.37,0.08,0.49
2024-03-25 17:2:34.4000,-0.7,-0.05,-1.96,-0.33,0.02,0.49
2024-03-25 17:2:34.4100,-0.59,0.03,-2.04,-0.27,-0.04,0.47
2024-03-25 17:2:34.4200,-0.54,0.04,-2.04,-0.19,-0.09,0.46
2024-03-25 17:2:34.4300,-0.53,0.11,-2.07,-0.1,-0.12,0.49
2024-03-25 17:2:34.4400,-0.56,0.24,-2.12,0.01,-0.14,0.52
2024-03-25 17:2:34.4500,-0.68,0.36,-2.23,0.09,-0.15,0.56
2024-03-25 17:2:34.4600,-0.6,0.68,-2.64,0.09,-0.16,0.63
2024-03-25 17:2:34.4700,-0.52,0.89,-3.06,0.02,-0.15,0.67
2024-03-25 17:2:34.4800,-0.52,0.89,-3.06,-0.09,-0.12,0.68
2024-03-25 17:2:34.4900,-0.13,0.93,-3.46,-0.15,-0.06,0.65
2024-03-25 17:2:34.5000,0.27,0.92,-3.51,-0.15,0.02,0.61
2024-03-25 17:2:34.5100,0.63,0.84,-3.09,-0.1,0.08,0.55
2024-03-25 17:2:34.5200,0.83,0.76,-2.45,-0.04,0.08,0.46
2024-03-25 17:2:34.5300,1.02,0.67,-1.84,-0.01,0.05,0.36
2024-03-25 17:2:34.5400,1.26,0.71,-1.55,-0.0,-0.02,0.26
2024-03-25 17:2:34.5500,1.4,0.84,-1.41,-0.0,-0.09,0.16
2024-03-25 17:2:34.5600,1.52,1.19,-1.18,-0.01,-0.11,0.09
2024-03-25 17:2:34.5700,1.65,1.63,-0.9,-0.03,-0.07,0.07
2024-03-25 17:2:34.5800,1.85,2.35,-0.48,-0.07,0.02,0.07
2024-03-25 17:2:34.5900,1.81,2.8,-0.01,-0.1,0.15,0.06
2024-03-25 17:2:34.6000,1.86,2.94,0.6,-0.1,0.23,0.03
2024-03-25 17:2:34.6100,1.94,2.92,1.45,-0.04,0.21,-0.02
2024-03-25 17:2:34.6200,1.92,2.74,2.49,0.07,0.09,-0.11
2024-03-25 17:2:34.6300,1.77,2.42,3.81,0.22,-0.09,-0.27
2024-03-25 17:2:34.6400,1.63,1.97,4.89,0.41,-0.3,-0.44
2024-03-25 17:2:34.6500,1.49,1.49,5.62,0.61,-0.53,-0.59
2024-03-25 17:2:34.6600,1.19,1.17,5.92,0.75,-0.71,-0.69
2024-03-25 17:2:34.6700,0.74,1.01,5.64,0.82,-0.82,-0.75
2024-03-25 17:2:34.6800,0.33,0.94,4.71,0.86,-0.85,-0.76
2024-03-25 17:2:34.6900,-0.01,0.91,3.58,0.93,-0.82,-0.78
2024-03-25 17:2:34.7000,-0.16,0.95,2.75,1.06,-0.77,-0.83
2024-03-25 17:2:34.7100,0.07,1.03,2.25,1.15,-0.72,-0.86
2024-03-25 17:2:34.7200,0.48,1.14,1.8,1.08,-0.62,-0.77
2024-03-25 17:2:34.7300,0.51,1.15,0.91,0.84,-0.47,-0.56
2024-03-25 17:2:34.7400,0.09,0.91,-0.39,0.61,-0.29,-0.34
2024-03-25 17:2:34.7500,-0.16,0.48,-1.12,0.47,-0.18,-0.16
2024-03-25 17:2:34.7600,-0.12,-0.25,-0.64,0.36,-0.13,-0.05
2024-03-25 17:2:34.7700,-0.04,-1.36,0.17,0.27,-0.16,-0.02
2024-03-25 17:2:34.7800,0.12,-2.37,0.55,0.2,-0.24,-0.12
2024-03-25 17:2:34.7900,0.55,-3.15,0.76,0.14,-0.31,-0.27
2024-03-25 17:2:34.8000,1.16,-3.64,0.91,0.08,-0.3,-0.38
2024-03-25 17:2:34.8100,1.36,-3.87,0.86,-0.01,-0.19,-0.44
2024-03-25 17:2:34.8200,1.2,-3.88,0.6,-0.15,-0.01,-0.44
2024-03-25 17:2:34.8300,0.89,-3.85,0.14,-0.3,0.16,-0.4
2024-03-25 17:2:34.8400,0.48,-3.82,-0.3,-0.47,0.24,-0.36
2024-03-25 17:2:34.8500,-0.06,-3.77,-0.49,-0.62,0.26,-0.39
2024-03-25 17:2:34.8600,-0.3,-3.67,-0.69,-0.67,0.16,-0.5
2024-03-25 17:2:34.8700,-0.03,-3.37,-0.72,-0.67,0.09,-0.62
2024-03-25 17:2:34.8800,0.33,-2.76,-0.67,-0.63,0.08,-0.73
2024-03-25 17:2:34.8900,0.48,-2.18,-0.92,-0.53,0.09,-0.83
2024-03-25 17:2:34.9000,0.57,-1.69,-1.27,-0.4,0.12,-0.88
2024-03-25 17:2:34.9100,0.48,-1.15,-1.45,-0.29,0.16,-0.87
2024-03-25 17:2:34.9200,0.27,-0.58,-1.72,-0.19,0.19,-0.8
2024-03-25 17:2:34.9300,-0.08,-0.04,-2.05,-0.15,0.2,-0.69
2024-03-25 17:2:34.9400,-0.4,0.54,-2.39,-0.14,0.18,-0.59
2024-03-25 17:2:34.9500,-0.56,0.92,-2.79,-0.13,0.13,-0.47
2024-03-25 17:2:34.9600,-0.65,1.09,-3.05,-0.07,0.06,-0.37
2024-03-25 17:2:34.9700,-0.73,1.11,-3.01,-0.0,-0.01,-0.3
2024-03-25 17:2:34.9800,-0.64,1.07,-2.75,0.03,-0.04,-0.23
2024-03-25 17:2:34.9900,-0.49,0.86,-2.82,0.05,-0.05,-0.19
2024-03-25 17:2:35.0000,-0.29,0.55,-3.09,0.06,-0.01,-0.17
2024-03-25 17:2:35.0100,-0.05,0.27,-3.13,0.04,0.07,-0.14
2024-03-25 17:2:35.0200,0.11,0.14,-3.06,0.02,0.15,-0.1
2024-03-25 17:2:35.0300,0.12,-0.02,-3.05,0.03,0.18,-0.09
2024-03-25 17:2:35.0400,0.12,-0.12,-2.68,0.02,0.14,-0.08
2024-03-25 17:2:35.0500,0.09,-0.22,-2.27,-0.03,0.07,-0.04
2024-03-25 17:2:35.0600,-0.1,-0.18,-2.1,-0.09,0.0,-0.01
2024-03-25 17:2:35.0700,-0.26,-0.08,-1.97,-0.16,-0.02,-0.0
2024-03-25 17:2:35.0800,0.08,0.27,-1.46,-0.21,0.06,0.01
2024-03-25 17:2:35.0900,0.08,0.27,-1.46,-0.22,0.2,-0.0
2024-03-25 17:2:35.1000,0.33,0.58,-0.85,-0.23,0.39,0.0
2024-03-25 17:2:35.1100,0.46,0.83,-0.2,-0.25,0.59,0.02
2024-03-25 17:2:35.1200,0.44,1.08,0.39,-0.23,0.77,0.03
2024-03-25 17:2:35.1300,0.33,1.14,1.13,-0.14,0.85,0.04
2024-03-25 17:2:35.1400,0.09,1.08,2.24,0.02,0.72,0.06
2024-03-25 17:2:35.1500,-0.28,0.96,3.51,0.2,0.42,0.05
2024-03-25 17:2:35.1600,-0.77,0.87,4.64,0.34,0.05,-0.0
2024-03-25 17:2:35.1700,-1.02,0.78,5.09,0.45,-0.23,-0.08
2024-03-25 17:2:35.1800,-0.89,0.81,4.81,0.6,-0.38,-0.18
2024-03-25 17:2:35.1900,-0.5,0.85,4.47,0.73,-0.4,-0.29
2024-03-25 17:2:35.2000,0.06,1.09,4.15,0.76,-0.25,-0.34
2024-03-25 17:2:35.2100,0.47,1.59,3.58,0.63,0.04,-0.22
2024-03-25 17:2:35.2200,0.27,1.97,2.74,0.43,0.4,0.14
2024-03-25 17:2:35.2300,-0.83,1.87,2.1,0.34,0.6,0.59
2024-03-25 17:2:35.2400,-2.28,1.36,2.46,0.36,0.5,0.86
2024-03-25 17:2:35.2500,-2.84,0.32,3.53,0.38,0.18,0.9
2024-03-25 17:2:35.2600,-2.39,-1.41,4.02,0.34,-0.19,0.75
2024-03-25 17:2:35.2700,-1.61,-2.88,3.5,0.19,-0.43,0.55
2024-03-25 17:2:35.2800,-0.73,-3.61,2.53,0.02,-0.44,0.41
2024-03-25 17:2:35.2900,-0.21,-3.97,1.58,-0.11,-0.21,0.34
2024-03-25 17:2:35.3000,-0.25,-4.184193261265755,0.95,-0.2,0.15,0.31
2024-03-25 17:2:35.3100,-0.41,-4.19,0.95,-0.27,0.46,0.26
2024-03-25 17:2:35.3200,-0.7,-4.474917992949486,0.99,-0.35,0.6,0.21
2024-03-25 17:2:35.3300,-1.13,-4.48,0.99,-0.41,0.6,0.12
2024-03-25 17:2:35.3400,-1.66,-4.34,0.69,-0.44,0.48,-0.01
2024-03-25 17:2:35.3500,-1.84,-3.88,0.4,-0.45,0.31,-0.09
2024-03-25 17:2:35.3600,-1.86,-3.13,-0.09,-0.45,0.16,-0.07
2024-03-25 17:2:35.3700,-2.12,-2.16,-0.7,-0.45,0.05,0.02
2024-03-25 17:2:35.3800,-2.44,-1.25,-1.44,-0.47,-0.01,0.16
2024-03-25 17:2:35.3900,-2.51,-0.44,-2.17,-0.48,-0.03,0.32
2024-03-25 17:2:35.3990,-2.4,0.16,-2.86,-0.47,-0.02,0.48
2024-03-25 17:2:35.4100,-2.26,0.55,-3.33,-0.45,0.0,0.61
2024-03-25 17:2:35.4200,-1.96,0.75,-3.67,-0.39,0.05,0.7
2024-03-25 17:2:35.4290,-1.56,0.81,-3.91,-0.3,0.09,0.76
2024-03-25 17:2:35.4390,-1.17,0.77,-3.97,-0.22,0.12,0.8
2024-03-25 17:2:35.4500,-0.81,0.74,-4.01,-0.16,0.14,0.84
2024-03-25 17:2:35.4600,-0.63,0.69,-4.09,-0.13,0.12,0.87
2024-03-25 17:2:35.4700,-0.5,0.65,-4.04,-0.2,0.1,0.94
2024-03-25 17:2:35.4800,-0.35,0.73,-4.16,-0.29,0.06,1.03
2024-03-25 17:2:35.4900,-0.4,0.73,-4.41,-0.37,0.02,1.1
2024-03-25 17:2:35.4990,-0.37,0.73,-4.28,-0.41,0.01,1.13
2024-03-25 17:2:35.5090,-0.08,0.63,-3.83,-0.41,0.03,1.11
2024-03-25 17:2:35.5190,0.38,0.45,-2.6732961255311967,-0.38,0.1,1.03
2024-03-25 17:2:35.5290,0.79,0.16,-2.68,-0.31,0.2,0.88
2024-03-25 17:2:35.5390,1.33,-0.04,-1.94,-0.21,0.27,0.72
2024-03-25 17:2:35.5500,1.76,-0.16,-1.08,-0.1,0.26,0.57
2024-03-25 17:2:35.5590,1.83,-0.15,-0.26,-0.0,0.19,0.46
2024-03-25 17:2:35.5690,1.69,0.05,0.43,0.06,0.09,0.36
2024-03-25 17:2:35.5790,1.48,0.33,0.86,0.08,-0.03,0.29
2024-03-25 17:2:35.5890,1.27,0.62,1.01,0.05,-0.13,0.25
2024-03-25 17:2:35.5990,1.1,1.01,1.03,-0.02,-0.16,0.26
2024-03-25 17:2:35.6090,0.8,1.32,1.12,-0.07,-0.15,0.29
2024-03-25 17:2:35.6190,0.51,1.56,1.46,-0.09,-0.12,0.3
2024-03-25 17:2:35.6290,0.3,1.62,2.06,-0.04,-0.12,0.26
2024-03-25 17:2:35.6390,0.28,1.5,2.88,0.03,-0.16,0.16
2024-03-25 17:2:35.6490,0.42,1.22,3.66,0.11,-0.24,-0.0
2024-03-25 17:2:35.6590,0.58,0.94,4.08,0.23,-0.34,-0.21
2024-03-25 17:2:35.6690,0.78,0.73,4.29,0.38,-0.44,-0.42
2024-03-25 17:2:35.6790,0.85,0.67,4.45,0.53,-0.49,-0.62
2024-03-25 17:2:35.6890,0.85,0.98,4.5,0.6,-0.43,-0.72
2024-03-25 17:2:35.6990,0.81,1.58,4.13,0.55,-0.25,-0.65
2024-03-25 17:2:35.7090,0.5,2.16,3.41,0.47,-0.06,-0.39
2024-03-25 17:2:35.7190,-0.3,2.31,2.88,0.5,-0.01,-0.1
2024-03-25 17:2:35.7300,-1.18,1.99,3.0,0.6,-0.13,0.04
2024-03-25 17:2:35.7390,-1.34,0.97,3.71,0.59,-0.29,0.1
2024-03-25 17:2:35.7490,-0.76,-0.2,3.62,0.5,-0.43,0.08
2024-03-25 17:2:35.7590,-0.22,-1.26,2.43,0.43,-0.48,-0.01
2024-03-25 17:2:35.7690,0.39,-1.98,1.64,0.41,-0.42,-0.1
2024-03-25 17:2:35.7790,0.85,-2.48,1.37,0.43,-0.28,-0.16
2024-03-25 17:2:35.7890,0.96,-2.76,1.3,0.42,-0.12,-0.18
2024-03-25 17:2:35.7990,0.8,-2.84,1.01,0.34,0.02,-0.17
2024-03-25 17:2:35.8090,0.5,-2.72,0.46,0.17,0.1,-0.13
2024-03-25 17:2:35.8190,0.06,-2.49,-0.28,-0.07,0.12,-0.06
2024-03-25 17:2:35.8290,-0.46,-2.34,-0.92,-0.33,0.12,0.03
2024-03-25 17:2:35.8390,-0.93,-2.33,-1.41,-0.51,0.09,0.07
2024-03-25 17:2:35.8490,-1.26,-2.41,-1.42,-0.56,0.02,0.0
2024-03-25 17:2:35.8590,-0.96,-2.31,-0.95,-0.55,-0.03,-0.1
2024-03-25 17:2:35.8690,0.0,-1.64,-0.55,-0.47,-0.02,-0.2
2024-03-25 17:2:35.8790,0.0,-1.64,-0.55,-0.36,0.03,-0.29
2024-03-25 17:2:35.8890,0.12,-1.2,-0.61,-0.25,0.1,-0.35
2024-03-25 17:2:35.8990,0.11,-0.81,-0.9,-0.16,0.16,-0.35
2024-03-25 17:2:35.9090,-0.04,-0.43,-1.37,-0.08,0.2,-0.31
2024-03-25 17:2:35.9190,-0.25,-0.04,-1.86,-0.01,0.22,-0.23
2024-03-25 17:2:35.9290,-0.47,0.32,-2.23,0.03,0.21,-0.14
2024-03-25 17:2:35.9390,-0.66,0.66,-2.97,0.06,0.17,-0.06
2024-03-25 17:2:35.9490,-0.66,0.66,-2.97,0.05,0.13,0.01
2024-03-25 17:2:35.9590,-0.55,0.64,-3.35,0.06,0.09,0.09
2024-03-25 17:2:35.9690,-0.47,0.5,-3.64,0.06,0.05,0.14
2024-03-25 17:2:35.9790,-0.35,0.3,-3.69,0.04,0.02,0.2
2024-03-25 17:2:35.9890,-0.16,0.09,-3.72,-0.0,-0.0,0.25
2024-03-25 17:2:35.9990,0.03,-0.04,-3.84,-0.08,-0.01,0.32
2024-03-25 17:2:36.0090,0.16,-0.12,-3.95,-0.12,-0.01,0.39
2024-03-25 17:2:36.0190,0.19,-0.26,-3.89,-0.14,-0.03,0.46
2024-03-25 17:2:36.0290,0.28,-0.35,-3.58,-0.19,-0.07,0.51
2024-03-25 17:2:36.0390,0.33,-0.37,-3.38,-0.26,-0.12,0.51
2024-03-25 17:2:36.0490,0.53,-0.45,-3.44,-0.37,-0.16,0.45
2024-03-25 17:2:36.0590,0.87,-0.48,-3.58,-0.49,-0.12,0.36
2024-03-25 17:2:36.0690,1.24,-0.42,-3.72,-0.61,0.01,0.29
2024-03-25 17:2:36.0790,1.55,-0.19,-3.64,-0.67,0.2,0.25
2024-03-25 17:2:36.0890,1.62,0.07,-3.12,-0.69,0.44,0.24
2024-03-25 17:2:36.0990,1.55,0.39,-2.06,-0.65,0.69,0.28
2024-03-25 17:2:36.1090,1.31,0.71,-0.85,-0.59,0.86,0.3
2024-03-25 17:2:36.1190,0.94,1.01,0.51,-0.56,0.91,0.27
2024-03-25 17:2:36.1290,0.76,1.19,1.74,-0.55,0.84,0.2
2024-03-25 17:2:36.1390,0.61,1.22,2.78,-0.47,0.68,0.12
2024-03-25 17:2:36.1490,0.33,1.18,3.98,-0.29,0.51,0.0
2024-03-25 17:2:36.1590,0.19,1.14,5.4,-0.06,0.34,-0.12
2024-03-25 17:2:36.1690,0.2,1.08,6.59,0.22,0.25,-0.22
2024-03-25 17:2:36.1790,0.14,0.96,7.29,0.54,0.21,-0.28
2024-03-25 17:2:36.1890,0.07,0.91,7.61,0.86,0.21,-0.28
2024-03-25 17:2:36.1990,-0.14,1.09,7.6,1.1,0.2,-0.29
2024-03-25 17:2:36.2090,-0.41,1.38,7.03,1.15,0.2,-0.25
2024-03-25 17:2:36.2190,-0.53,1.66,5.98,1.02,0.25,-0.07
2024-03-25 17:2:36.2290,-1.02,1.86,4.59,0.89,0.3,0.25
2024-03-25 17:2:36.2390,-2.05,1.55,3.68,0.91,0.23,0.53
2024-03-25 17:2:36.2490,-2.82,0.79,3.8,1.0,0.05,0.65
2024-03-25 17:2:36.2590,-2.75,-0.37,4.29,1.04,-0.19,0.62
2024-03-25 17:2:36.2690,-1.92,-1.81,3.87,0.98,-0.45,0.51
2024-03-25 17:2:36.2790,-1.2,-2.95,2.69,0.78,-0.61,0.38
2024-03-25 17:2:36.2890,-0.79,-3.52,1.28,0.5,-0.61,0.32
2024-03-25 17:2:36.2990,-0.52,-3.71,-0.06,0.19,-0.46,0.35
2024-03-25 17:2:36.3090,-0.65,-3.64,-0.95,-0.09,-0.2,0.42
2024-03-25 17:2:36.3190,-0.88,-3.56,-1.34,-0.33,0.05,0.47
2024-03-25 17:2:36.3290,-1.07,-3.6,-1.36,-0.52,0.2,0.43
2024-03-25 17:2:36.3390,-1.09,-3.77,-1.15,-0.65,0.2,0.29
2024-03-25 17:2:36.3490,-1.03,-3.92,-0.89,-0.68,0.13,0.12
2024-03-25 17:2:36.3590,-0.95,-3.76,-0.71,-0.6,0.01,-0.03
2024-03-25 17:2:36.3690,-0.88,-3.14,-0.36,-0.51,-0.09,-0.11
2024-03-25 17:2:36.3790,-0.94,-2.29,-0.27,-0.44,-0.17,-0.13
2024-03-25 17:2:36.3890,-1.06,-1.46,-0.86,-0.4,-0.21,-0.09
2024-03-25 17:2:36.3990,-1.16,-0.67,-1.79,-0.36,-0.21,-0.03
2024-03-25 17:2:36.4090,-1.15,-0.02,-2.65,-0.33,-0.18,0.05
2024-03-25 17:2:36.4190,-1.07,0.48,-3.38,-0.33,-0.14,0.12
2024-03-25 17:2:36.4290,-0.89,0.82,-3.98,-0.33,-0.11,0.21
2024-03-25 17:2:36.4390,-0.71,1.07,-4.52,-0.35,-0.08,0.3
2024-03-25 17:2:36.4490,-0.57,1.24,-4.81,-0.38,-0.06,0.39
2024-03-25 17:2:36.4590,-0.34,1.31,-4.98,-0.42,-0.01,0.5
2024-03-25 17:2:36.4690,-0.15,1.24,-5.06,-0.43,0.04,0.58
2024-03-25 17:2:36.4790,0.03,1.08,-4.82,-0.43,0.08,0.59
2024-03-25 17:2:36.4890,0.41,0.83,-4.24,-0.45,0.1,0.55
2024-03-25 17:2:36.4990,0.95,0.56,-3.71,-0.48,0.09,0.5
2024-03-25 17:2:36.5090,1.24,0.36,-3.26,-0.47,0.07,0.4
2024-03-25 17:2:36.5190,1.41,0.16,-2.69,-0.37,0.02,0.27
2024-03-25 17:2:36.5290,1.66,0.02,-1.79,-0.2,-0.04,0.13
2024-03-25 17:2:36.5390,1.77,-0.09,-0.86,-0.03,-0.13,0.02
2024-03-25 17:2:36.5490,1.68,-0.03,-0.2,0.1,-0.21,-0.07
2024-03-25 17:2:36.5590,1.5,0.13,0.02,0.18,-0.29,-0.12
2024-03-25 17:2:36.5690,1.26,0.36,-0.13,0.2,-0.32,-0.14
2024-03-25 17:2:36.5790,1.0,0.72,-0.38,0.2,-0.31,-0.12
2024-03-25 17:2:36.5890,0.73,1.0,-0.59,0.23,-0.27,-0.11
2024-03-25 17:2:36.5990,0.51,1.23,-0.45,0.25,-0.2,-0.13
2024-03-25 17:2:36.6090,0.54,1.35,-0.1,0.2,-0.16,-0.18
2024-03-25 17:2:36.6190,0.57,1.29,0.11,0.12,-0.17,-0.22
2024-03-25 17:2:36.6290,0.46,1.18,0.28,0.05,-0.22,-0.27
2024-03-25 17:2:36.6390,0.19,1.07,0.79,-0.01,-0.29,-0.33
2024-03-25 17:2:36.6490,-0.05,0.99,1.51,-0.04,-0.34,-0.41
2024-03-25 17:2:36.6590,-0.15,0.89,2.19,-0.02,-0.35,-0.51
2024-03-25 17:2:36.6690,-0.14,0.78,2.78,0.07,-0.34,-0.65
2024-03-25 17:2:36.6790,-0.08,0.65,3.38,0.2,-0.35,-0.85
2024-03-25 17:2:36.6890,0.0,0.64,3.96,0.31,-0.36,-1.04
2024-03-25 17:2:36.6990,0.05,0.93,4.09,0.41,-0.33,-1.16
2024-03-25 17:2:36.7090,-0.16,1.24,3.78,0.52,-0.2,-1.2
2024-03-25 17:2:36.7190,-0.57,1.66,3.67,0.56,-0.05,-1.06
2024-03-25 17:2:36.7290,-1.06,1.97,3.56,0.55,0.03,-0.86
2024-03-25 17:2:36.7390,-1.58,1.99,3.23,0.55,0.03,-0.67
2024-03-25 17:2:36.7490,-1.65,1.58,3.03,0.59,0.0,-0.55
2024-03-25 17:2:36.7590,-1.37,0.62,2.96,0.61,-0.0,-0.47
2024-03-25 17:2:36.7690,-0.86,-0.47,2.87,0.57,-0.0,-0.43
2024-03-25 17:2:36.7790,-0.38,-1.4,2.34,0.47,-0.04,-0.45
2024-03-25 17:2:36.7890,0.02,-2.05,1.61,0.34,-0.07,-0.45
2024-03-25 17:2:36.7990,0.32,-2.37,0.98,0.19,-0.08,-0.4
2024-03-25 17:2:36.8080,0.33,-2.46,0.44,0.03,-0.1,-0.34
2024-03-25 17:2:36.8190,0.21,-2.36,0.04,-0.15,-0.05,-0.26
2024-03-25 17:2:36.8290,0.17,-2.25,-0.37,-0.31,0.08,-0.15
2024-03-25 17:2:36.8390,0.14,-2.24,-0.76,-0.45,0.23,-0.01
2024-03-25 17:2:36.8480,-0.12,-2.18,-0.81,-0.63,0.29,0.15
2024-03-25 17:2:36.8590,-0.6,-2.14,-0.83,-0.81,0.24,0.25
2024-03-25 17:2:36.8680,-0.99,-2.12,-0.93,-0.94,0.12,0.3
2024-03-25 17:2:36.8790,-1.09,-2.1,-0.96,-0.99,-0.01,0.28
2024-03-25 17:2:36.8880,-0.93,-2.01,-0.87,-0.91,-0.08,0.21
2024-03-25 17:2:36.8980,-0.61,-1.81,-0.67,-0.72,-0.08,0.1
2024-03-25 17:2:36.9080,-0.18,-1.56,-0.43,-0.51,-0.01,-0.03
2024-03-25 17:2:36.9180,0.17,-1.26,-0.44,-0.35,0.07,-0.14
2024-03-25 17:2:36.9280,0.37,-0.85,-0.88,-0.3,0.12,-0.17
2024-03-25 17:2:36.9380,0.25,-0.25,-1.75,-0.29,0.13,-0.12
2024-03-25 17:2:36.9490,-0.26,0.41,-2.61,-0.27,0.12,-0.04
2024-03-25 17:2:36.9580,-0.63,0.95,-3.02,-0.24,0.09,0.03
2024-03-25 17:2:36.9680,-0.76,1.18,-3.03,-0.2,-0.0,0.07
2024-03-25 17:2:36.9780,-0.75,1.17,-3.02,-0.18,-0.2,0.08
2024-03-25 17:2:36.9890,-0.61,1.09,-2.91,-0.2,-0.42,0.1
2024-03-25 17:2:36.9980,-0.52,0.97,-2.83,-0.21,-0.6,0.12
2024-03-25 17:2:37.0080,-0.46,0.85,-2.84,-0.17,-0.66,0.15
2024-03-25 17:2:37.0180,-0.24,0.7,-2.64,-0.05,-0.62,0.22
2024-03-25 17:2:37.0280,0.01,0.62,-2.21,0.1,-0.54,0.3
2024-03-25 17:2:37.0390,0.14,0.59,-1.7,0.19,-0.46,0.38
2024-03-25 17:2:37.0480,0.24,0.69,-1.61,0.2,-0.44,0.4
2024-03-25 17:2:37.0580,0.4,0.75,-1.86,0.17,-0.47,0.37
2024-03-25 17:2:37.0680,0.67,0.83,-2.12,0.12,-0.53,0.31
2024-03-25 17:2:37.0780,1.15,1.08,-2.13,0.08,-0.58,0.22
2024-03-25 17:2:37.0890,1.15,1.08,-2.13,0.06,-0.56,0.16
2024-03-25 17:2:37.0980,1.32,1.25,-1.97,0.02,-0.42,0.12
2024-03-25 17:2:37.1080,1.34,1.46,-1.79,-0.05,-0.13,0.11
2024-03-25 17:2:37.1180,1.4,1.67,-1.64,-0.12,0.29,0.17
2024-03-25 17:2:37.1280,1.41,1.92,-1.28,-0.16,0.69,0.26
2024-03-25 17:2:37.1380,1.19,2.08,-0.43,-0.14,0.91,0.31
2024-03-25 17:2:37.1480,0.93,1.99,0.95,-0.08,0.94,0.28
2024-03-25 17:2:37.1580,0.82,1.76,2.6,0.03,0.83,0.17
2024-03-25 17:2:37.1680,0.88,1.37,3.98,0.2,0.61,-0.01
2024-03-25 17:2:37.1780,0.99,0.79,5.02,0.43,0.36,-0.19
2024-03-25 17:2:37.1880,1.12,0.43,5.85,0.69,0.19,-0.32
2024-03-25 17:2:37.1980,0.95,0.15,6.18,0.92,0.11,-0.43
2024-03-25 17:2:37.2080,0.72,0.11,5.95,1.02,0.11,-0.49
2024-03-25 17:2:37.2180,0.72,0.53,5.13,0.93,0.16,-0.47
2024-03-25 17:2:37.2280,0.55,1.13,3.82,0.65,0.33,-0.27
2024-03-25 17:2:37.2380,0.2,1.82,2.55,0.36,0.61,0.16
2024-03-25 17:2:37.2480,-0.89,1.84,1.97,0.33,0.76,0.55
2024-03-25 17:2:37.2580,-2.03,0.97,2.95,0.47,0.7,0.67
2024-03-25 17:2:37.2680,-1.95,-0.76,4.91,0.64,0.42,0.52
2024-03-25 17:2:37.2780,-0.99,-2.97,5.58,0.73,0.01,0.16
2024-03-25 17:2:37.2880,-0.11,-4.72,5.12,0.62,-0.35,-0.2
2024-03-25 17:2:37.2980,0.58,-5.57,3.87,0.36,-0.5,-0.37
2024-03-25 17:2:37.3080,-0.03,-4.71,0.6,0.12,-0.42,-0.34
2024-03-25 17:2:37.3180,-0.03,-4.71,0.6,-0.06,-0.19,-0.23
2024-03-25 17:2:37.3280,-0.95,-3.75,-0.08,-0.23,0.1,-0.15
2024-03-25 17:2:37.3380,-0.95,-3.75,-0.08,-0.31,0.3,-0.2
2024-03-25 17:2:37.3480,-0.74,-3.8,-0.25,-0.29,0.35,-0.39
2024-03-25 17:2:37.3580,-0.12,-3.79,0.04,-0.18,0.27,-0.61
2024-03-25 17:2:37.3680,0.27,-3.49,0.46,-0.09,0.13,-0.78
2024-03-25 17:2:37.3780,0.08,-2.9,0.49,-0.05,-0.06,-0.89
2024-03-25 17:2:37.3880,-0.33,-2.2,-0.2,-0.03,-0.22,-0.94
2024-03-25 17:2:37.3980,-0.68,-1.49,-1.23,0.0,-0.28,-0.91
2024-03-25 17:2:37.4080,-1.0,-0.92,-2.16,0.06,-0.26,-0.82
2024-03-25 17:2:37.4180,-1.28,-0.4,-2.87,0.12,-0.18,-0.69
2024-03-25 17:2:37.4280,-1.47,-0.02,-3.58,0.13,-0.1,-0.55
2024-03-25 17:2:37.4380,-1.58,0.3,-4.33,0.12,-0.07,-0.43
2024-03-25 17:2:37.4480,-1.56,0.46,-5.1,0.1,-0.09,-0.33
2024-03-25 17:2:37.4580,-1.45,0.63,-5.64,0.06,-0.16,-0.24
2024-03-25 17:2:37.4680,-1.45,0.73,-5.9,-0.03,-0.24,-0.15
2024-03-25 17:2:37.4780,-1.36,0.79,-6.11,-0.12,-0.29,-0.05
2024-03-25 17:2:37.4880,-1.31,0.87,-6.19,-0.18,-0.28,0.1
2024-03-25 17:2:37.4980,-1.3,1.0,-5.94,-0.23,-0.22,0.25
2024-03-25 17:2:37.5080,-1.36,1.05,-5.44,-0.26,-0.12,0.38
2024-03-25 17:2:37.5180,-1.21,1.05,-4.95,-0.28,-0.04,0.46
2024-03-25 17:2:37.5280,-0.95,0.86,-4.35,-0.28,-0.04,0.47
2024-03-25 17:2:37.5380,-0.59,0.79,-3.52,-0.3,-0.17,0.4
2024-03-25 17:2:37.5480,-0.27,0.69,-2.63,-0.39,-0.42,0.29
2024-03-25 17:2:37.5580,-0.02,0.7,-1.95,-0.51,-0.64,0.18
2024-03-25 17:2:37.5680,0.19,0.76,-1.59,-0.65,-0.77,0.09
2024-03-25 17:2:37.5780,0.21,0.86,-1.12,-0.76,-0.72,0.06
2024-03-25 17:2:37.5880,0.2,1.01,-0.57,-0.8,-0.51,0.09
2024-03-25 17:2:37.5980,0.1,1.13,0.21,-0.74,-0.21,0.12
2024-03-25 17:2:37.6080,0.02,1.19,1.28,-0.63,0.13,0.1
2024-03-25 17:2:37.6180,0.15,1.2,2.49,-0.51,0.34,0.0
2024-03-25 17:2:37.6280,0.43,1.11,3.39,-0.4,0.35,-0.17
2024-03-25 17:2:37.6380,0.46,1.02,4.11,-0.32,0.27,-0.35
2024-03-25 17:2:37.6480,0.29,1.07,4.63,-0.24,0.14,-0.5
2024-03-25 17:2:37.6580,-0.15,1.21,4.96,-0.14,0.04,-0.55
2024-03-25 17:2:37.6680,-0.63,1.53,5.3,0.04,-0.07,-0.56
2024-03-25 17:2:37.6780,-1.36,1.74,5.65,0.23,-0.21,-0.58
2024-03-25 17:2:37.6880,-1.62,2.11,5.9,0.36,-0.27,-0.57
2024-03-25 17:2:37.6980,-1.29,2.76,5.51,0.41,-0.17,-0.41
2024-03-25 17:2:37.7080,-1.08,3.31,4.61,0.44,-0.01,-0.19
2024-03-25 17:2:37.7180,-1.13,3.03,3.93,0.58,0.18,-0.04
2024-03-25 17:2:37.7280,-0.58,2.18,3.83,0.79,0.26,0.0
2024-03-25 17:2:37.7380,0.39,0.74,4.3,0.93,0.25,0.0
2024-03-25 17:2:37.7480,1.06,-0.8,4.23,0.89,0.15,-0.05
2024-03-25 17:2:37.7580,1.38,-1.91,3.22,0.77,-0.03,-0.17
2024-03-25 17:2:37.7680,1.68,-2.61,1.73,0.65,-0.16,-0.27
2024-03-25 17:2:37.7780,1.9,-2.86,0.78,0.56,-0.19,-0.29
2024-03-25 17:2:37.7880,1.81,-2.85,0.17,0.48,-0.12,-0.24
2024-03-25 17:2:37.7980,1.48,-2.69,-0.28,0.39,-0.02,-0.16
2024-03-25 17:2:37.8080,1.16,-2.5,-0.77,0.23,0.09,-0.1
2024-03-25 17:2:37.8180,1.0,-2.28,-1.34,-0.01,0.19,-0.01
2024-03-25 17:2:37.8280,0.88,-2.02,-2.09,-0.3,0.24,0.08
2024-03-25 17:2:37.8380,0.64,-1.87,-2.68,-0.55,0.2,0.15
2024-03-25 17:2:37.8480,0.36,-1.9,-2.79,-0.72,0.07,0.19
2024-03-25 17:2:37.8580,0.14,-2.3156947419047356,-1.82,-0.83,-0.09,0.15
2024-03-25 17:2:37.8680,0.23,-2.32,-1.82,-0.85,-0.23,0.06
2024-03-25 17:2:37.8780,0.58,-2.55,-1.55,-0.78,-0.31,-0.08
2024-03-25 17:2:37.8880,1.09,-2.52,-1.25,-0.65,-0.3,-0.22
2024-03-25 17:2:37.8980,1.57,-2.36,-1.13,-0.53,-0.23,-0.36
2024-03-25 17:2:37.9080,1.79,-2.12,-1.36,-0.45,-0.15,-0.48
2024-03-25 17:2:37.9180,1.83,-1.68,-1.97,-0.41,-0.09,-0.57
2024-03-25 17:2:37.9280,1.71,-1.28,-2.71,-0.36,-0.07,-0.65
2024-03-25 17:2:37.9380,1.59,-0.9,-3.19,-0.33,-0.07,-0.7
2024-03-25 17:2:37.9480,1.41,-0.5,-3.43,-0.31,-0.09,-0.74
2024-03-25 17:2:37.9580,1.23,-0.14,-3.57,-0.27,-0.11,-0.73
2024-03-25 17:2:37.9680,1.04,0.17,-3.59,-0.22,-0.09,-0.68
2024-03-25 17:2:37.9780,0.84,0.47,-3.41,-0.18,-0.06,-0.59
2024-03-25 17:2:37.9880,0.59,0.74,-3.23,-0.19,-0.02,-0.47
2024-03-25 17:2:37.9980,0.4,1.04,-3.23,-0.24,0.0,-0.35
2024-03-25 17:2:38.0080,0.19,1.32,-3.28,-0.31,0.01,-0.22
2024-03-25 17:2:38.0180,0.09,1.54,-3.19,-0.34,0.03,-0.12
2024-03-25 17:2:38.0280,0.02,1.57,-2.79,-0.32,0.05,-0.07
2024-03-25 17:2:38.0370,0.18,1.44,-2.05,-0.28,0.05,-0.08
2024-03-25 17:2:38.0470,0.35,1.2,-1.31,-0.24,0.02,-0.11
2024-03-25 17:2:38.0580,0.43,0.96,-0.69,-0.18,-0.03,-0.14
2024-03-25 17:2:38.0680,0.35,0.93,-0.2,-0.16,-0.08,-0.14
2024-03-25 17:2:38.0780,0.14,1.05,0.28,-0.15,-0.08,-0.13
2024-03-25 17:2:38.0880,0.02,1.32,0.43,-0.19,-0.04,-0.11
2024-03-25 17:2:38.0980,0.03,1.67,0.64,-0.25,0.06,-0.07
2024-03-25 17:2:38.1080,0.05,2.02,0.84,-0.31,0.21,-0.05
2024-03-25 17:2:38.1180,0.12,2.24,1.14,-0.36,0.4,-0.02
2024-03-25 17:2:38.1270,0.23,2.26,1.69,-0.36,0.57,-0.02
2024-03-25 17:2:38.1380,0.29,2.13,2.5,-0.33,0.67,-0.03
2024-03-25 17:2:38.1480,0.29,1.85,3.42,-0.21,0.67,-0.06
2024-03-25 17:2:38.1580,0.24,1.43,4.31,-0.01,0.6,-0.14
2024-03-25 17:2:38.1680,0.29,1.06,5.4,0.29,0.39,-0.25
2024-03-25 17:2:38.1780,0.55,0.79,6.17,0.5,0.17,-0.4
2024-03-25 17:2:38.1880,0.69,0.55,6.37,0.52,-0.07,-0.52
2024-03-25 17:2:38.1980,1.12,0.94,5.54,0.43,-0.26,-0.59
2024-03-25 17:2:38.2070,1.18,1.46,4.01,0.28,-0.23,-0.51
2024-03-25 17:2:38.2180,1.08,1.87,2.95,0.2,0.07,-0.22
2024-03-25 17:2:38.2270,0.51,1.55,2.31,0.31,0.4,0.02
2024-03-25 17:2:38.2370,0.15,0.65,2.75,0.46,0.44,0.02
2024-03-25 17:2:38.2470,0.89,-0.7,3.53,0.51,0.15,-0.11
2024-03-25 17:2:38.2570,1.78,-2.25,3.33,0.44,-0.2,-0.32
2024-03-25 17:2:38.2670,2.14,-3.23,2.38,0.3,-0.43,-0.5
2024-03-25 17:2:38.2780,2.38,-3.68,1.33,0.19,-0.45,-0.59
2024-03-25 17:2:38.2880,2.23,-3.76,0.63,0.15,-0.27,-0.61
2024-03-25 17:2:38.2970,1.89,-3.61,0.38,0.15,-0.04,-0.6
2024-03-25 17:2:38.3070,1.32,-3.52,0.45,0.13,0.11,-0.58
2024-03-25 17:2:38.3170,0.58,-3.38,0.39,0.08,0.14,-0.56
2024-03-25 17:2:38.3270,-0.89,-2.66,-0.27,0.01,0.05,-0.55
2024-03-25 17:2:38.3380,-0.89,-2.66,-0.27,-0.04,-0.1,-0.51
2024-03-25 17:2:38.3480,-1.58,-2.05,-0.55,-0.1,-0.27,-0.42
2024-03-25 17:2:38.3570,-2.2,-1.34,-0.83,-0.14,-0.36,-0.26
2024-03-25 17:2:38.3670,-2.65,-0.75,-1.31,-0.2,-0.37,-0.07
2024-03-25 17:2:38.3770,-2.8,-0.23,-1.74,-0.26,-0.35,0.09
2024-03-25 17:2:38.3870,-2.48,0.21,-2.33,-0.3,-0.26,0.22
2024-03-25 17:2:38.3970,-1.92,0.44,-2.83,-0.29,-0.14,0.29
2024-03-25 17:2:38.4070,-1.3,0.43,-3.05,-0.27,-0.03,0.3
2024-03-25 17:2:38.4170,-0.72,0.36,-3.11,-0.21,0.05,0.28
2024-03-25 17:2:38.4270,-0.27,0.23,-3.19,-0.18,0.1,0.24
2024-03-25 17:2:38.4370,0.05,0.13,-3.23,-0.19,0.15,0.23
2024-03-25 17:2:38.4470,0.23,0.18,-3.45,-0.26,0.24,0.28
2024-03-25 17:2:38.4570,0.16,0.28,-3.74,-0.34,0.33,0.4
2024-03-25 17:2:38.4670,-0.16,0.39,-3.79,-0.38,0.41,0.55
2024-03-25 17:2:38.4770,-0.52,0.55,-3.44,-0.35,0.46,0.66
2024-03-25 17:2:38.4870,-0.6,0.53,-2.81,-0.24,0.48,0.65
2024-03-25 17:2:38.4970,-0.27,0.22,-2.11,-0.07,0.47,0.51
2024-03-25 17:2:38.5070,0.34,-0.24,-1.45,0.08,0.38,0.26
2024-03-25 17:2:38.5170,1.09,-0.65,-1.04,0.14,0.22,-0.01
2024-03-25 17:2:38.5270,1.66,-0.8,-1.08,0.12,0.06,-0.25
2024-03-25 17:2:38.5370,1.89,-0.7,-1.51,0.13,-0.03,-0.4
2024-03-25 17:2:38.5470,1.79,-0.38,-1.74,0.2,-0.02,-0.45
2024-03-25 17:2:38.5570,1.43,0.11,-1.44,0.28,0.03,-0.45
2024-03-25 17:2:38.5670,1.1,0.6,-1.04,0.33,0.07,-0.44
2024-03-25 17:2:38.5770,0.94,1.3316058625280858,-1.0076670455932617,0.29,0.07,-0.42
2024-03-25 17:2:38.5870,0.88,1.33,-1.01,0.21,0.06,-0.39
2024-03-25 17:2:38.5970,0.75,1.54,-1.25,0.14,0.02,-0.35
2024-03-25 17:2:38.6070,0.61,1.73,-1.02,0.08,-0.03,-0.31
2024-03-25 17:2:38.6170,0.52,1.84,-0.45,0.02,-0.08,-0.3
2024-03-25 17:2:38.6270,0.59,1.86,0.08,-0.01,-0.1,-0.32
2024-03-25 17:2:38.6370,0.8,1.73,0.59,0.04,-0.1,-0.39
2024-03-25 17:2:38.6470,1.1,1.51,1.27,0.13,-0.13,-0.53
2024-03-25 17:2:38.6570,1.47,1.18,2.17,0.23,-0.18,-0.7
2024-03-25 17:2:38.6670,1.78,0.91,2.81,0.33,-0.24,-0.9
2024-03-25 17:2:38.6770,1.99,0.72,3.19,0.45,-0.35,-1.1
2024-03-25 17:2:38.6870,2.14,0.7,3.44,0.6,-0.48,-1.29
2024-03-25 17:2:38.6970,2.1,1.04,3.59,0.6,-0.5,-1.35
2024-03-25 17:2:38.7070,2.21,1.84,3.49,0.53,-0.49,-1.26
2024-03-25 17:2:38.7170,1.97,2.34,2.53,0.44,-0.52,-1.09
2024-03-25 17:2:38.7270,1.92,2.65,2.17,0.42,-0.46,-0.92
2024-03-25 17:2:38.7370,2.33,2.14,2.16,0.48,-0.37,-0.79
2024-03-25 17:2:38.7470,3.23,0.83,2.57,0.52,-0.33,-0.85
2024-03-25 17:2:38.7570,4.19,-0.57,2.78,0.49,-0.34,-1.12
2024-03-25 17:2:38.7670,5.35,-1.93,2.53,0.38,-0.28,-1.5
2024-03-25 17:2:38.7770,6.38,-2.94,1.94,0.21,-0.1,-1.8
2024-03-25 17:2:38.7870,6.62,-3.34,1.48,0.08,0.13,-1.91
2024-03-25 17:2:38.7970,5.67,-3.31,1.36,0.01,0.23,-1.83
2024-03-25 17:2:38.8070,3.91,-2.89,1.87,-0.08,0.24,-1.61
2024-03-25 17:2:38.8170,1.84,-2.23,2.42,-0.22,0.16,-1.38
2024-03-25 17:2:38.8270,0.16,-1.97,2.35,-0.36,0.06,-1.13
2024-03-25 17:2:38.8370,-0.99,-1.98,2.03,-0.43,-0.01,-0.9
2024-03-25 17:2:38.8470,-1.9,-2.16,1.82,-0.42,-0.07,-0.73
2024-03-25 17:2:38.8570,-2.44,-2.33,1.59,-0.4,-0.19,-0.64
2024-03-25 17:2:38.8670,-2.74,-2.34,1.26,-0.31,-0.33,-0.57
2024-03-25 17:2:38.8770,-2.93,-2.25,0.72,-0.13,-0.39,-0.45
2024-03-25 17:2:38.8870,-3.06,-1.9,0.25,-0.02,-0.46,-0.35
2024-03-25 17:2:38.8970,-3.17,-1.35,-0.52,0.03,-0.5,-0.27
2024-03-25 17:2:38.9070,-3.1,-0.86,-2.11,-0.01,-0.53,-0.22
2024-03-25 17:2:38.9170,-2.81,-0.49,-3.57,-0.09,-0.51,-0.18
2024-03-25 17:2:38.9270,-2.47,-0.21,-4.83,-0.15,-0.45,-0.16
2024-03-25 17:2:38.9370,-2.05,0.03,-5.62,-0.2,-0.36,-0.15
2024-03-25 17:2:38.9470,-1.68,0.25,-5.98,-0.26,-0.27,-0.13
2024-03-25 17:2:38.9570,-1.47,0.39,-6.16,-0.31,-0.19,-0.09
2024-03-25 17:2:38.9670,-1.26,0.48,-6.14,-0.34,-0.12,-0.02
2024-03-25 17:2:38.9770,-0.98,0.56,-5.82,-0.3,-0.06,0.06
2024-03-25 17:2:38.9870,-0.86,0.62,-5.13,-0.25,-0.01,0.09
2024-03-25 17:2:38.9970,-0.48,0.64,-4.26,-0.24,0.02,0.05
2024-03-25 17:2:39.0070,0.18,0.63,-3.77,-0.28,0.04,0.02
2024-03-25 17:2:39.0170,0.71,0.6,-3.63,-0.31,0.09,0.02
2024-03-25 17:2:39.0270,0.83,0.65,-3.34,-0.28,0.15,0.01
2024-03-25 17:2:39.0370,0.84,0.71,-2.58,-0.2,0.19,-0.02
2024-03-25 17:2:39.0470,1.07,0.73,-1.58,-0.08,0.16,-0.05
2024-03-25 17:2:39.0570,1.17,0.75,-0.58,0.01,0.13,-0.11
2024-03-25 17:2:39.0670,1.24,0.93,0.17,0.04,0.11,-0.16
2024-03-25 17:2:39.0770,1.35,1.3109632909297944,0.5,0.06,0.15,-0.15
2024-03-25 17:2:39.0870,1.28,1.31,0.5,0.09,0.23,-0.09
2024-03-25 17:2:39.0970,0.92,1.63,0.84,0.1,0.33,-0.01
2024-03-25 17:2:39.1070,0.67,2.02,1.28,0.07,0.41,0.05
2024-03-25 17:2:39.1170,0.61,2.27,1.45,0.04,0.43,0.11
2024-03-25 17:2:39.1270,0.51,2.35,1.58,0.03,0.41,0.17
2024-03-25 17:2:39.1370,0.24,2.32,1.89,0.04,0.35,0.22
2024-03-25 17:2:39.1470,-0.15,2.13,2.32,0.07,0.28,0.26
2024-03-25 17:2:39.1570,-0.44,1.84,2.78,0.12,0.18,0.27
2024-03-25 17:2:39.1670,-0.62,1.62,3.09,0.25,0.1,0.24
2024-03-25 17:2:39.1770,-0.51,1.42,3.46,0.42,0.07,0.17
2024-03-25 17:2:39.1870,-0.3,1.25,3.86,0.59,0.04,0.05
2024-03-25 17:2:39.1970,-0.11,1.2,4.13,0.68,0.0,-0.07
2024-03-25 17:2:39.2070,0.08,1.43,4.07,0.47,0.01,0.02
2024-03-25 17:2:39.2170,-0.3,1.61,3.47,0.04,0.1,0.5
2024-03-25 17:2:39.2270,-1.67,1.51,2.43,-0.02,0.14,1.04
2024-03-25 17:2:39.2370,-2.91,0.87,2.9,0.24,0.05,1.18
2024-03-25 17:2:39.2470,-1.98,-0.86,5.63,0.46,-0.24,1.06
2024-03-25 17:2:39.2570,-0.14,-3.26,7.14,0.37,-0.56,0.8
2024-03-25 17:2:39.2670,1.49,-5.53,4.54,-0.02,-0.71,0.59
2024-03-25 17:2:39.2770,1.49,-5.53,4.54,-0.36,-0.65,0.55
2024-03-25 17:2:39.2870,1.42,-5.59,3.12,-0.45,-0.38,0.59
2024-03-25 17:2:39.2970,0.84,-5.51,3.24,-0.37,-0.05,0.69
2024-03-25 17:2:39.3070,0.29,-5.39,3.95,-0.32,0.13,0.73
2024-03-25 17:2:39.3170,-0.18,-5.08,3.78,-0.36,0.11,0.6
2024-03-25 17:2:39.3270,-0.1,-4.57,2.62,-0.44,-0.05,0.39
2024-03-25 17:2:39.3370,0.5,-3.74,1.27,-0.49,-0.23,0.22
2024-03-25 17:2:39.3470,0.71,-2.63,0.3,-0.47,-0.35,0.14
2024-03-25 17:2:39.3570,0.26,-1.54,-0.21,-0.36,-0.37,0.14
2024-03-25 17:2:39.3670,-0.31,-0.59,-0.65,-0.2,-0.33,0.22
2024-03-25 17:2:39.3770,-0.77,0.18,-1.02,-0.05,-0.29,0.32
2024-03-25 17:2:39.3870,-1.17,0.55,-1.67,0.04,-0.26,0.4
2024-03-25 17:2:39.3970,-1.34,0.64,-2.7,0.09,-0.21,0.45
2024-03-25 17:2:39.4070,-1.41,0.36,-3.91,0.11,-0.17,0.44
2024-03-25 17:2:39.4170,-1.44,-0.08,-4.91,0.1,-0.16,0.42
2024-03-25 17:2:39.4270,-1.35,-0.41,-5.67,0.04,-0.15,0.42
2024-03-25 17:2:39.4370,-1.34,-0.65,-6.31,-0.01,-0.16,0.42
2024-03-25 17:2:39.4470,-1.45,-0.89,-6.62,-0.04,-0.14,0.42
2024-03-25 17:2:39.4570,-1.34,-1.01,-6.56,-0.07,-0.06,0.41
2024-03-25 17:2:39.4660,-1.18,-1.09,-6.42,-0.1,0.09,0.42
2024-03-25 17:2:39.4760,-1.09,-1.18,-6.32,-0.1,0.29,0.44
2024-03-25 17:2:39.4860,-1.05,-1.2,-5.95,-0.06,0.45,0.45
2024-03-25 17:2:39.4970,-0.97,-1.06,-5.26,-0.0,0.51,0.43
2024-03-25 17:2:39.5060,-0.92,-0.8,-4.36,0.03,0.46,0.37
2024-03-25 17:2:39.5170,-0.77,-0.44,-3.55,0.02,0.34,0.33
2024-03-25 17:2:39.5270,-0.66,-0.04,-3.01,-0.01,0.19,0.3
2024-03-25 17:2:39.5370,-0.69,0.36,-2.52,-0.03,0.07,0.3
2024-03-25 17:2:39.5470,-0.72,0.82,-2.0,-0.08,0.03,0.32
2024-03-25 17:2:39.5570,-0.71,1.26,-1.32,-0.14,0.06,0.35
2024-03-25 17:2:39.5670,-0.53,1.71,-0.71,-0.22,0.11,0.35
2024-03-25 17:2:39.5770,-0.26,2.08,0.07,-0.33,0.18,0.31
2024-03-25 17:2:39.5870,0.21,2.54,1.02,-0.52,0.18,0.25
2024-03-25 17:2:39.5970,0.65,2.94,1.89,-0.74,0.14,0.2
2024-03-25 17:2:39.6060,0.87,3.21,2.88,-0.85,0.06,0.09
2024-03-25 17:2:39.6160,0.9,3.12,4.21,-0.76,0.02,-0.04
2024-03-25 17:2:39.6260,0.91,2.64,6.07,-0.41,-0.07,-0.23
2024-03-25 17:2:39.6360,0.94,2.02,8.05,0.04,-0.19,-0.41
2024-03-25 17:2:39.6470,0.94,1.53,9.56,0.34,-0.26,-0.55
2024-03-25 17:2:39.6560,1.07,1.22,9.65,0.48,-0.21,-0.7
2024-03-25 17:2:39.6660,1.32,1.1,8.37,0.46,-0.01,-0.73
2024-03-25 17:2:39.6770,1.58,1.22,6.77,0.36,0.24,-0.54
2024-03-25 17:2:39.6860,1.13,1.46,5.55,0.27,0.35,-0.3
2024-03-25 17:2:39.6960,0.34,1.51,5.23,0.18,0.24,-0.03
2024-03-25 17:2:39.7060,-0.25,1.16,5.49,0.15,-0.07,0.16
2024-03-25 17:2:39.7170,-0.7,0.15,5.68,0.15,-0.46,0.19
2024-03-25 17:2:39.7270,-0.47,-1.12,5.68,0.2,-0.8,0.08
2024-03-25 17:2:39.7360,0.31,-2.25,5.19,0.33,-1.02,-0.11
2024-03-25 17:2:39.7460,1.24,-3.08,4.51,0.47,-1.08,-0.27
2024-03-25 17:2:39.7570,1.84,-3.53,3.51,0.61,-1.0,-0.4
2024-03-25 17:2:39.7660,2.05,-3.63,2.07,0.75,-0.8,-0.52
2024-03-25 17:2:39.7770,1.9,-3.21,-0.69,0.8,-0.52,-0.62
2024-03-25 17:2:39.7860,1.9,-3.21,-0.69,0.75,-0.21,-0.63
2024-03-25 17:2:39.7960,1.46,-2.83,-2.24,0.58,0.07,-0.54
2024-03-25 17:2:39.8060,0.74,-2.27,-3.54,0.37,0.29,-0.41
2024-03-25 17:2:39.8160,0.02,-1.84,-4.46,0.22,0.41,-0.33
2024-03-25 17:2:39.8260,-0.44,-1.68,-4.7,0.13,0.41,-0.34
2024-03-25 17:2:39.8360,-0.42,-1.72,-4.37,0.06,0.32,-0.39
2024-03-25 17:2:39.8460,-0.28,-1.76,-4.13,-0.03,0.19,-0.46
2024-03-25 17:2:39.8560,-0.22,-1.65,-4.24,-0.1,0.08,-0.5
2024-03-25 17:2:39.8660,-0.28,-1.39,-4.46,-0.17,0.05,-0.5
2024-03-25 17:2:39.8760,-0.34,-1.04,-4.59,-0.23,0.12,-0.46
2024-03-25 17:2:39.8860,-0.31,-0.66,-4.74,-0.29,0.21,-0.35
2024-03-25 17:2:39.8960,-0.4,-0.32,-4.81,-0.34,0.29,-0.25
2024-03-25 17:2:39.9060,-0.53,0.05,-4.7,-0.44,0.36,-0.15
2024-03-25 17:2:39.9160,-0.33,0.38,-4.61,-0.53,0.38,-0.06
2024-03-25 17:2:39.9260,-0.15,0.45,-4.65,-0.6,0.38,0.03
2024-03-25 17:2:39.9360,-0.04,0.43,-4.34,-0.64,0.43,0.13
2024-03-25 17:2:39.9460,0.06,0.27,-3.9,-0.58,0.48,0.23
2024-03-25 17:2:39.9560,0.09,-0.2,-3.19,-0.46,0.5,0.26
2024-03-25 17:2:39.9660,0.34,-0.69,-2.11,-0.4,0.45,0.26
2024-03-25 17:2:39.9760,0.67,-1.0,-1.38,-0.41,0.31,0.24
2024-03-25 17:2:39.9860,0.88,-1.16,-1.29,-0.49,0.14,0.21
2024-03-25 17:2:39.9960,0.98,-1.17,-1.41,-0.55,-0.04,0.18
2024-03-25 17:2:40.0060,0.84,-1.18,-1.42,-0.57,-0.19,0.17
2024-03-25 17:2:40.0160,0.7,-1.03,-1.13,-0.51,-0.3,0.2
2024-03-25 17:2:40.0260,0.32,-0.84,-0.61,-0.41,-0.37,0.21
2024-03-25 17:2:40.0370,0.02,-0.64,0.0,-0.29,-0.41,0.16
2024-03-25 17:2:40.0460,0.12,-0.47,0.29,-0.2,-0.41,0.06
2024-03-25 17:2:40.0560,0.27,-0.25,0.38,-0.15,-0.35,-0.07
2024-03-25 17:2:40.0660,0.45,-0.11,0.18,-0.09,-0.28,-0.24
2024-03-25 17:2:40.0760,0.48,0.04,0.18,-0.03,-0.18,-0.38
2024-03-25 17:2:40.0860,0.5,0.44,0.59,0.06,-0.0,-0.46
2024-03-25 17:2:40.0960,0.19,0.88,1.0,0.23,0.24,-0.5
2024-03-25 17:2:40.1060,-0.21,1.39,1.6,0.41,0.51,-0.5
2024-03-25 17:2:40.1160,-0.39,1.92,2.34,0.47,0.65,-0.48
2024-03-25 17:2:40.1260,-0.61,2.35,2.83,0.39,0.62,-0.44
2024-03-25 17:2:40.1360,-1.02,2.77,2.75,0.26,0.53,-0.39
2024-03-25 17:2:40.1460,-1.42,3.11,2.66,0.21,0.49,-0.28
2024-03-25 17:2:40.1560,-1.77,3.16,3.09,0.24,0.5,-0.14
2024-03-25 17:2:40.1660,-2.12,2.97,3.86,0.32,0.53,-0.0
2024-03-25 17:2:40.1760,-2.29,2.65,4.46,0.4,0.51,0.08
2024-03-25 17:2:40.1860,-2.18,2.12,4.58,0.43,0.43,0.12
2024-03-25 17:2:40.1960,-1.86,1.64,4.33,0.45,0.35,0.11
2024-03-25 17:2:40.2060,-1.5,1.22,3.78,0.46,0.26,0.08
2024-03-25 17:2:40.2160,-1.1,1.1,3.25,0.43,0.17,0.02
2024-03-25 17:2:40.2260,-0.79,1.13,2.8,0.31,0.15,0.03
2024-03-25 17:2:40.2360,-0.64,1.16,2.16,0.2,0.23,0.19
2024-03-25 17:2:40.2460,-0.85,0.91,1.55,0.31,0.2,0.36
2024-03-25 17:2:40.2560,-1.21,0.09,2.02,0.42,0.0,0.4
2024-03-25 17:2:40.2660,-0.7,-0.94,3.08,0.33,-0.31,0.33
2024-03-25 17:2:40.2760,0.43,-1.91,2.37,-0.0,-0.53,0.31
2024-03-25 17:2:40.2860,1.27,-2.56,0.53,-0.4,-0.59,0.38
2024-03-25 17:2:40.2960,1.62,-2.98,-1.1,-0.71,-0.46,0.49
2024-03-25 17:2:40.3060,1.82,-3.28,-1.61,-0.85,-0.11,0.6
2024-03-25 17:2:40.3160,1.96,-3.8,-1.11,-0.77,0.27,0.59
2024-03-25 17:2:40.3260,2.09,-4.72,-0.02,-0.58,0.49,0.5
2024-03-25 17:2:40.3360,2.24,-5.28,1.06,-0.42,0.47,0.34
2024-03-25 17:2:40.3460,1.85,-5.69,1.54,-0.36,0.26,0.14
2024-03-25 17:2:40.3560,1.26,-5.58,1.23,-0.35,-0.01,-0.06
2024-03-25 17:2:40.3660,0.64,-5.08,0.48,-0.38,-0.27,-0.19
2024-03-25 17:2:40.3760,-0.01,-4.18,-0.24,-0.4,-0.44,-0.21
2024-03-25 17:2:40.3860,-0.82,-3.01,-1.07,-0.35,-0.42,-0.12
2024-03-25 17:2:40.3960,-1.45,-1.74,-1.67,-0.3,-0.31,0.04
2024-03-25 17:2:40.4060,-1.97,-0.65,-1.94,-0.21,-0.18,0.21
2024-03-25 17:2:40.4160,-2.23,0.28,-2.43,-0.13,-0.05,0.38
2024-03-25 17:2:40.4260,-2.28,0.94,-2.79,-0.04,0.05,0.51
2024-03-25 17:2:40.4360,-2.18,1.28,-3.07,0.03,0.06,0.63
2024-03-25 17:2:40.4460,-1.96,1.35,-3.22,0.1,0.07,0.74
2024-03-25 17:2:40.4560,-1.82,1.16,-3.44,0.13,0.07,0.82
2024-03-25 17:2:40.4660,-1.67,0.84,-3.65,0.1,0.07,0.93
2024-03-25 17:2:40.4760,-1.52,0.46,-4.0,0.08,0.09,1.01
2024-03-25 17:2:40.4860,-1.43,0.03,-4.32,0.09,0.09,1.04
2024-03-25 17:2:40.4960,-1.1,-0.41,-4.27,0.11,0.13,1.03
2024-03-25 17:2:40.5060,-0.63,-0.72,-4.12,0.09,0.21,0.98
2024-03-25 17:2:40.5160,-0.22,-0.93,-4.06,0.02,0.3,0.91
2024-03-25 17:2:40.5260,0.05,-1.04,-4.05,-0.08,0.43,0.89
2024-03-25 17:2:40.5360,0.25,-1.0,-3.85,-0.16,0.54,0.91
2024-03-25 17:2:40.5460,0.17,-0.91,-3.26,-0.18,0.56,0.93
2024-03-25 17:2:40.5560,0.0,-0.83,-2.18,-0.15,0.47,0.96
2024-03-25 17:2:40.5660,-0.21,-0.75,-0.78,-0.09,0.26,0.94
2024-03-25 17:2:40.5760,-0.38,-0.66,0.4,-0.0,-0.09,0.77
2024-03-25 17:2:40.5860,-0.14,-0.42,1.11,0.1,-0.39,0.54
2024-03-25 17:2:40.5960,0.39,-0.24,1.28,0.17,-0.51,0.34
2024-03-25 17:2:40.6060,0.94,0.16,1.14,0.24,-0.49,0.17
2024-03-25 17:2:40.6160,1.27,0.72,0.75,0.26,-0.32,0.1
2024-03-25 17:2:40.6260,1.38,1.44,0.42,0.25,-0.06,0.11
2024-03-25 17:2:40.6360,1.24,2.15,0.1,0.21,0.15,0.18
2024-03-25 17:2:40.6460,1.07,2.75,-0.05,0.18,0.24,0.27
2024-03-25 17:2:40.6560,0.79,3.17,0.11,0.18,0.17,0.28
2024-03-25 17:2:40.6660,0.64,3.26,0.53,0.24,-0.02,0.21
2024-03-25 17:2:40.6760,0.71,3.04,1.06,0.3,-0.26,0.04
2024-03-25 17:2:40.6860,1.02,2.77,1.48,0.33,-0.46,-0.17
2024-03-25 17:2:40.6960,1.59,2.62,1.41,0.27,-0.55,-0.31
2024-03-25 17:2:40.7060,2.28,2.89,-0.09,0.13,-0.45,-0.37
2024-03-25 17:2:40.7160,2.28,2.89,-0.09,-0.03,-0.11,-0.28
2024-03-25 17:2:40.7260,2.26,3.02,-0.67,-0.04,0.24,-0.17
2024-03-25 17:2:40.7360,1.91,2.74,-0.26,0.08,0.47,-0.13
2024-03-25 17:2:40.7460,1.8,1.3916355711221695,2.41,0.31,0.51,-0.24
2024-03-25 17:2:40.7560,1.81,1.39,2.41,0.59,0.33,-0.51
2024-03-25 17:2:40.7660,2.06,0.41,3.33,0.81,-0.12,-0.89
2024-03-25 17:2:40.7760,2.38,-0.12,3.69,0.85,-0.64,-1.23
2024-03-25 17:2:40.7860,2.32,0.13,3.09,0.74,-1.07,-1.37
2024-03-25 17:2:40.7960,2.08,1.05,1.93,0.6,-1.26,-1.22
2024-03-25 17:2:40.8060,1.49,2.02,1.18,0.52,-1.07,-0.77
2024-03-25 17:2:40.8160,0.39,2.39,1.59,0.43,-0.71,-0.19
2024-03-25 17:2:40.8260,-0.63,1.81,2.81,0.38,-0.53,0.23
2024-03-25 17:2:40.8360,-0.67,0.73,3.86,0.32,-0.6,0.41
2024-03-25 17:2:40.8460,0.21,-0.26,4.72,0.19,-0.82,0.4
2024-03-25 17:2:40.8560,1.06,-1.42,5.06,0.03,-1.08,0.26
2024-03-25 17:2:40.8660,1.73,-2.55,4.76,-0.04,-1.24,0.04
2024-03-25 17:2:40.8760,2.31,-3.56,4.47,-0.0,-1.29,-0.15
2024-03-25 17:2:40.8850,2.53,-4.31,4.53,0.09,-1.21,-0.33
2024-03-25 17:2:40.8950,2.6,-4.53,4.52,0.18,-1.02,-0.49
2024-03-25 17:2:40.9060,2.48,-4.6,3.9,0.22,-0.77,-0.59
2024-03-25 17:2:40.9150,2.23,-4.36,2.87,0.2,-0.54,-0.61
2024-03-25 17:2:40.9260,1.68,-3.93,1.63,0.09,-0.34,-0.6
2024-03-25 17:2:40.9350,1.03,-3.39,0.28,-0.14,-0.19,-0.55
2024-03-25 17:2:40.9460,0.47,-2.96,-1.18,-0.42,-0.11,-0.49
2024-03-25 17:2:40.9550,0.02,-2.62,-2.48,-0.67,-0.09,-0.43
2024-03-25 17:2:40.9660,-0.43,-2.4,-3.27,-0.86,-0.06,-0.4
2024-03-25 17:2:40.9760,-0.61,-2.14,-3.51,-0.93,-0.04,-0.4
2024-03-25 17:2:40.9860,-0.61,-1.92,-3.43,-0.9,0.02,-0.42
2024-03-25 17:2:40.9950,-0.52,-1.7,-3.01,-0.79,0.15,-0.45
2024-03-25 17:2:41.0060,-0.38,-1.56,-2.69,-0.68,0.33,-0.47
2024-03-25 17:2:41.0150,-0.24,-1.43,-2.47,-0.58,0.49,-0.48
2024-03-25 17:2:41.0250,-0.15,-1.25,-2.45,-0.5,0.62,-0.5
2024-03-25 17:2:41.0350,0.08,-0.77,-2.73,-0.43,0.7,-0.53
2024-03-25 17:2:41.0450,0.08,-0.77,-2.73,-0.37,0.72,-0.55
2024-03-25 17:2:41.0550,0.17,-0.53,-2.96,-0.36,0.68,-0.53
2024-03-25 17:2:41.0650,0.14,-0.26,-3.27,-0.39,0.59,-0.47
2024-03-25 17:2:41.0750,-0.06,-0.05,-3.55,-0.39,0.54,-0.39
2024-03-25 17:2:41.0850,-0.31,-0.04,-3.51,-0.28,0.61,-0.29
2024-03-25 17:2:41.0950,-0.27,-0.29,-3.03,-0.07,0.79,-0.25
2024-03-25 17:2:41.1050,0.05,-0.7,-2.1,0.17,0.93,-0.36
2024-03-25 17:2:41.1150,0.76,-1.27,-1.03,0.31,0.94,-0.55
2024-03-25 17:2:41.1250,1.63,-1.68,-0.51,0.3,0.78,-0.74
2024-03-25 17:2:41.1350,1.84,-1.68,-0.54,0.17,0.46,-0.87
2024-03-25 17:2:41.1450,1.52,-1.41,-0.72,0.03,0.12,-0.92
2024-03-25 17:2:41.1550,0.82,-0.88,-0.76,0.04,-0.17,-0.87
2024-03-25 17:2:41.1650,0.07,-0.37,-0.36,0.16,-0.34,-0.76
2024-03-25 17:2:41.1750,-0.41,0.22,0.48,0.27,-0.36,-0.69
2024-03-25 17:2:41.1850,-0.49,0.77,0.8,0.28,-0.3,-0.62
2024-03-25 17:2:41.1950,-0.34,1.21,0.32,0.18,-0.21,-0.54
2024-03-25 17:2:41.2050,-0.35,1.63,-0.5,0.02,-0.09,-0.39
2024-03-25 17:2:41.2150,-0.58,2.07,-1.16,-0.08,-0.02,-0.19
2024-03-25 17:2:41.2250,-1.07,2.32,-1.2,-0.09,-0.04,-0.05
2024-03-25 17:2:41.2350,-1.43,2.36,-0.46,-0.08,-0.11,-0.02
2024-03-25 17:2:41.2450,-1.3,2.12,0.17,-0.08,-0.14,-0.07
2024-03-25 17:2:41.2550,-0.83,1.67,0.29,-0.09,-0.08,-0.13
2024-03-25 17:2:41.2650,-0.55,1.31,0.13,-0.07,0.12,-0.18
2024-03-25 17:2:41.2750,-0.54,1.11,0.02,-0.05,0.42,-0.16
2024-03-25 17:2:41.2850,-0.64,1.04,0.11,0.02,0.7,-0.05
2024-03-25 17:2:41.2950,-1.1,1.06,0.47,0.12,0.78,0.04
2024-03-25 17:2:41.3050,-1.58,1.14,1.25,0.23,0.64,0.06
2024-03-25 17:2:41.3150,-1.76,1.11,1.89,0.36,0.34,-0.01
2024-03-25 17:2:41.3250,-1.57,0.89,2.13,0.47,0.08,-0.09
2024-03-25 17:2:41.3350,-1.22,0.83,2.13,0.47,-0.05,-0.06
2024-03-25 17:2:41.3450,-1.17,0.8,1.43,0.42,-0.02,0.14
2024-03-25 17:2:41.3550,-1.56,0.52,0.6,0.33,0.14,0.46
2024-03-25 17:2:41.3650,-1.89,0.04,0.41,0.4,0.17,0.63
2024-03-25 17:2:41.3750,-1.58,-0.94,0.81,0.56,0.06,0.53
2024-03-25 17:2:41.3850,-0.24,-2.03,2.33,0.56,-0.03,0.33
2024-03-25 17:2:41.3950,1.43,-2.86,3.29,0.4,0.04,0.1
2024-03-25 17:2:41.4050,2.62,-3.48,3.24,0.23,0.25,-0.02
2024-03-25 17:2:41.4150,3.17,-3.85,3.31,0.24,0.57,0.01
2024-03-25 17:2:41.4250,2.67,-4.2,4.4,0.42,0.76,0.05
2024-03-25 17:2:41.4350,1.79,-4.62,6.19,0.61,0.65,-0.05
2024-03-25 17:2:41.4450,1.08,-5.12,7.35,0.72,0.3,-0.27
2024-03-25 17:2:41.4550,0.79,-5.58,6.95,0.69,-0.11,-0.51
2024-03-25 17:2:41.4650,0.47,-5.66,5.58,0.62,-0.39,-0.66
2024-03-25 17:2:41.4750,0.09,-5.22,3.76,0.57,-0.5,-0.7
2024-03-25 17:2:41.4850,-0.45,-4.51,2.1,0.58,-0.49,-0.71
2024-03-25 17:2:41.4950,-0.95,-3.72,0.85,0.55,-0.39,-0.66
2024-03-25 17:2:41.5050,-1.18,-3.01,-0.36,0.49,-0.3,-0.57
2024-03-25 17:2:41.5150,-1.44,-2.23,-1.64,0.38,-0.21,-0.43
2024-03-25 17:2:41.5250,-1.78,-1.47,-2.74,0.21,-0.15,-0.24
2024-03-25 17:2:41.5350,-2.16,-0.75,-3.67,0.01,-0.14,-0.03
2024-03-25 17:2:41.5450,-2.54,-0.27,-4.43,-0.19,-0.17,0.19
2024-03-25 17:2:41.5550,-2.77,0.11,-4.86,-0.38,-0.22,0.43
2024-03-25 17:2:41.5650,-2.95,0.33,-5.04,-0.54,-0.3,0.68
2024-03-25 17:2:41.5750,-3.08,0.47,-5.07,-0.65,-0.36,0.9
2024-03-25 17:2:41.5850,-3.14,0.4,-4.89,-0.7,-0.39,1.06
2024-03-25 17:2:41.5950,-2.95,0.15,-4.6,-0.69,-0.36,1.13
2024-03-25 17:2:41.6050,-2.4,-0.24,-4.25,-0.65,-0.24,1.12
2024-03-25 17:2:41.6150,-1.69,-0.64,-3.91,-0.61,-0.03,1.09
2024-03-25 17:2:41.6250,-1.01,-0.93,-3.76,-0.55,0.15,1.02
2024-03-25 17:2:41.6350,-0.48,-1.05,-3.64,-0.51,0.29,0.94
2024-03-25 17:2:41.6450,-0.11,-0.98,-3.47,-0.5,0.4,0.91
2024-03-25 17:2:41.6550,-0.04,-0.8,-3.43,-0.43,0.51,0.88
2024-03-25 17:2:41.6650,-0.04,-0.76,-3.14,-0.25,0.57,0.79
2024-03-25 17:2:41.6750,0.24,-0.95,-2.3,-0.05,0.51,0.66
2024-03-25 17:2:41.6850,0.58,-1.12,-1.28,0.04,0.41,0.51
2024-03-25 17:2:41.6950,0.9,-1.14,-0.9,0.05,0.24,0.4
2024-03-25 17:2:41.7050,1.0,-1.02,-1.12,0.01,0.1,0.32
2024-03-25 17:2:41.7150,0.8,-0.59,-1.34,-0.05,0.05,0.3
2024-03-25 17:2:41.7250,0.63,-0.05,-1.56,-0.07,0.06,0.29
2024-03-25 17:2:41.7350,0.49,0.41,-1.64,-0.07,0.11,0.28
2024-03-25 17:2:41.7450,0.37,1.15,-1.37,-0.1,0.14,0.29
2024-03-25 17:2:41.7550,0.37,1.15,-1.37,-0.16,0.14,0.31
2024-03-25 17:2:41.7650,0.21,1.51,-1.46,-0.23,0.13,0.34
2024-03-25 17:2:41.7750,0.01,1.77,-1.51,-0.24,0.11,0.33
2024-03-25 17:2:41.7850,-0.17,1.88,-1.17,-0.25,0.06,0.32
2024-03-25 17:2:41.7950,-0.28,1.99,-0.53,-0.25,0.02,0.29
2024-03-25 17:2:41.8050,-0.37,2.2,-0.12,-0.22,-0.04,0.27
2024-03-25 17:2:41.8150,-0.4,2.45,0.27,-0.19,-0.08,0.23
2024-03-25 17:2:41.8250,-0.47,2.72,0.71,-0.17,-0.06,0.22
2024-03-25 17:2:41.8350,-0.4,3.05,0.97,-0.16,0.01,0.25
2024-03-25 17:2:41.8450,-0.43,3.34,1.26,-0.14,0.1,0.28
2024-03-25 17:2:41.8550,-0.45,3.64,1.65,-0.16,0.18,0.31
2024-03-25 17:2:41.8650,-0.41,3.69,2.55,-0.18,0.23,0.3
2024-03-25 17:2:41.8750,-0.41,3.69,2.55,-0.16,0.22,0.24
2024-03-25 17:2:41.8850,-0.37,3.37,3.28,-0.08,0.14,0.13
2024-03-25 17:2:41.8950,-0.22,2.92,4.17,0.01,0.03,0.0
2024-03-25 17:2:41.9050,-0.13,2.5,4.91,0.12,-0.1,-0.11
2024-03-25 17:2:41.9150,-0.16,2.04,5.31,0.29,-0.23,-0.21
2024-03-25 17:2:41.9250,-0.33,1.58,5.6,0.57,-0.3,-0.34
2024-03-25 17:2:41.9350,-0.39,1.15,5.82,0.93,-0.28,-0.5
2024-03-25 17:2:41.9450,-0.07,0.77,5.68,1.14,-0.24,-0.69
2024-03-25 17:2:41.9550,0.36,0.5,4.94,1.17,-0.26,-0.88
2024-03-25 17:2:41.9650,0.59,0.52,3.3,1.07,-0.29,-1.04
2024-03-25 17:2:41.9750,0.75,1.01,1.72,0.94,-0.17,-1.01
2024-03-25 17:2:41.9850,0.67,1.73,0.65,0.92,0.15,-0.73
2024-03-25 17:2:41.9950,0.07,2.23,0.46,0.98,0.52,-0.43
2024-03-25 17:2:42.0050,-0.57,1.9,1.2,0.96,0.66,-0.21
2024-03-25 17:2:42.0150,-0.69,0.44,1.85,0.89,0.46,-0.15
2024-03-25 17:2:42.0250,-0.29,-1.2,1.8,0.79,-0.09,-0.24
2024-03-25 17:2:42.0350,0.27,-2.2,1.74,0.57,-0.68,-0.29
2024-03-25 17:2:42.0450,0.51,-2.55,1.35,0.33,-0.96,-0.22
2024-03-25 17:2:42.0550,0.48,-2.5,0.71,0.21,-0.94,-0.1
2024-03-25 17:2:42.0650,0.68,-2.37,0.51,0.15,-0.67,0.03
2024-03-25 17:2:42.0750,1.05,-2.17,0.8,0.08,-0.25,0.19
2024-03-25 17:2:42.0850,1.22,-2.14,0.86,-0.02,0.18,0.29
2024-03-25 17:2:42.0950,1.24,-2.19,0.62,-0.11,0.43,0.32
2024-03-25 17:2:42.1050,1.21,-2.51,0.46,-0.21,0.42,0.3
2024-03-25 17:2:42.1150,0.76,-2.91,0.46,-0.31,0.2,0.27
2024-03-25 17:2:42.1250,0.07,-3.18,0.34,-0.44,-0.15,0.24
2024-03-25 17:2:42.1350,-0.56,-3.12,-0.12,-0.55,-0.54,0.2
2024-03-25 17:2:42.1450,-1.03,-2.87,-0.96,-0.65,-0.77,0.15
2024-03-25 17:2:42.1550,-1.12,-2.5,-1.89,-0.72,-0.86,0.12
2024-03-25 17:2:42.1650,-0.84,-1.87,-2.71,-0.74,-0.74,0.12
2024-03-25 17:2:42.1750,-0.64,-1.23,-3.47,-0.7,-0.46,0.13
2024-03-25 17:2:42.1850,-0.43,-0.72,-3.85,-0.59,-0.12,0.12
2024-03-25 17:2:42.1950,-0.21,-0.41,-3.95,-0.48,0.24,0.15
2024-03-25 17:2:42.2050,-0.05,-0.18,-3.93,-0.36,0.46,0.14
2024-03-25 17:2:42.2150,-0.03,0.02,-3.83,-0.31,0.49,0.13
2024-03-25 17:2:42.2250,-0.19,0.05,-3.91,-0.35,0.36,0.13
2024-03-25 17:2:42.2350,-0.52,0.16,-4.14,-0.43,0.17,0.14
2024-03-25 17:2:42.2450,-0.79,0.13,-4.35,-0.51,-0.01,0.2
2024-03-25 17:2:42.2540,-0.9,0.13,-4.3,-0.58,-0.13,0.33
2024-03-25 17:2:42.2640,-1.15,0.12,-4.05,-0.58,-0.1,0.49
2024-03-25 17:2:42.2750,-1.26,-0.03,-3.65,-0.46,0.11,0.63
2024-03-25 17:2:42.2850,-0.99,-0.37,-2.8,-0.27,0.3,0.69
2024-03-25 17:2:42.2950,-0.34,-0.7,-1.77,-0.18,0.38,0.67
2024-03-25 17:2:42.3050,0.33,-0.94,-1.37,-0.2,0.31,0.62
2024-03-25 17:2:42.3150,0.74,-1.03,-1.64,-0.31,0.15,0.57
2024-03-25 17:2:42.3250,0.78,-0.94,-1.86,-0.4,-0.07,0.55
2024-03-25 17:2:42.3350,0.63,-0.79,-1.68,-0.41,-0.27,0.53
2024-03-25 17:2:42.3450,0.42,-0.65,-1.14,-0.33,-0.39,0.44
2024-03-25 17:2:42.3550,0.52,-0.49,-0.43,-0.18,-0.39,0.28
2024-03-25 17:2:42.3650,1.65,0.33,0.44,-0.01,-0.27,0.09
2024-03-25 17:2:42.3750,1.65,0.33,0.44,0.14,-0.1,-0.09
2024-03-25 17:2:42.3850,1.96,0.9,0.41,0.19,0.06,-0.15
2024-03-25 17:2:42.3950,1.97,1.71,0.16,0.15,0.16,-0.09
2024-03-25 17:2:42.4040,1.38,2.55,-0.2,0.04,0.2,0.05
2024-03-25 17:2:42.4140,0.73,3.16,-0.48,-0.07,0.16,0.19
2024-03-25 17:2:42.4240,0.18,3.37,-0.43,-0.18,0.15,0.3
2024-03-25 17:2:42.4340,0.06,3.32,-0.03,-0.18,0.19,0.3
2024-03-25 17:2:42.4440,0.26,2.89,0.56,-0.03,0.24,0.13
2024-03-25 17:2:42.4550,0.74,2.1,1.7,0.13,0.32,-0.14
2024-03-25 17:2:42.4640,1.51,1.37,2.82,0.26,0.41,-0.39
2024-03-25 17:2:42.4750,1.9,0.86,3.22,0.37,0.43,-0.58
2024-03-25 17:2:42.4840,1.69,0.8,3.29,0.45,0.32,-0.7
2024-03-25 17:2:42.4940,0.94,1.04,3.31,0.4,0.09,-0.7
2024-03-25 17:2:42.5040,0.15,1.67,2.98,0.19,-0.12,-0.51
2024-03-25 17:2:42.5140,-0.66,2.23,1.88,-0.04,-0.24,-0.17
2024-03-25 17:2:42.5240,-1.52,2.46,0.95,-0.12,-0.28,0.11
2024-03-25 17:2:42.5340,-1.8,2.02,1.04,-0.01,-0.27,0.17
2024-03-25 17:2:42.5440,-0.98,0.95,1.78,0.1,-0.22,0.07
2024-03-25 17:2:42.5540,-0.01,-0.4,2.59,-0.01,-0.02,-0.08
2024-03-25 17:2:42.5640,0.68,-1.42,2.7,-0.32,0.28,-0.1
2024-03-25 17:2:42.5750,0.76,-2.15,2.21,-0.51,0.52,0.04
2024-03-25 17:2:42.5840,-0.01,-2.57,2.69,-0.43,0.55,0.21
2024-03-25 17:2:42.5940,-1.33,-3.18,4.78,-0.25,0.35,0.33
2024-03-25 17:2:42.6040,-2.4,-3.82,6.94,-0.1,-0.0,0.39
2024-03-25 17:2:42.6140,-3.07,-4.43,7.36,-0.04,-0.31,0.44
2024-03-25 17:2:42.6240,-3.14,-4.47,6.49,-0.02,-0.46,0.51
2024-03-25 17:2:42.6340,-3.04,-4.25,5.15,-0.0,-0.43,0.58
2024-03-25 17:2:42.6440,-2.85,-4.12,3.76,-0.01,-0.27,0.67
2024-03-25 17:2:42.6540,-2.59,-3.99,1.143173344731331,-0.09,-0.08,0.77
2024-03-25 17:2:42.6640,-2.46,-3.78,1.14,-0.23,0.06,0.85
2024-03-25 17:2:42.6740,-2.43,-3.5,-0.15,-0.39,0.17,0.88
2024-03-25 17:2:42.6840,-2.43,-3.16,-1.23,-0.52,0.26,0.82
2024-03-25 17:2:42.6940,-2.14,-2.73,-1.96,-0.56,0.35,0.74
2024-03-25 17:2:42.7040,-1.8,-2.16,-2.29,-0.48,0.42,0.65
2024-03-25 17:2:42.7140,-1.68,-1.66,-2.09,-0.33,0.47,0.55
2024-03-25 17:2:42.7240,-1.56,-1.21,-1.6,-0.2,0.52,0.49
2024-03-25 17:2:42.7340,-1.4,-0.77,-1.5,-0.14,0.57,0.5
2024-03-25 17:2:42.7440,-1.5,0.31,-2.31,-0.16,0.64,0.6
2024-03-25 17:2:42.7540,-1.5,0.31,-2.31,-0.22,0.7,0.75
2024-03-25 17:2:42.7640,-1.57,0.76,-2.76,-0.28,0.72,0.87
2024-03-25 17:2:42.7740,-1.42,1.01,-2.9,-0.3,0.68,0.97
2024-03-25 17:2:42.7840,-1.01,1.01,-2.71,-0.31,0.58,1.01
2024-03-25 17:2:42.7940,-0.62,0.82,-2.53,-0.29,0.44,1.05
2024-03-25 17:2:42.8040,-0.38,0.43,-2.33,-0.28,0.32,1.1
2024-03-25 17:2:42.8140,-0.36,0.15,-1.98,-0.32,0.28,1.16
2024-03-25 17:2:42.8240,-0.33,-0.08,-1.81,-0.38,0.38,1.22
2024-03-25 17:2:42.8340,-0.1,-0.39,-1.84,-0.43,0.53,1.27
2024-03-25 17:2:42.8440,0.1,-0.7,-1.72,-0.44,0.63,1.25
2024-03-25 17:2:42.8540,0.48,-0.91,-1.53,-0.42,0.68,1.2
2024-03-25 17:2:42.8640,0.84,-1.17,-1.53,-0.32,0.62,1.12
2024-03-25 17:2:42.8740,1.09,-1.44,-1.54,0.01,0.36,1.03
2024-03-25 17:2:42.8840,1.08,-1.89,-1.2,0.45,-0.01,0.9
2024-03-25 17:2:42.8940,0.84,-2.12,-0.15,0.71,-0.28,0.74
2024-03-25 17:2:42.9040,0.92,-2.01,-0.12,0.69,-0.4,0.56
2024-03-25 17:2:42.9140,1.26,-1.72,-1.69,0.47,-0.32,0.41
2024-03-25 17:2:42.9240,1.72,-0.99,-3.72,0.27,-0.06,0.35
2024-03-25 17:2:42.9340,1.83,-0.29,-4.78,0.19,0.26,0.31
2024-03-25 17:2:42.9440,1.87,0.62,-4.36,0.17,0.57,0.28
2024-03-25 17:2:42.9540,1.9,1.21,-3.45,0.13,0.76,0.21
2024-03-25 17:2:42.9640,1.74,1.44,-2.79,0.12,0.83,0.16
2024-03-25 17:2:42.9740,1.63,1.65,-2.4,0.23,0.65,0.14
2024-03-25 17:2:42.9840,1.01,1.66,-1.32,0.33,0.33,0.05
2024-03-25 17:2:42.9940,0.41,1.75,0.03,0.25,0.04,-0.04
2024-03-25 17:2:43.0040,0.34,1.83,0.13,0.07,-0.19,-0.06
2024-03-25 17:2:43.0140,0.32,2.06,-0.59,-0.12,-0.32,-0.05
2024-03-25 17:2:43.0240,0.17,2.39,-0.86,-0.27,-0.32,0.01
2024-03-25 17:2:43.0340,0.22,2.65,-0.72,-0.28,-0.25,0.07
2024-03-25 17:2:43.0440,0.39,2.65,-0.25,-0.15,-0.16,0.03
2024-03-25 17:2:43.0540,0.74,2.39,0.74,0.01,-0.07,-0.08
2024-03-25 17:2:43.0640,1.33,2.0,1.58,0.14,0.03,-0.22
2024-03-25 17:2:43.0740,1.76,1.55,1.87,0.28,0.09,-0.42
2024-03-25 17:2:43.0840,1.89,0.91,2.1,0.39,0.06,-0.61
2024-03-25 17:2:43.0940,1.94,0.55,2.62,0.47,-0.06,-0.73
2024-03-25 17:2:43.1040,1.7,0.43,2.94,0.57,-0.31,-0.82
2024-03-25 17:2:43.1140,1.1,0.48,3.24,0.67,-0.63,-0.93
2024-03-25 17:2:43.1240,0.85,0.86,3.45,0.74,-0.88,-1.03
2024-03-25 17:2:43.1340,0.97,1.2,3.28,0.8,-0.96,-1.08
2024-03-25 17:2:43.1440,1.33,1.58,2.9,0.79,-0.75,-1.02
2024-03-25 17:2:43.1540,1.64,2.04,2.45,0.71,-0.28,-0.79
2024-03-25 17:2:43.1640,1.58,2.05,1.87,0.62,0.24,-0.38
2024-03-25 17:2:43.1740,0.93,1.38,1.7,0.54,0.43,-0.09
2024-03-25 17:2:43.1840,0.23,0.35,2.16,0.4,0.29,0.02
2024-03-25 17:2:43.1940,0.57,-0.56,2.47,0.2,0.0,0.05
2024-03-25 17:2:43.2040,1.19,-1.36,2.32,-0.03,-0.25,0.03
2024-03-25 17:2:43.2140,1.61,-2.0,2.1,-0.19,-0.32,0.03
2024-03-25 17:2:43.2240,2.06,-2.55,2.09,-0.25,-0.21,0.0
2024-03-25 17:2:43.2340,2.32,-3.15,2.46,-0.24,-0.01,-0.09
2024-03-25 17:2:43.2440,2.43,-3.78,2.9,-0.23,0.17,-0.25
2024-03-25 17:2:43.2540,2.48,-4.25,3.05,-0.23,0.27,-0.42
2024-03-25 17:2:43.2640,2.28,-4.38,2.89,-0.23,0.23,-0.56
2024-03-25 17:2:43.2740,1.72,-4.16,2.59,-0.26,0.12,-0.65
2024-03-25 17:2:43.2840,0.99,-3.74,2.17,-0.34,-0.02,-0.71
2024-03-25 17:2:43.2940,0.39,-3.22,1.35,-0.43,-0.14,-0.75
2024-03-25 17:2:43.3040,0.02,-2.71,0.34,-0.52,-0.23,-0.77
2024-03-25 17:2:43.3140,-0.17,-2.17,-0.54,-0.6,-0.23,-0.76
2024-03-25 17:2:43.3240,-0.13,-1.58,-1.32,-0.64,-0.14,-0.73
2024-03-25 17:2:43.3340,0.01,-0.94,-1.87,-0.65,0.04,-0.64
2024-03-25 17:2:43.3440,0.12,-0.46,-2.21,-0.61,0.25,-0.52
2024-03-25 17:2:43.3540,0.12,-0.19,-2.32,-0.5,0.45,-0.4
2024-03-25 17:2:43.3640,0.01,-0.1,-2.05,-0.36,0.58,-0.31
2024-03-25 17:2:43.3740,0.0,-0.1,-1.69,-0.23,0.61,-0.25
2024-03-25 17:2:43.3840,0.0,-0.22,-1.28,-0.1,0.49,-0.25
2024-03-25 17:2:43.3940,0.06,-0.29,-1.04,0.0,0.23,-0.32
2024-03-25 17:2:43.4040,0.19,-0.33,-0.94,0.07,-0.11,-0.43
2024-03-25 17:2:43.4140,0.4,-0.35,-1.12,0.09,-0.44,-0.52
2024-03-25 17:2:43.4240,0.53,-0.25,-1.7,0.04,-0.61,-0.54
2024-03-25 17:2:43.4340,0.55,0.02,-2.55,-0.01,-0.56,-0.46
2024-03-25 17:2:43.4440,0.51,0.25,-3.36,-0.03,-0.35,-0.34
2024-03-25 17:2:43.4540,0.33,0.27,-3.66,-0.02,-0.06,-0.2
2024-03-25 17:2:43.4640,0.33,0.23,-3.59,0.01,0.18,-0.15
2024-03-25 17:2:43.4740,0.44,-0.01,-3.37,0.05,0.33,-0.16
2024-03-25 17:2:43.4840,0.74,-0.35,-2.87,0.11,0.34,-0.24
2024-03-25 17:2:43.4940,0.95,-0.77,-2.06,0.15,0.17,-0.38
2024-03-25 17:2:43.5040,1.07,-1.05,-1.21,0.13,-0.08,-0.52
2024-03-25 17:2:43.5140,1.01,-1.11,-0.7,0.08,-0.32,-0.6
2024-03-25 17:2:43.5240,0.73,-0.98,-0.56,0.02,-0.44,-0.6
2024-03-25 17:2:43.5340,0.4,-0.6,-0.55,-0.05,-0.44,-0.56
2024-03-25 17:2:43.5440,0.27,-0.16,-0.59,-0.11,-0.34,-0.52
2024-03-25 17:2:43.5540,0.31,0.2,-0.61,-0.16,-0.19,-0.48
2024-03-25 17:2:43.5640,0.5,0.58,-0.56,-0.18,-0.03,-0.46
2024-03-25 17:2:43.5740,0.81,1.0,-0.38,-0.17,0.12,-0.47
2024-03-25 17:2:43.5840,1.01,1.33,0.03,-0.13,0.22,-0.47
2024-03-25 17:2:43.5940,1.02,1.48,0.62,-0.11,0.27,-0.45
2024-03-25 17:2:43.6040,0.76,1.68,1.19,-0.1,0.3,-0.4
2024-03-25 17:2:43.6140,0.41,1.83,1.63,-0.08,0.32,-0.35
2024-03-25 17:2:43.6240,0.03,1.86,2.04,-0.07,0.28,-0.31
2024-03-25 17:2:43.6340,-0.31,1.82,2.39,-0.04,0.21,-0.26
2024-03-25 17:2:43.6440,-0.56,1.82,2.59,0.01,0.08,-0.2
2024-03-25 17:2:43.6540,-0.91,1.87,2.84,0.03,-0.05,-0.12
2024-03-25 17:2:43.6630,-1.24,1.94,2.97,0.05,-0.14,-0.01
2024-03-25 17:2:43.6740,-1.43,1.98,2.98,0.13,-0.22,0.05
2024-03-25 17:2:43.6830,-1.51,1.85,3.16,0.27,-0.29,0.03
2024-03-25 17:2:43.6930,-1.14,1.71,3.58,0.41,-0.32,-0.03
2024-03-25 17:2:43.7030,-0.72,1.45,3.6,0.54,-0.3,-0.11
2024-03-25 17:2:43.7140,-0.45,1.11,3.28,0.68,-0.21,-0.17
2024-03-25 17:2:43.7230,-0.36,0.55,2.56,0.85,-0.09,-0.2
2024-03-25 17:2:43.7340,-0.62,0.18,2.3,1.03,0.01,-0.17
2024-03-25 17:2:43.7430,-0.62,0.18,2.3,1.16,0.01,-0.04
2024-03-25 17:2:43.7540,-1.11,-0.45,1.97,1.17,-0.11,0.1
2024-03-25 17:2:43.7630,-1.69659213334322,-1.9,0.49,1.02,-0.27,0.21
2024-03-25 17:2:43.7740,-1.7,-1.9,0.49,0.76,-0.38,0.32
2024-03-25 17:2:43.7830,-1.54,-2.51,-0.55,0.49,-0.39,0.44
2024-03-25 17:2:43.7930,-1.41,-3.05,-1.03,0.31,-0.29,0.55
2024-03-25 17:2:43.8030,-1.32,-3.58,-0.91,0.23,-0.08,0.62
2024-03-25 17:2:43.8130,-1.18,-4.16,-0.53,0.22,0.09,0.62
2024-03-25 17:2:43.8230,-1.11,-4.83,0.0,0.17,0.14,0.53
2024-03-25 17:2:43.8330,-1.03,-5.16,0.18,0.04,0.09,0.4
2024-03-25 17:2:43.8430,-1.02,-5.17,-0.29,-0.11,-0.01,0.24
2024-03-25 17:2:43.8530,-0.99,-4.87,-0.85,-0.26,-0.06,0.12
2024-03-25 17:2:43.8630,-1.02,-4.28,-1.13,-0.39,0.01,0.05
2024-03-25 17:2:43.8730,-1.13,-3.45,-1.32,-0.47,0.21,0.04
2024-03-25 17:2:43.8830,-1.13,-2.5,-1.32,-0.54,0.51,0.08
2024-03-25 17:2:43.8930,-1.04,-1.62,-1.2,-0.57,0.83,0.14
2024-03-25 17:2:43.9030,-0.93,-0.94,-1.14,-0.54,1.07,0.19
2024-03-25 17:2:43.9130,-0.89,-0.48,-1.05,-0.46,1.2,0.24
2024-03-25 17:2:43.9230,-0.88,-0.27,-0.92,-0.28,1.15,0.31
2024-03-25 17:2:43.9330,-1.05,-0.19,-0.6,-0.08,0.95,0.36
2024-03-25 17:2:43.9430,-1.28,-0.01,-0.13,0.01,0.63,0.4
2024-03-25 17:2:43.9530,-1.32,0.1,-0.23,-0.05,0.21,0.41
2024-03-25 17:2:43.9630,-1.28,0.22,-0.99,-0.25,-0.21,0.43
2024-03-25 17:2:43.9730,-1.18,0.44,-2.04,-0.41,-0.47,0.46
2024-03-25 17:2:43.9830,-1.04,0.49,-2.85,-0.43,-0.52,0.49
2024-03-25 17:2:43.9930,-0.68,0.51,-2.89,-0.38,-0.39,0.54
2024-03-25 17:2:44.0030,-0.13,0.47,-2.61,-0.31,-0.17,0.59
2024-03-25 17:2:44.0130,0.29,0.32,-2.66,-0.22,0.03,0.59
2024-03-25 17:2:44.0230,0.71,0.27,-2.86,-0.15,0.12,0.57
2024-03-25 17:2:44.0330,1.03,0.22,-3.09,-0.12,0.11,0.51
2024-03-25 17:2:44.0430,1.18,0.21,-3.3,-0.15,0.03,0.45
2024-03-25 17:2:44.0530,1.3792391815781595,0.38,-3.86,-0.2,-0.05,0.39
2024-03-25 17:2:44.0630,1.37,0.38,-3.86,-0.26,-0.08,0.31
2024-03-25 17:2:44.0730,1.59,0.61,-3.85,-0.36,-0.05,0.25
2024-03-25 17:2:44.0830,1.82,0.91,-3.72,-0.45,0.03,0.25
2024-03-25 17:2:44.0930,1.69,1.18,-3.44,-0.5,0.18,0.27
2024-03-25 17:2:44.1030,1.43,1.48,-2.84,-0.51,0.34,0.31
2024-03-25 17:2:44.1130,1.25,1.66,-2.13,-0.51,0.44,0.33
2024-03-25 17:2:44.1230,1.03,1.73,-1.5,-0.51,0.46,0.31
2024-03-25 17:2:44.1330,0.89,1.76,-1.1,-0.46,0.36,0.24
2024-03-25 17:2:44.1430,0.71,1.72,-0.6,-0.4,0.19,0.11
2024-03-25 17:2:44.1530,0.6,1.79,0.09,-0.32,-0.04,-0.05
2024-03-25 17:2:44.1630,0.64,1.82,0.57,-0.3,-0.18,-0.19
2024-03-25 17:2:44.1730,0.49,1.9,0.89,-0.29,-0.18,-0.29
2024-03-25 17:2:44.1830,0.26,1.96,0.92,-0.26,-0.04,-0.32
2024-03-25 17:2:44.1930,-0.04,2.0,1.01,-0.23,0.15,-0.29
2024-03-25 17:2:44.2030,-0.41,2.1,1.28,-0.23,0.33,-0.24
2024-03-25 17:2:44.2130,-0.81,2.27,1.48,-0.24,0.41,-0.21
2024-03-25 17:2:44.2230,-1.08,2.26,1.51,-0.17,0.35,-0.21
2024-03-25 17:2:44.2330,-1.26,2.14,2.02,-0.03,0.21,-0.26
2024-03-25 17:2:44.2430,-1.5,1.86,2.9,0.15,0.04,-0.36
2024-03-25 17:2:44.2530,-1.6,1.42,3.79,0.24,-0.11,-0.46
2024-03-25 17:2:44.2630,-1.62,1.06,4.42,0.26,-0.21,-0.53
2024-03-25 17:2:44.2730,-1.5,0.78,4.44,0.25,-0.26,-0.54
2024-03-25 17:2:44.2830,-1.08,0.88,4.53,0.24,-0.24,-0.46
2024-03-25 17:2:44.2930,-0.51,1.08,4.69,0.24,-0.18,-0.3
2024-03-25 17:2:44.3030,-0.04,0.97,4.85,0.25,-0.15,-0.2
2024-03-25 17:2:44.3130,0.3,0.43,5.0,0.19,-0.22,-0.15
2024-03-25 17:2:44.3230,0.84,-0.44,4.94,0.03,-0.35,-0.17
2024-03-25 17:2:44.3330,1.21,-1.25,4.39,-0.16,-0.43,-0.25
2024-03-25 17:2:44.3430,1.43,-1.89,3.78,-0.2,-0.44,-0.3
2024-03-25 17:2:44.3530,1.43,-2.45,3.69,-0.08,-0.41,-0.3
2024-03-25 17:2:44.3630,1.23,-2.78,4.43,0.06,-0.38,-0.24
2024-03-25 17:2:44.3730,0.93,-2.92,4.93,0.11,-0.32,-0.17
2024-03-25 17:2:44.3830,0.79,-3.07,4.34,0.04,-0.25,-0.11
2024-03-25 17:2:44.3930,0.89,-3.29,3.14,-0.07,-0.19,-0.12
2024-03-25 17:2:44.4030,0.89,-3.57,1.87,-0.15,-0.14,-0.2
2024-03-25 17:2:44.4130,0.86,-3.79,1.03,-0.16,-0.13,-0.33
2024-03-25 17:2:44.4230,0.78,-3.92,0.54,-0.1,-0.11,-0.48
2024-03-25 17:2:44.4330,0.53,-3.81,0.24,-0.01,-0.09,-0.61
2024-03-25 17:2:44.4430,0.26,-3.4,-0.06,0.09,-0.05,-0.7
2024-03-25 17:2:44.4530,-0.12,-2.63,-0.37,0.08,0.0,-0.68
2024-03-25 17:2:44.4630,-0.53,-1.45,-0.87,0.04,0.08,-0.57
2024-03-25 17:2:44.4730,-1.04,-0.38,-1.67,0.04,0.2,-0.38
2024-03-25 17:2:44.4830,-1.33,0.46,-1.93,0.1,0.28,-0.19
2024-03-25 17:2:44.4930,-1.52,0.9,-1.73,0.17,0.27,-0.04
2024-03-25 17:2:44.5030,-1.35,1.18,-1.6,0.18,0.16,0.05
2024-03-25 17:2:44.5130,-0.9,1.34,-1.82,0.15,-0.0,0.05
2024-03-25 17:2:44.5230,-0.37,1.31,-2.4,0.11,-0.15,0.04
2024-03-25 17:2:44.5330,0.18,1.18,-2.95,0.1,-0.23,0.05
2024-03-25 17:2:44.5430,0.59,1.04,-3.27,0.1,-0.23,0.08
2024-03-25 17:2:44.5530,0.82,0.89,-3.38,0.1,-0.17,0.1
2024-03-25 17:2:44.5630,1.08,0.61,-3.58,0.07,-0.06,0.14
2024-03-25 17:2:44.5730,1.21,0.19,-3.75,0.05,0.01,0.15
2024-03-25 17:2:44.5830,1.3,-0.25,-3.78,0.06,0.02,0.12
2024-03-25 17:2:44.5930,1.4,-0.67,-3.64,0.11,-0.05,0.01
2024-03-25 17:2:44.6030,1.52,-1.1,-3.4,0.17,-0.17,-0.14
2024-03-25 17:2:44.6130,1.61,-1.58,-3.11,0.18,-0.28,-0.27
2024-03-25 17:2:44.6230,1.5,-1.92,-3.14,0.17,-0.41,-0.36
2024-03-25 17:2:44.6330,1.24,-1.99,-3.44,0.13,-0.51,-0.41
2024-03-25 17:2:44.6430,0.91,-1.75,-3.67,0.04,-0.55,-0.41
2024-03-25 17:2:44.6530,0.62,-1.41,-3.97,-0.06,-0.52,-0.37
2024-03-25 17:2:44.6630,0.4,-0.48,-4.23,-0.2,-0.34,-0.28
2024-03-25 17:2:44.6730,0.4,-0.48,-4.23,-0.31,-0.04,-0.15
2024-03-25 17:2:44.6830,0.36,-0.04,-4.02,-0.32,0.3,-0.06
2024-03-25 17:2:44.6930,0.58,0.3,-3.22,-0.24,0.54,-0.01
2024-03-25 17:2:44.7030,0.87,0.38,-1.91,-0.1,0.61,-0.06
2024-03-25 17:2:44.7130,0.88,0.2,-0.41,0.04,0.5,-0.24
2024-03-25 17:2:44.7230,1.12,-0.02,0.9,0.16,0.26,-0.49
2024-03-25 17:2:44.7330,1.55,-0.08,1.84,0.26,0.03,-0.69
2024-03-25 17:2:44.7430,1.69,0.15,2.31,0.35,-0.06,-0.79
2024-03-25 17:2:44.7530,1.37,0.62,2.51,0.45,-0.03,-0.78
2024-03-25 17:2:44.7630,0.92,1.21,2.76,0.57,0.07,-0.69
2024-03-25 17:2:44.7730,0.56,1.86,3.0,0.69,0.17,-0.57
2024-03-25 17:2:44.7830,0.25,2.43,3.13,0.81,0.19,-0.47
2024-03-25 17:2:44.7930,0.08,2.68,3.07,0.86,0.13,-0.43
2024-03-25 17:2:44.8030,0.1,2.77,2.89,0.85,-0.01,-0.42
2024-03-25 17:2:44.8130,0.16,2.73,2.25,0.75,-0.13,-0.41
2024-03-25 17:2:44.8230,0.06,2.69,1.51,0.58,-0.15,-0.38
2024-03-25 17:2:44.8330,-0.05,2.69,0.75,0.39,-0.11,-0.34
2024-03-25 17:2:44.8430,-0.17,2.63,0.16,0.26,-0.01,-0.29
2024-03-25 17:2:44.8530,-0.22,2.58,0.02,0.16,0.06,-0.24
2024-03-25 17:2:44.8630,-0.21,2.71,0.22,-0.04,0.11,-0.11
2024-03-25 17:2:44.8730,-0.36,2.83,0.08,-0.33,0.15,0.2
2024-03-25 17:2:44.8830,-1.09,2.6,-0.52,-0.57,0.14,0.58
2024-03-25 17:2:44.8930,-2.09,1.87,-0.71,-0.64,0.01,0.77
2024-03-25 17:2:44.9030,-2.27,0.82,-0.13,-0.64,-0.19,0.8
2024-03-25 17:2:44.9130,-1.48,-0.26,0.54,-0.73,-0.42,0.79
2024-03-25 17:2:44.9230,-0.84,-1.02,0.55,-1.01,-0.57,0.82
2024-03-25 17:2:44.9330,-0.73,-1.43,-0.22,-1.4,-0.53,0.97
2024-03-25 17:2:44.9430,-1.13,-1.88,-1.14,-1.73,-0.36,1.18
2024-03-25 17:2:44.9530,-2.06,-2.9,-1.16,-1.77,-0.18,1.33
2024-03-25 17:2:44.9630,-2.74,-4.04,0.09,-1.53,-0.01,1.36
2024-03-25 17:2:44.9730,-2.83,-5.08,1.98,-1.06,0.06,1.21
2024-03-25 17:2:44.9830,-2.57,-6.35,3.75,-0.48,-0.02,0.87
2024-03-25 17:2:44.9930,-1.77,-7.23,4.96,-0.08,-0.12,0.44
2024-03-25 17:2:45.0030,-0.86,-7.18,4.87,0.04,-0.23,0.08
2024-03-25 17:2:45.0130,-0.27,-6.43,3.08,-0.04,-0.34,-0.16
2024-03-25 17:2:45.0220,-0.41,-5.26,0.76,-0.23,-0.35,-0.22
2024-03-25 17:2:45.0330,-0.96,-4.02,-0.97,-0.39,-0.21,-0.14
2024-03-25 17:2:45.0430,-1.66,-2.93,-1.79,-0.4,-0.03,0.01
2024-03-25 17:2:45.0520,-2.13,-1.96,-1.59,-0.28,0.11,0.15
2024-03-25 17:2:45.0620,-2.23,-1.11,-0.73,-0.13,0.16,0.26
2024-03-25 17:2:45.0730,-2.08,-0.47,0.05,-0.02,0.12,0.31
2024-03-25 17:2:45.0830,-1.84,-0.06,0.19,0.03,0.03,0.32
2024-03-25 17:2:45.0930,-1.52,0.21,-0.21,0.04,-0.05,0.33
2024-03-25 17:2:45.1020,-1.19,0.45,-0.74,0.05,-0.16,0.35
2024-03-25 17:2:45.1130,-1.05,0.65,-1.2,0.05,-0.23,0.41
2024-03-25 17:2:45.1230,-1.05,0.81,-1.56,0.06,-0.25,0.51
2024-03-25 17:2:45.1330,-1.07,0.89,-1.92,0.11,-0.22,0.68
2024-03-25 17:2:45.1420,-1.15,0.91,-2.16,0.2,-0.23,0.86
2024-03-25 17:2:45.1520,-1.45,0.77,-2.08,0.24,-0.31,1.0
2024-03-25 17:2:45.1620,-1.53,0.62,-1.93,0.22,-0.45,1.12
2024-03-25 17:2:45.1730,-1.39,0.44,-2.24,0.13,-0.66,1.15
2024-03-25 17:2:45.1820,-1.31,0.26,-2.63,-0.03,-0.9,1.1
2024-03-25 17:2:45.1920,-0.93,0.17,-3.08,-0.3,-1.15,1.03
2024-03-25 17:2:45.2020,-0.56,0.12,-3.61,-0.61,-1.4,0.97
2024-03-25 17:2:45.2120,-0.48,0.09,-4.04,-0.86,-1.48,0.93
2024-03-25 17:2:45.2220,-0.49,-0.09,-3.95,-0.94,-1.32,0.92
2024-03-25 17:2:45.2320,-0.17,-0.25,-3.01,-0.78,-0.91,0.87
2024-03-25 17:2:45.2420,0.36,-0.64,-1.4,-0.41,-0.41,0.78
2024-03-25 17:2:45.2520,0.99,-1.08,0.6,-0.03,0.05,0.63
2024-03-25 17:2:45.2620,1.56,-1.21,2.12,0.27,0.38,0.46
2024-03-25 17:2:45.2720,1.95,-1.09,2.71,0.41,0.45,0.26
2024-03-25 17:2:45.2820,2.03,-0.75,2.59,0.38,0.36,0.07
2024-03-25 17:2:45.2920,1.87,-0.19,1.99,0.3,0.21,-0.04
2024-03-25 17:2:45.3020,1.45,0.25,1.3,0.33,0.07,-0.11
2024-03-25 17:2:45.3130,0.93,0.62,1.27,0.42,-0.04,-0.18
2024-03-25 17:2:45.3220,0.68,1.04,1.78,0.51,-0.1,-0.22
2024-03-25 17:2:45.3320,0.6,1.36,1.8,0.58,-0.13,-0.24
2024-03-25 17:2:45.3430,0.54,1.75,1.47,0.61,-0.14,-0.28
2024-03-25 17:2:45.3520,0.54,2.14,1.05,0.55,-0.12,-0.3
2024-03-25 17:2:45.3620,0.59,2.48,0.63,0.44,-0.05,-0.26
2024-03-25 17:2:45.3720,0.59,2.79,0.15,0.36,0.03,-0.2
2024-03-25 17:2:45.3820,0.51,2.96,0.09,0.32,0.11,-0.18
2024-03-25 17:2:45.3920,0.66,2.86,0.71,0.29,0.19,-0.2
2024-03-25 17:2:45.4020,0.99,2.6,1.35,0.27,0.22,-0.32
2024-03-25 17:2:45.4120,1.3,2.18,1.79,0.29,0.21,-0.49
2024-03-25 17:2:45.4220,1.61,1.83,2.15,0.35,0.16,-0.68
2024-03-25 17:2:45.4320,1.68,1.49,2.52,0.44,0.11,-0.87
2024-03-25 17:2:45.4420,1.53,1.39,2.75,0.49,0.06,-0.99
2024-03-25 17:2:45.4520,1.29,1.49,2.55,0.46,0.02,-0.98
2024-03-25 17:2:45.4620,0.91,1.79,2.01,0.34,0.01,-0.76
2024-03-25 17:2:45.4720,0.16,2.1,1.29,0.14,0.04,-0.41
2024-03-25 17:2:45.4820,-0.92,2.0,0.63,-0.01,0.07,-0.12
2024-03-25 17:2:45.4920,-1.46,1.33,0.37,-0.02,0.08,0.0
2024-03-25 17:2:45.5020,-1.01,0.13,0.67,0.04,0.02,-0.01
2024-03-25 17:2:45.5120,-0.29,-1.24,1.19,0.07,-0.08,-0.11
2024-03-25 17:2:45.5220,0.13,-2.41,1.29,0.01,-0.14,-0.19
2024-03-25 17:2:45.5320,0.34,-3.06,0.91,-0.03,-0.13,-0.23
2024-03-25 17:2:45.5420,0.23,-3.45,0.55,0.02,-0.06,-0.23
2024-03-25 17:2:45.5520,0.08,-3.59,0.65,0.12,-0.01,-0.22
2024-03-25 17:2:45.5620,-0.09,-3.57,0.94,0.16,-0.02,-0.23
2024-03-25 17:2:45.5720,-0.15,-3.38,0.78,0.07,-0.06,-0.23
2024-03-25 17:2:45.5820,-0.2,-3.03,-0.08,-0.11,-0.11,-0.23
2024-03-25 17:2:45.5920,-0.37,-2.61,-1.21,-0.32,-0.1,-0.19
2024-03-25 17:2:45.6020,-0.52,-2.17,-2.05,-0.47,0.01,-0.11
2024-03-25 17:2:45.6120,-0.82,-1.81,-2.28,-0.51,0.19,-0.01
2024-03-25 17:2:45.6220,-1.13,-1.56,-1.92,-0.43,0.36,0.04
2024-03-25 17:2:45.6320,-1.12,-1.27,-1.22,-0.28,0.43,0.03
2024-03-25 17:2:45.6420,-0.86,-1.04,-0.52,-0.12,0.42,-0.02
2024-03-25 17:2:45.6520,-0.5,-0.68,-0.12,-0.01,0.39,-0.08
2024-03-25 17:2:45.6620,-0.22,-0.36,-0.22,0.02,0.32,-0.14
2024-03-25 17:2:45.6720,-0.11,0.02,-0.69,-0.05,0.21,-0.17
2024-03-25 17:2:45.6820,-0.12,0.54,-1.45,-0.18,0.12,-0.14
2024-03-25 17:2:45.6920,-0.28,0.99,-2.21,-0.26,0.07,-0.08
2024-03-25 17:2:45.7020,-0.45,1.31,-2.56,-0.28,0.11,0.02
2024-03-25 17:2:45.7120,-0.47,1.5,-2.46,-0.22,0.17,0.13
2024-03-25 17:2:45.7220,-0.45,1.46,-2.13,-0.1,0.21,0.22
2024-03-25 17:2:45.7330,-0.29,1.33,-1.67,-0.01,0.22,0.26
2024-03-25 17:2:45.7450,-0.05,1.11,-1.38,-0.03,0.18,0.26
2024-03-25 17:2:45.7520,0.32,0.95,-1.5,-0.11,0.12,0.25
2024-03-25 17:2:45.7620,0.6,0.76,-1.84,-0.16,0.06,0.24
2024-03-25 17:2:45.7720,0.79,0.61,-1.82,-0.16,0.03,0.25
2024-03-25 17:2:45.7820,0.9,0.44,-1.45,-0.13,0.03,0.27
2024-03-25 17:2:45.7920,0.98,0.27,-1.05,-0.05,0.06,0.25
2024-03-25 17:2:45.8020,1.05,0.05,-0.74,0.06,0.1,0.23
2024-03-25 17:2:45.8120,1.3,-0.17,-0.51,0.15,0.12,0.2
2024-03-25 17:2:45.8220,1.5,-0.23,-0.41,0.2,0.08,0.17
2024-03-25 17:2:45.8320,1.54,-0.25,-0.48,0.18,0.03,0.13
2024-03-25 17:2:45.8420,1.6,-0.11,-0.72,0.1,-0.0,0.11
2024-03-25 17:2:45.8520,1.7,0.02,-1.04,0.03,-0.07,0.07
2024-03-25 17:2:45.8620,1.69,0.15,-1.12,0.03,-0.1,0.03
2024-03-25 17:2:45.8720,1.75,0.22,-0.83,0.06,-0.06,-0.01
2024-03-25 17:2:45.8820,1.87,0.36,-0.38,0.15,0.0,-0.07
2024-03-25 17:2:45.8920,2.02,0.42,-0.09,0.27,0.08,-0.14
2024-03-25 17:2:45.9020,2.12,0.52,0.32,0.35,0.13,-0.19
2024-03-25 17:2:45.9120,2.07,0.64,0.55,0.34,0.18,-0.23
2024-03-25 17:2:45.9220,1.81,0.85,0.64,0.25,0.25,-0.23
2024-03-25 17:2:45.9320,1.61,1.1,0.49,0.15,0.31,-0.17
2024-03-25 17:2:45.9420,1.13,1.21,0.54,0.08,0.34,-0.09
2024-03-25 17:2:45.9520,0.55,1.33,1.09,0.05,0.36,-0.04
2024-03-25 17:2:45.9620,0.27,1.33,1.65,0.1,0.32,-0.06
2024-03-25 17:2:45.9720,0.19,1.11,2.15,0.24,0.22,-0.16
2024-03-25 17:2:45.9820,0.33,0.88,2.86,0.36,0.1,-0.29
2024-03-25 17:2:45.9920,0.56,0.92,3.49,0.37,0.04,-0.39
2024-03-25 17:2:46.0020,0.67,1.26,3.42,0.23,0.01,-0.37
2024-03-25 17:2:46.0120,0.42,1.58,2.67,0.0,0.05,-0.21
2024-03-25 17:2:46.0220,-0.28,1.75,1.8776508736610413,-0.18,0.1,0.07
2024-03-25 17:2:46.0320,-1.67,0.8,2.67,-0.19,0.12,0.3
2024-03-25 17:2:46.0420,-1.67,0.8,2.67,-0.1,0.09,0.38
2024-03-25 17:2:46.0520,-1.56,-0.25,3.73,-0.06,0.02,0.37
2024-03-25 17:2:46.0620,-0.95,-1.31,3.95,-0.04,-0.08,0.29
2024-03-25 17:2:46.0720,-0.59,-2.29,3.58,0.02,-0.17,0.17
2024-03-25 17:2:46.0820,-0.34,-3.13,3.19,0.14,-0.24,0.01
2024-03-25 17:2:46.0920,-0.25,-3.81,2.91,0.3,-0.28,-0.15
2024-03-25 17:2:46.1020,-0.3,-4.21,2.42,0.42,-0.27,-0.31
2024-03-25 17:2:46.1120,-0.5,-4.28,1.53,0.49,-0.22,-0.42
2024-03-25 17:2:46.1220,-0.78,-4.09,0.21,0.49,-0.14,-0.46
2024-03-25 17:2:46.1320,-1.21,-3.68,-1.22,0.43,-0.04,-0.39
2024-03-25 17:2:46.1420,-1.76,-3.13,-2.43,0.26,0.11,-0.28
2024-03-25 17:2:46.1520,-2.31,-2.41,-3.69,0.05,0.26,-0.1
2024-03-25 17:2:46.1620,-2.83,-1.94,-4.9,-0.17,0.41,0.13
2024-03-25 17:2:46.1720,-3.14,-1.36,-5.51,-0.32,0.48,0.33
2024-03-25 17:2:46.1820,-3.29,-0.87,-5.52,-0.41,0.47,0.47
2024-03-25 17:2:46.1920,-3.05,-0.56,-5.06,-0.44,0.43,0.5
2024-03-25 17:2:46.2020,-2.53,-0.39,-4.54,-0.43,0.38,0.46
2024-03-25 17:2:46.2120,-1.92,-0.45,-4.02,-0.43,0.32,0.41
2024-03-25 17:2:46.2220,-1.45,-0.39,-3.54,-0.48,0.28,0.42
2024-03-25 17:2:46.2320,-1.38,-0.15,-3.39,-0.57,0.28,0.46
2024-03-25 17:2:46.2420,-1.53,0.06,-3.31,-0.63,0.31,0.54
2024-03-25 17:2:46.2520,-1.58,0.26,-2.97,-0.61,0.32,0.65
2024-03-25 17:2:46.2620,-1.56,0.51,-2.23,-0.53,0.3,0.72
2024-03-25 17:2:46.2720,-1.5,0.65,-1.27,-0.41,0.23,0.77
2024-03-25 17:2:46.2820,-1.27,0.66,-0.53,-0.3,0.13,0.76
2024-03-25 17:2:46.2920,-0.96,0.66,0.01,-0.23,0.06,0.69
2024-03-25 17:2:46.3020,-0.53,0.63,0.15,-0.16,-0.01,0.64
2024-03-25 17:2:46.3120,-0.31,0.47,0.18,-0.05,-0.08,0.58
2024-03-25 17:2:46.3220,-0.23,0.48,0.53,0.06,-0.12,0.53
2024-03-25 17:2:46.3310,-0.09,0.62,0.75,0.14,-0.16,0.49
2024-03-25 17:2:46.3420,-0.01,0.74,0.61,0.18,-0.18,0.44
2024-03-25 17:2:46.3520,0.07,0.89,0.25,0.23,-0.19,0.4
2024-03-25 17:2:46.3620,0.22,1.01,-0.09,0.28,-0.17,0.38
2024-03-25 17:2:46.3720,0.26,1.13,-0.22,0.31,-0.11,0.37
2024-03-25 17:2:46.3810,0.27,1.25,-0.28,0.34,-0.06,0.35
2024-03-25 17:2:46.3920,0.23,1.24,-0.3,0.35,-0.01,0.31
2024-03-25 17:2:46.4010,0.36,1.27,-0.2,0.31,-0.0,0.26
2024-03-25 17:2:46.4110,0.4,1.25,-0.2,0.28,-0.03,0.21
2024-03-25 17:2:46.4210,0.26,1.23,-0.14,0.3,-0.07,0.14
2024-03-25 17:2:46.4310,0.2,1.25,0.24,0.31,-0.14,0.08
2024-03-25 17:2:46.4410,0.26,1.37,0.8,0.32,-0.19,0.02
2024-03-25 17:2:46.4510,0.44,1.65,1.18,0.31,-0.17,-0.03
2024-03-25 17:2:46.4610,0.83,2.01,1.34,0.31,-0.08,-0.08
2024-03-25 17:2:46.4710,1.08,2.27,1.5,0.32,0.04,-0.08
2024-03-25 17:2:46.4810,1.2,2.32,1.74,0.35,0.11,-0.05
2024-03-25 17:2:46.4910,1.17,2.29,2.11,0.39,0.11,-0.01
2024-03-25 17:2:46.5010,1.13,2.22,2.49,0.42,0.02,-0.0
2024-03-25 17:2:46.5110,1.23,2.22,2.82,0.41,-0.14,-0.06
2024-03-25 17:2:46.5210,1.59,2.27,2.91,0.27,-0.27,-0.04
2024-03-25 17:2:46.5310,1.78,2.3,2.59,0.04,-0.31,0.14
2024-03-25 17:2:46.5410,1.27,2.02,2.01,-0.13,-0.25,0.33
2024-03-25 17:2:46.5510,0.47,1.09,1.74,-0.2,-0.14,0.46
2024-03-25 17:2:46.5610,0.23,-0.18,2.12,-0.21,-0.06,0.48
2024-03-25 17:2:46.5710,0.39,-1.4,2.58,-0.17,-0.07,0.35
2024-03-25 17:2:46.5810,0.77,-2.48,2.73,-0.1,-0.15,0.11
2024-03-25 17:2:46.5910,1.26,-3.34,2.8,0.0,-0.23,-0.14
2024-03-25 17:2:46.6010,1.57,-3.82,2.66,0.11,-0.3,-0.35
2024-03-25 17:2:46.6110,1.48,-3.94,2.32,0.2,-0.32,-0.49
2024-03-25 17:2:46.6210,1.14,-3.75,1.74,0.22,-0.28,-0.54
2024-03-25 17:2:46.6310,0.74,-3.34,0.82,0.16,-0.2,-0.52
2024-03-25 17:2:46.6410,0.25,-2.79,-0.28,0.03,-0.1,-0.44
2024-03-25 17:2:46.6510,-0.12,-2.21,-1.33,-0.19,0.02,-0.33
2024-03-25 17:2:46.6610,-0.37,-1.7,-2.2,-0.4,0.11,-0.22
2024-03-25 17:2:46.6710,-0.54,-1.4,-2.71,-0.55,0.18,-0.18
2024-03-25 17:2:46.6810,-0.5,-1.26,-2.73,-0.63,0.27,-0.2
2024-03-25 17:2:46.6910,-0.15,-1.13,-2.4,-0.6,0.36,-0.26
2024-03-25 17:2:46.7010,0.24,-0.93,-2.02,-0.51,0.42,-0.37
2024-03-25 17:2:46.7110,0.58,-0.54,-1.38,-0.45,0.47,-0.44
2024-03-25 17:2:46.7210,0.88,0.8666848289966583,-0.94,-0.47,0.55,-0.45
2024-03-25 17:2:46.7310,0.82,1.61,-1.07,-0.5,0.66,-0.36
2024-03-25 17:2:46.7410,0.82,1.61,-1.07,-0.5,0.73,-0.19
2024-03-25 17:2:46.7510,0.41,2.16,-0.82,-0.48,0.78,-0.02
2024-03-25 17:2:46.7610,0.12,2.55,-0.43,-0.43,0.77,0.08
2024-03-25 17:2:46.7710,0.22,2.51,-0.23,-0.3,0.71,0.09
2024-03-25 17:2:46.7810,0.52,2.22,0.05,-0.08,0.6,-0.0
2024-03-25 17:2:46.7910,0.99,1.76,1.1028889524936676,0.16,0.5,-0.17
2024-03-25 17:2:46.8010,1.42,1.29,1.1,0.34,0.46,-0.31
2024-03-25 17:2:46.8110,1.71,1.02,1.13,0.5,0.4,-0.39
2024-03-25 17:2:46.8210,1.42,0.67,0.96,0.67,0.31,-0.42
2024-03-25 17:2:46.8310,0.96,0.43,1.19,0.85,0.22,-0.41
2024-03-25 17:2:46.8410,0.51,0.28,1.63,1.02,0.13,-0.39
2024-03-25 17:2:46.8510,0.21,0.17,1.92,1.16,0.04,-0.4
2024-03-25 17:2:46.8610,0.05,-0.14,1.81,1.25,-0.05,-0.45
2024-03-25 17:2:46.8710,0.08,-0.46,1.37,1.32,-0.15,-0.5
2024-03-25 17:2:46.8810,0.06,-0.73,0.81,1.38,-0.24,-0.56
2024-03-25 17:2:46.8910,0.03,-0.89,0.29,1.37,-0.27,-0.59
2024-03-25 17:2:46.9010,0.07,-0.89,-0.35,1.29,-0.24,-0.55
2024-03-25 17:2:46.9110,-0.02,-0.8,-1.27,1.17,-0.13,-0.45
2024-03-25 17:2:46.9210,-0.32,-0.73,-1.98,1.07,0.06,-0.3
2024-03-25 17:2:46.9310,-0.62,-0.65,-2.24,1.01,0.22,-0.16
2024-03-25 17:2:46.9410,-0.72,-0.64,-2.08,0.95,0.3,-0.1
2024-03-25 17:2:46.9510,-0.59,-0.71,-1.67,0.82,0.32,-0.08
2024-03-25 17:2:46.9610,-0.33,-0.77,-1.54,0.62,0.26,-0.11
2024-03-25 17:2:46.9710,-0.23,-0.9,-1.73,0.4,0.13,-0.11
2024-03-25 17:2:46.9810,-0.33,-0.98,-1.8,0.19,-0.03,-0.07
2024-03-25 17:2:46.9910,-0.7,-0.9,-1.48,-0.01,-0.21,-0.05
2024-03-25 17:2:47.0010,-0.94,-0.72,-1.06,-0.21,-0.35,-0.06
2024-03-25 17:2:47.0110,-0.61,-0.34,-0.73,-0.46,-0.35,-0.01
2024-03-25 17:2:47.0210,-0.27,0.11,-0.65,-0.77,-0.21,0.1
2024-03-25 17:2:47.0310,-0.34,0.33,-0.61,-1.09,0.01,0.31
2024-03-25 17:2:47.0410,-0.64,0.23,-0.46,-1.19,0.13,0.53
2024-03-25 17:2:47.0510,-1.28,-0.46,0.63,-1.03,0.17,0.57
2024-03-25 17:2:47.0610,-1.33,-1.21,2.96,-0.76,0.11,0.42
2024-03-25 17:2:47.0710,-0.72,-1.96,4.89,-0.52,0.01,0.24
2024-03-25 17:2:47.0810,-0.4,-2.69,5.49,-0.41,-0.05,0.09
2024-03-25 17:2:47.0910,-0.56,-2.96,5.07,-0.34,-0.08,-0.05
2024-03-25 17:2:47.1010,-0.7,-2.76,4.2,-0.22,-0.01,-0.13
2024-03-25 17:2:47.1110,-1.0,-2.57,3.39,-0.03,0.07,-0.13
2024-03-25 17:2:47.1210,-1.42,-2.23,2.89,0.14,0.12,-0.09
2024-03-25 17:2:47.1310,-1.8,-1.81,2.35,0.22,0.11,-0.01
2024-03-25 17:2:47.1410,-2.04,-1.37,1.29,0.18,0.02,0.09
2024-03-25 17:2:47.1510,-2.23,-1.1,-0.11,0.09,-0.18,0.23
2024-03-25 17:2:47.1610,-2.47,-0.93,-1.32,-0.04,-0.33,0.41
2024-03-25 17:2:47.1710,-2.71,-0.78,-2.3343108147382736,-0.17,-0.41,0.61
2024-03-25 17:2:47.1810,-2.63,-0.68,-2.34,-0.27,-0.27,0.77
2024-03-25 17:2:47.1910,-2.46,-0.65,-2.45,-0.37,0.09,0.89
2024-03-25 17:2:47.2010,-1.89,-0.44,-2.62,-0.58,0.54,0.98
2024-03-25 17:2:47.2110,-1.34,-0.22,-3.2,-0.84,0.84,0.95
2024-03-25 17:2:47.2210,-1.07,-0.43,-3.82,-1.07,0.89,0.87
2024-03-25 17:2:47.2310,-1.04,-0.98,-4.01,-1.21,0.62,0.69
2024-03-25 17:2:47.2410,-0.6,-1.04,-3.29,-1.27,0.24,0.29
2024-03-25 17:2:47.2510,0.93,-0.6,-2.9,-1.27,-0.17,0.11
2024-03-25 17:2:47.2610,1.35,-0.12,-2.48,-1.12,-0.43,0.32
2024-03-25 17:2:47.2710,0.2,0.33,-1.93,-0.74,-0.57,0.86
2024-03-25 17:2:47.2810,-1.94,0.78,-1.07,-0.2,-0.44,1.39
2024-03-25 17:2:47.2910,-3.55,0.76,-0.2,0.39,-0.18,1.61
2024-03-25 17:2:47.3010,-2.96,0.25,0.49,0.96,-0.16,1.58
2024-03-25 17:2:47.3110,-1.21,-0.136889019459486,0.6,1.48,-0.48,1.4
2024-03-25 17:2:47.3210,0.25,-0.14,0.6,1.93,-0.88,1.22
2024-03-25 17:2:47.3310,0.27,-0.05,0.53,2.25,-1.21,1.07
2024-03-25 17:2:47.3410,-0.47,-0.48,-0.11,2.36,-1.56,0.86
2024-03-25 17:2:47.3510,-0.92,-0.69,-0.94,2.24,-1.86,0.59
2024-03-25 17:2:47.3610,-0.89,-0.69,-1.79,1.58,-1.54,0.38
2024-03-25 17:2:47.3710,-0.09,-0.49,-2.82,0.57,-0.86,0.15
2024-03-25 17:2:47.3880,1.52,-0.36,-5.5,0.05,-0.4,-0.11
2024-03-25 17:2:47.3910,2.29,1.16,-4.99,0.08,-0.38,-0.14
2024-03-25 17:2:47.4000,1.53,3.19,-1.49,0.25,-0.08,-0.06
2024-03-25 17:2:47.4110,-0.46,1.64,0.02,0.47,0.28,0.02
2024-03-25 17:2:47.4200,-0.7,1.02,0.32,0.64,0.41,0.06
2024-03-25 17:2:47.4310,-0.28,1.33,0.47,0.64,0.25,-0.0
2024-03-25 17:2:47.4400,-0.28,1.13,0.61,0.44,-0.06,-0.13
2024-03-25 17:2:47.4510,-0.03,1.31,0.4,0.11,-0.24,-0.4
2024-03-25 17:2:47.4610,0.29,1.54,-0.12,-0.25,-0.15,-0.78
2024-03-25 17:2:47.4720,1.49,1.29,-0.71,-0.61,0.38,-1.0
2024-03-25 17:2:47.4810,2.69,1.1,-0.86,-0.78,0.9,-1.01
2024-03-25 17:2:47.4910,2.23,1.26,-0.34,-0.82,1.21,-0.79
2024-03-25 17:2:47.5010,0.29,0.96,0.78,-0.78,1.25,-0.49
2024-03-25 17:2:47.5110,-1.49,0.18,1.96,-0.67,1.03,-0.28
2024-03-25 17:2:47.5210,-2.39,-0.9,3.05,-0.49,0.72,-0.29
2024-03-25 17:2:47.5310,-2.07,-1.86,4.06,-0.3,0.5,-0.42
2024-03-25 17:2:47.5410,-0.33,-1.87,4.68,-0.12,0.47,-0.55
2024-03-25 17:2:47.5510,1.56,-1.15,4.53,0.04,0.56,-0.58
2024-03-25 17:2:47.5610,2.11,-0.47,4.17,0.22,0.57,-0.53
2024-03-25 17:2:47.5710,1.9,-0.3,4.04,0.41,0.49,-0.47
2024-03-25 17:2:47.5810,1.94,0.24,3.69,0.56,0.37,-0.42
2024-03-25 17:2:47.5910,1.94,0.24,3.69,0.61,0.24,-0.26
2024-03-25 17:2:47.6010,2.11,0.42,2.68,0.54,0.06,-0.14
2024-03-25 17:2:47.6110,1.68,0.48,1.5,0.44,-0.05,-0.01
2024-03-25 17:2:47.6210,1.54,-0.6,0.38,0.34,-0.11,0.25
2024-03-25 17:2:47.6310,1.41,-0.66,-0.1,0.16,-0.13,0.35
2024-03-25 17:2:47.6400,0.82,0.02,-0.11,-0.02,-0.14,0.52
2024-03-25 17:2:47.6510,0.77,-1.65,-0.83,-0.17,-0.06,0.57
2024-03-25 17:2:47.6610,1.27,-2.39,-0.46,-0.21,-0.01,0.54
2024-03-25 17:2:47.6710,1.27,-2.39,-0.46,-0.12,0.08,0.43
2024-03-25 17:2:47.6810,1.48,-2.89,0.0,-0.0,0.05,0.22
2024-03-25 17:2:47.6910,2.05,-2.98,0.62,0.09,-0.06,0.1
2024-03-25 17:2:47.7010,2.03,-3.01,0.54,0.15,-0.15,-0.06
2024-03-25 17:2:47.7110,1.66,-2.44,0.12,0.12,-0.2,-0.25
2024-03-25 17:2:47.7210,1.58,-2.22,-0.72,0.02,-0.21,-0.37
2024-03-25 17:2:47.7310,1.89,-1.81,-1.76,-0.12,-0.23,-0.44
2024-03-25 17:2:47.7410,1.77,-0.97,-2.38,-0.23,-0.2,-0.44
2024-03-25 17:2:47.7510,1.44,-0.53,-2.8,-0.2,-0.1,-0.36
2024-03-25 17:2:47.7610,1.02,-0.27,-2.67,-0.02,0.04,-0.26
2024-03-25 17:2:47.7710,0.39,-0.23,-1.69,0.19,0.08,-0.13
2024-03-25 17:2:47.7800,-0.05,-0.39,-0.59,0.32,-0.03,-0.04
2024-03-25 17:2:47.7910,-0.63,-0.35,-0.03,0.36,-0.19,-0.05
2024-03-25 17:2:47.8000,-0.67,-0.36,-0.15,0.29,-0.33,-0.07
2024-03-25 17:2:47.8110,-0.05,-0.08,-0.59,0.18,-0.44,-0.07
2024-03-25 17:2:47.8210,0.27,0.19,-1.11,0.08,-0.5,-0.05
2024-03-25 17:2:47.8300,0.32,0.28,-1.29,0.04,-0.49,-0.01
2024-03-25 17:2:47.8410,0.25,0.26,-1.21,0.1,-0.41,0.02
2024-03-25 17:2:47.8510,0.23,0.1,-0.88,0.26,-0.26,0.03
2024-03-25 17:2:47.8610,0.36,-0.01,-0.32,0.41,-0.14,0.01
2024-03-25 17:2:47.8700,0.59,-0.08,0.13,0.48,-0.09,-0.0
2024-03-25 17:2:47.8800,0.97,0.12,-0.02,0.47,-0.13,-0.02
2024-03-25 17:2:47.8900,1.2,0.42,-0.5,0.38,-0.17,-0.02
2024-03-25 17:2:47.9000,1.35,0.71,-0.91,0.28,-0.12,-0.01
2024-03-25 17:2:47.9100,1.37,0.81,-1.17,0.25,-0.01,0.01
2024-03-25 17:2:47.9200,1.31,0.73,-0.9,0.3,0.1,-0.03
2024-03-25 17:2:47.9300,1.28,0.53,-0.13,0.4,0.17,-0.12
2024-03-25 17:2:47.9400,1.31,0.21,0.83,0.51,0.19,-0.3
2024-03-25 17:2:47.9500,1.43,-0.07,1.57,0.56,0.19,-0.43
2024-03-25 17:2:47.9600,1.43,-0.19,1.9,0.62,0.19,-0.48
2024-03-25 17:2:47.9700,0.86,-0.22,1.96,0.72,0.15,-0.46
2024-03-25 17:2:47.9800,0.03,0.05,2.25,0.89,0.1,-0.41
2024-03-25 17:2:47.9900,-0.53,0.44,2.64,1.04,0.08,-0.32
2024-03-25 17:2:48.0000,-0.96,0.67,2.73,1.17,0.06,-0.26
2024-03-25 17:2:48.0100,-1.18,0.88,2.44,1.21,0.04,-0.23
2024-03-25 17:2:48.0200,-1.17,1.03,1.99,1.09,-0.02,-0.16
2024-03-25 17:2:48.0300,-1.17,1.19,1.22,0.87,-0.08,-0.04
2024-03-25 17:2:48.0410,-1.43,1.27,0.27,0.63,-0.08,0.1
2024-03-25 17:2:48.0500,-1.62,1.17,-0.12,0.34,-0.01,0.3
2024-03-25 17:2:48.0600,-1.89,0.69,-0.15,0.08,0.04,0.51
2024-03-25 17:2:48.0700,-2.28,-0.24,-0.23,-0.05,-0.02,0.61
2024-03-25 17:2:48.0800,-2.33,-1.22,0.25,-0.05,-0.13,0.57
2024-03-25 17:2:48.0900,-1.66,-1.87,1.2,-0.05,-0.19,0.43
2024-03-25 17:2:48.1000,-0.86,-2.3,1.73,-0.17,-0.13,0.31
2024-03-25 17:2:48.1100,-0.33,-2.58,1.25,-0.46,0.03,0.26
2024-03-25 17:2:48.1200,-0.29,-2.67,-0.22,-0.81,0.21,0.3
2024-03-25 17:2:48.1300,-0.56,-2.71,-1.62,-1.16,0.31,0.39
2024-03-25 17:2:48.1400,-1.34,-2.5,-2.14,-1.46,0.27,0.38
2024-03-25 17:2:48.1500,-1.65,-2.04,-2.21,-1.69,0.12,0.29
2024-03-25 17:2:48.1600,-1.27,-1.71,-2.13,-1.81,-0.06,0.21
2024-03-25 17:2:48.1700,-0.76,-1.07,-1.75,-1.79,-0.21,0.17
2024-03-25 17:2:48.1800,-0.49,-0.49,-1.05,-1.71,-0.21,0.16
2024-03-25 17:2:48.1900,-0.26,-0.08,-0.42,-1.6,-0.11,0.23
2024-03-25 17:2:48.2000,-0.09,0.17,-0.31,-1.44,0.02,0.33
2024-03-25 17:2:48.2100,-0.29,0.15,-0.11,-1.23,0.12,0.39
2024-03-25 17:2:48.2200,-0.39,0.04,0.34,-0.94,0.16,0.4
2024-03-25 17:2:48.2300,-0.31,-0.31,0.9,-0.6,0.11,0.31
2024-03-25 17:2:48.2400,-0.11,-0.87,1.68,-0.34,0.01,0.19
2024-03-25 17:2:48.2500,0.17,-1.25,1.84,-0.21,-0.09,0.09
2024-03-25 17:2:48.2600,0.21,-1.43,1.01,-0.15,-0.2,0.03
2024-03-25 17:2:48.2700,-0.02,-1.36,-0.03,-0.12,-0.25,0.01
2024-03-25 17:2:48.2800,-0.18,-1.2,-0.84,-0.09,-0.19,0.07
2024-03-25 17:2:48.2900,-0.41,-1.01,-1.33,-0.08,-0.04,0.17
2024-03-25 17:2:48.3000,-0.81,-0.89,-1.76,0.03,0.06,0.24
2024-03-25 17:2:48.3100,-1.03,-0.94,-2.01,0.26,0.11,0.21
2024-03-25 17:2:48.3200,-0.94,-1.12,-1.32,0.53,0.17,0.07
2024-03-25 17:2:48.3300,0.52,-1.48,-0.46,0.68,0.2,-0.08
2024-03-25 17:2:48.3400,0.52,-1.48,-0.46,0.65,0.18,-0.19
2024-03-25 17:2:48.3500,0.67,-0.8619126239418984,-2.31,0.51,0.14,-0.2
2024-03-25 17:2:48.3600,0.3,-0.87,-2.31,0.33,0.12,-0.09
2024-03-25 17:2:48.3700,-0.45,-0.51,-2.81,0.25,0.12,0.03
2024-03-25 17:2:48.3800,-1.08,-0.11,-2.71,0.24,0.1,0.1
2024-03-25 17:2:48.3900,-1.17,0.15,-1.95,0.26,0.07,0.09
2024-03-25 17:2:48.4000,-0.69,0.38,-1.29,0.26,0.07,0.02
2024-03-25 17:2:48.4100,0.16,0.59,-1.12,0.26,0.08,-0.04
2024-03-25 17:2:48.4200,0.66,0.73,-1.13,0.26,0.15,-0.06
2024-03-25 17:2:48.4300,0.8,0.98,-0.84,0.26,0.16,-0.05
2024-03-25 17:2:48.4400,0.61,1.16,-0.51,0.23,0.14,-0.04
2024-03-25 17:2:48.4500,0.26,1.28,-0.17,0.17,0.05,-0.05
2024-03-25 17:2:48.4600,0.09,1.4,0.1,0.1,-0.06,-0.09
2024-03-25 17:2:48.4700,-0.01,1.4,0.3,0.1,-0.14,-0.17
2024-03-25 17:2:48.4800,0.0,1.14,0.74,0.19,-0.18,-0.29
2024-03-25 17:2:48.4900,0.3,0.77,1.47,0.34,-0.2,-0.45
2024-03-25 17:2:48.5000,0.48,0.35,2.11,0.49,-0.24,-0.59
2024-03-25 17:2:48.5100,0.67,-0.07,2.37,0.63,-0.29,-0.67
2024-03-25 17:2:48.5200,0.54,-0.26,2.34,0.7,-0.33,-0.7
2024-03-25 17:2:48.5300,0.15,-0.14,1.92,0.68,-0.33,-0.69
2024-03-25 17:2:48.5400,-0.03,0.19,1.03,0.56,-0.21,-0.62
2024-03-25 17:2:48.5500,0.4,1.15,0.16,0.24,0.15,-0.48
2024-03-25 17:2:48.5600,0.91,2.07,-0.96,-0.23,0.5,-0.25
2024-03-25 17:2:48.5700,0.3,1.43,-2.22,-0.56,0.55,-0.06
2024-03-25 17:2:48.5800,-1.02,-0.08,-1.85,-0.62,0.35,-0.1
2024-03-25 17:2:48.5900,-1.67,-1.63,0.47,-0.43,0.07,-0.3
2024-03-25 17:2:48.6000,-1.0,-3.0,2.86,-0.2,-0.19,-0.5
2024-03-25 17:2:48.6100,-0.27,-3.3,4.18,-0.29,-0.18,-0.51
2024-03-25 17:2:48.6200,0.03,-2.41,3.27,-0.47,-0.09,-0.39
2024-03-25 17:2:48.6300,-0.48,-1.71,1.02,-0.47,-0.03,-0.33
2024-03-25 17:2:48.6400,-0.91,-1.47,0.4,-0.34,0.02,-0.33
2024-03-25 17:2:48.6500,-0.74,-1.6,1.44,-0.22,0.04,-0.35
2024-03-25 17:2:48.6600,-0.5,-1.62,1.92,-0.24,0.01,-0.35
2024-03-25 17:2:48.6700,-0.61,-1.19,1.25,-0.36,0.01,-0.29
2024-03-25 17:2:48.6800,-1.07,-0.52,0.02,-0.52,0.07,-0.17
2024-03-25 17:2:48.6900,-1.49,0.14,-0.77,-0.65,0.12,0.01
2024-03-25 17:2:48.7000,-1.96,0.54,-0.97,-0.69,0.06,0.12
2024-03-25 17:2:48.7100,-2.24,0.6,-0.35,-0.71,-0.04,0.13
2024-03-25 17:2:48.7200,-1.56,0.26,0.79,-0.58,-0.09,0.0
2024-03-25 17:2:48.7300,-0.28,-0.49,1.5,-0.33,-0.05,-0.12
2024-03-25 17:2:48.7400,0.91,-1.03,2.14,-0.12,0.02,-0.17
2024-03-25 17:2:48.7500,1.13,-1.34,2.31,0.0,0.07,-0.17
2024-03-25 17:2:48.7600,0.96,-1.6,1.65,0.03,0.09,-0.12
2024-03-25 17:2:48.7700,0.66,-1.57,0.54,0.07,0.09,-0.1
2024-03-25 17:2:48.7800,0.45,-1.29,-0.43,0.17,0.09,-0.13
2024-03-25 17:2:48.7900,0.51,-0.99,-0.82,0.25,0.07,-0.16
2024-03-25 17:2:48.8000,0.48,-0.62,-1.01,0.3,0.04,-0.19
2024-03-25 17:2:48.8100,0.25,-0.36,-1.61,0.3,-0.01,-0.19
2024-03-25 17:2:48.8200,0.01,-0.22,-2.16,0.22,-0.08,-0.17
2024-03-25 17:2:48.8300,-0.15,-0.22,-2.72,0.06,-0.19,-0.13
2024-03-25 17:2:48.8400,-0.21,-0.29,-3.33,-0.13,-0.28,-0.09
2024-03-25 17:2:48.8500,-0.15,-0.42,-3.73,-0.29,-0.34,-0.05
2024-03-25 17:2:48.8600,0.14,-0.45,-3.75,-0.37,-0.38,-0.04
2024-03-25 17:2:48.8700,0.43,-0.49,-3.24,-0.4,-0.38,-0.04
2024-03-25 17:2:48.8800,0.59,-0.51,-2.47,-0.38,-0.39,-0.04
2024-03-25 17:2:48.8900,0.53,-0.41,-1.94,-0.32,-0.38,-0.06
2024-03-25 17:2:48.9000,0.37,-0.23,-1.46,-0.27,-0.36,-0.06
2024-03-25 17:2:48.9100,0.34,0.01,-1.27,-0.25,-0.34,-0.06
2024-03-25 17:2:48.9200,0.12,0.24,-1.33,-0.28,-0.28,-0.03
2024-03-25 17:2:48.9300,0.08,0.5,-1.5,-0.29,-0.18,0.02
2024-03-25 17:2:48.9400,0.04,0.76,-1.55,-0.27,-0.07,0.06
2024-03-25 17:2:48.9500,0.08,0.96,-1.13,-0.22,0.02,0.08
2024-03-25 17:2:48.9600,0.19,1.05,-0.52,-0.18,0.06,0.11
2024-03-25 17:2:48.9700,0.32,1.14,-0.06,-0.14,0.04,0.12
2024-03-25 17:2:48.9800,0.45,1.23,0.03,-0.1,-0.04,0.11
2024-03-25 17:2:48.9900,0.63,1.22,0.17,-0.08,-0.05,0.07
2024-03-25 17:2:49.0000,0.91,1.13,0.36,-0.04,-0.03,-0.01
2024-03-25 17:2:49.0100,1.24,0.96,0.3,0.01,0.01,-0.06
2024-03-25 17:2:49.0200,1.54,0.76,0.52,0.05,-0.01,-0.09
2024-03-25 17:2:49.0300,1.07,0.73,0.99,0.12,0.01,-0.11
2024-03-25 17:2:49.0400,1.07,0.73,0.99,0.2,0.04,-0.12
2024-03-25 17:2:49.0490,0.96,0.57,1.23,0.26,0.03,-0.1
2024-03-25 17:2:49.0600,0.69,0.48,1.34,0.31,0.02,-0.06
2024-03-25 17:2:49.0690,0.33,0.48,1.31,0.33,0.01,-0.01
2024-03-25 17:2:49.0800,0.14,0.57,1.26,0.34,0.02,0.04
2024-03-25 17:2:49.0900,0.08,0.65,1.19,0.34,0.01,0.07
2024-03-25 17:2:49.0990,0.02,0.58,1.16,0.32,-0.07,0.1
2024-03-25 17:2:49.1100,-0.03,0.37,1.34,0.31,-0.09,0.04
2024-03-25 17:2:49.1200,-0.02,0.46,1.44,0.27,-0.2,-0.01
2024-03-25 17:2:49.1290,0.11,0.64,1.42,0.16,-0.32,-0.06
2024-03-25 17:2:49.1390,-0.19,0.91,1.46,-0.01,-0.39,-0.05
2024-03-25 17:2:49.1500,-0.66,1.1,1.2,-0.15,-0.42,0.02
2024-03-25 17:2:49.1600,-1.27,1.15,1.09,-0.14,-0.4,0.13
2024-03-25 17:2:49.1690,-1.76,0.97,1.56,0.04,-0.34,0.22
2024-03-25 17:2:49.1800,-1.74,0.57,2.5,0.27,-0.21,0.25
2024-03-25 17:2:49.1890,-1.14,-0.02,3.22,0.39,-0.02,0.24
2024-03-25 17:2:49.1990,-0.4,-0.72,2.98,0.34,0.13,0.21
2024-03-25 17:2:49.2090,0.0,-1.43,1.85,0.21,0.25,0.17
2024-03-25 17:2:49.2190,-0.03,-2.16,0.78,0.14,0.3,0.11
2024-03-25 17:2:49.2290,-0.08,-2.69,0.42,0.11,0.27,0.04
2024-03-25 17:2:49.2390,-0.04,-2.88,0.76,0.1,0.2,-0.01
2024-03-25 17:2:49.2490,-0.16,-2.75,0.88,0.09,0.13,-0.05
2024-03-25 17:2:49.2590,-0.36,-2.35,0.64,0.04,0.07,-0.05
2024-03-25 17:2:49.2690,-0.53,-1.8,0.22,-0.07,0.02,-0.0
2024-03-25 17:2:49.2790,-0.84,-1.29,-0.38,-0.2,-0.0,0.07
2024-03-25 17:2:49.2890,-1.17,-0.94,-0.9,-0.28,-0.01,0.14
2024-03-25 17:2:49.2990,-1.33,-0.9,-0.98,-0.32,0.01,0.19
2024-03-25 17:2:49.3090,-1.32,-1.03,-0.62,-0.33,0.02,0.23
2024-03-25 17:2:49.3190,-1.07,-1.11,-0.27,-0.31,0.02,0.23
2024-03-25 17:2:49.3290,-0.28177074417471887,-1.02,0.0,-0.28,0.01,0.2
2024-03-25 17:2:49.3400,-0.29,-1.02,0.0,-0.23,0.02,0.19
2024-03-25 17:2:49.3490,0.0,-0.79,0.0,-0.16,0.04,0.18
2024-03-25 17:2:49.3590,0.09,-0.58,-0.1,-0.11,0.06,0.19
2024-03-25 17:2:49.3690,0.17,-0.35,-0.31,-0.06,0.09,0.19
2024-03-25 17:2:49.3790,0.18,-0.18,-0.72,-0.06,0.09,0.19
2024-03-25 17:2:49.3890,0.12,-0.05,-1.12,-0.08,0.06,0.18
2024-03-25 17:2:49.3990,0.12,0.15,-1.5,-0.13,0.04,0.13
2024-03-25 17:2:49.4090,0.28,0.35,-1.86,-0.19,0.01,0.08
2024-03-25 17:2:49.4190,0.36,0.36,-2.13,-0.21,-0.03,0.03
2024-03-25 17:2:49.4290,0.22,0.33,-2.07,-0.17,-0.04,0.02
2024-03-25 17:2:49.4390,-0.02,0.34,-1.73,-0.08,0.0,0.05
2024-03-25 17:2:49.4490,-0.4,0.24,-1.27,-0.01,0.1,0.09
2024-03-25 17:2:49.4590,-0.77,0.12,-0.93,0.11,0.2,0.16
2024-03-25 17:2:49.4690,-1.03,-0.17,-0.82,0.27,0.22,0.18
2024-03-25 17:2:49.4790,-1.21,-0.43,-0.22,0.4,0.24,0.16
2024-03-25 17:2:49.4890,-0.89,-0.53,0.24,0.47,0.26,0.09
2024-03-25 17:2:49.4990,-0.18,-0.51,-0.09,0.49,0.28,0.01
2024-03-25 17:2:49.5090,0.41,-0.27,-0.65,0.47,0.26,-0.06
2024-03-25 17:2:49.5190,0.57,0.05,-1.2,0.43,0.25,-0.1
2024-03-25 17:2:49.5290,0.33,0.34,-1.55,0.38,0.24,-0.1
2024-03-25 17:2:49.5390,-0.09,0.54,-1.75,0.35,0.2,-0.07
2024-03-25 17:2:49.5490,-0.62,0.73,-1.63,0.34,0.13,-0.05
2024-03-25 17:2:49.5590,-0.86,0.9,-1.32,0.34,0.04,-0.02
2024-03-25 17:2:49.5690,-0.87,1.05,-0.9,0.32,-0.05,-0.01
2024-03-25 17:2:49.5790,-0.82,1.16,-0.53,0.31,-0.08,-0.0
2024-03-25 17:2:49.5890,-0.74,1.13,-0.39,0.36,-0.09,-0.02
2024-03-25 17:2:49.5990,-0.51,0.97,-0.1,0.4,-0.11,-0.05
2024-03-25 17:2:49.6090,-0.33,0.86,0.37,0.42,-0.1,-0.07
2024-03-25 17:2:49.6190,-0.34,0.78,0.42,0.47,-0.08,-0.09
2024-03-25 17:2:49.6290,-0.36,0.69,0.48,0.51,-0.08,-0.11
2024-03-25 17:2:49.6390,-0.3,0.7,0.75,0.52,-0.11,-0.15
2024-03-25 17:2:49.6490,-0.16,0.83,0.87,0.43,-0.15,-0.18
2024-03-25 17:2:49.6590,0.09,1.14,0.64,0.25,-0.14,-0.17
2024-03-25 17:2:49.6690,0.09,1.47,0.12,0.04,-0.03,-0.08
2024-03-25 17:2:49.6790,-0.39,1.52,-0.3,-0.1,0.13,0.09
2024-03-25 17:2:49.6890,-1.26,1.06,-0.03,-0.12,0.17,0.17
2024-03-25 17:2:49.6990,-1.81,0.19,1.15,-0.11,0.03,0.12
2024-03-25 17:2:49.7090,-1.5,-0.63,2.5,-0.05,-0.08,-0.02
2024-03-25 17:2:49.7190,-0.51,-1.01,3.31,-0.06,-0.08,-0.21
2024-03-25 17:2:49.7290,0.8,-1.08,3.58,-0.14,-0.0,-0.34
2024-03-25 17:2:49.7390,1.66,-0.79,2.99,-0.18,0.05,-0.39
2024-03-25 17:2:49.7490,1.57,-0.6,2.54,-0.14,0.05,-0.4
2024-03-25 17:2:49.7590,1.28,-0.42,3.0,0.02,0.04,-0.44
2024-03-25 17:2:49.7690,1.39,-0.44,3.61,0.24,0.0,-0.43
2024-03-25 17:2:49.7790,1.79,-0.54,4.0,0.43,-0.03,-0.41
2024-03-25 17:2:49.7890,1.9,-0.71,3.79,0.53,-0.04,-0.42
2024-03-25 17:2:49.7990,2.07,-1.12,2.83,0.53,0.01,-0.39
2024-03-25 17:2:49.8090,2.47,-1.37,1.49,0.47,0.12,-0.33
2024-03-25 17:2:49.8190,2.48,-1.51,0.1,0.31,0.17,-0.31
2024-03-25 17:2:49.8290,2.41,-1.45,-1.0,-0.01,0.11,-0.34
2024-03-25 17:2:49.8390,2.31,-1.3,-2.05,-0.36,0.02,-0.35
2024-03-25 17:2:49.8490,1.9,-1.24,-2.99,-0.54,-0.08,-0.34
2024-03-25 17:2:49.8590,1.28,-1.43,-2.84,-0.55,-0.16,-0.35
2024-03-25 17:2:49.8690,0.91,-1.72,-1.49,-0.46,-0.23,-0.38
2024-03-25 17:2:49.8790,0.87,-1.86,-0.31,-0.36,-0.28,-0.43
2024-03-25 17:2:49.8890,0.96,-1.77,0.13,-0.27,-0.26,-0.47
2024-03-25 17:2:49.8990,0.96,-1.5,-0.06,-0.18,-0.21,-0.49
2024-03-25 17:2:49.9090,0.75,-1.14,-0.49,-0.11,-0.14,-0.48
2024-03-25 17:2:49.9190,0.42,-0.75,-0.8,-0.07,-0.06,-0.46
2024-03-25 17:2:49.9290,0.1,-0.48,-1.26,-0.05,0.02,-0.43
2024-03-25 17:2:49.9390,-0.13,-0.23,-1.81,-0.02,0.07,-0.4
2024-03-25 17:2:49.9490,-0.22,-0.11,-2.14,-0.0,0.09,-0.39
2024-03-25 17:2:49.9590,-0.23,-0.09,-2.34,0.04,0.08,-0.38
2024-03-25 17:2:49.9690,-0.19,-0.21,-2.42,0.09,0.02,-0.37
2024-03-25 17:2:49.9790,-0.21,-0.32,-2.24,0.1,-0.02,-0.34
2024-03-25 17:2:49.9890,-0.31,-0.28,-2.13,0.05,-0.04,-0.29
2024-03-25 17:2:49.9990,-0.25,-0.18,-2.44,-0.03,-0.05,-0.23
2024-03-25 17:2:50.0090,-0.12,0.01,-2.76,-0.1,-0.05,-0.19
2024-03-25 17:2:50.0190,0.14,0.12,-2.85,-0.17,-0.03,-0.17
2024-03-25 17:2:50.0290,0.56,0.08,-2.63,-0.21,-0.0,-0.18
2024-03-25 17:2:50.0390,0.9,-0.02,-2.43,-0.2,0.01,-0.2
2024-03-25 17:2:50.0490,1.06,-0.14,-1.96,-0.17,0.01,-0.2
2024-03-25 17:2:50.0590,1.09,-0.16,-1.4,-0.14,0.01,-0.18
2024-03-25 17:2:50.0690,0.93,-0.01,-1.03,-0.11,-0.02,-0.16
2024-03-25 17:2:50.0790,0.67,0.21,-0.76,-0.09,-0.05,-0.16
2024-03-25 17:2:50.0890,0.67,0.44,-0.56,-0.09,-0.08,-0.17
2024-03-25 17:2:50.0990,0.91,0.73,-0.54,-0.1,-0.1,-0.18
2024-03-25 17:2:50.1090,1.05,1.04,-0.55,-0.17,-0.08,-0.19
2024-03-25 17:2:50.1190,1.02,1.39,-0.65,-0.24,-0.05,-0.2
2024-03-25 17:2:50.1290,0.98,1.51,-0.79,-0.28,0.0,-0.21
2024-03-25 17:2:50.1390,0.93,1.53,-0.47,-0.26,0.01,-0.21
2024-03-25 17:2:50.1490,0.54,1.34,1.08,-0.21,-0.01,-0.21
2024-03-25 17:2:50.1590,0.54,1.34,1.08,-0.12,-0.03,-0.22
2024-03-25 17:2:50.1690,0.5,1.22,1.92,-0.01,-0.06,-0.23
2024-03-25 17:2:50.1790,0.62,1.01,2.52,0.1,-0.06,-0.23
2024-03-25 17:2:50.1890,0.68,0.86,2.91,0.2,-0.03,-0.23
2024-03-25 17:2:50.1990,0.68,1.01,3.12,0.23,-0.03,-0.25
2024-03-25 17:2:50.2090,0.7,1.23,3.0,0.18,-0.05,-0.28
2024-03-25 17:2:50.2190,0.74,1.69,2.48,0.0,-0.02,-0.21
2024-03-25 17:2:50.2290,0.53,2.29,1.76,-0.27,0.15,-0.03
2024-03-25 17:2:50.2390,-0.45,2.49,0.98,-0.52,0.24,0.18
2024-03-25 17:2:50.2490,-1.59,1.96,1.05,-0.57,0.06,0.34
2024-03-25 17:2:50.2590,-2.22,0.96,2.45,-0.39,-0.26,0.32
2024-03-25 17:2:50.2690,-2.2,-0.4,4.81,-0.02,-0.33,0.16
2024-03-25 17:2:50.2790,-0.84,-1.85,6.59,0.3,-0.11,-0.08
2024-03-25 17:2:50.2890,1.09,-2.93,6.99,0.44,0.11,-0.29
2024-03-25 17:2:50.2990,2.03,-3.62,5.75,0.54,0.23,-0.37
2024-03-25 17:2:50.3090,1.57,-3.74,4.09,0.7,0.28,-0.4
2024-03-25 17:2:50.3190,0.59,-3.35,3.13,0.81,0.29,-0.36
2024-03-25 17:2:50.3290,-0.21,-2.81,2.34,0.8,0.27,-0.29
2024-03-25 17:2:50.3390,-0.89,-2.19,0.73,0.69,0.24,-0.2
2024-03-25 17:2:50.3490,-1.27,-1.66,-1.1,0.5,0.2,-0.11
2024-03-25 17:2:50.3590,-1.47,-1.29,-2.6,0.26,0.15,-0.05
2024-03-25 17:2:50.3690,-1.54,-1.08,-3.66,-0.01,0.1,0.01
2024-03-25 17:2:50.3780,-1.6,-0.97,-4.21,-0.27,0.04,0.09
2024-03-25 17:2:50.3890,-1.93,-1.03,-4.29,-0.43,0.0,0.17
2024-03-25 17:2:50.3990,-2.33,-1.17,-3.83,-0.49,-0.01,0.25
2024-03-25 17:2:50.4090,-2.61,-1.3,-2.76,-0.49,0.0,0.33
2024-03-25 17:2:50.4190,-2.6,-1.45,-1.63,-0.43,0.01,0.39
2024-03-25 17:2:50.4280,-2.4,-1.47,-0.79,-0.35,0.03,0.44
2024-03-25 17:2:50.4380,-2.02,-1.38,-0.14,-0.28,0.06,0.45
2024-03-25 17:2:50.4490,-1.48,-1.26,0.18,-0.21,0.08,0.43
2024-03-25 17:2:50.4590,-0.99,-1.11,0.17,-0.16,0.11,0.4
2024-03-25 17:2:50.4680,-0.56,-0.87,0.01,-0.12,0.15,0.36
2024-03-25 17:2:50.4790,-0.26,-0.54,-0.31,-0.1,0.2,0.31
2024-03-25 17:2:50.4880,-0.08,-0.15,-0.72,-0.13,0.26,0.28
2024-03-25 17:2:50.4980,0.03,0.31,-1.26,-0.18,0.32,0.26
2024-03-25 17:2:50.5080,-0.03,0.67,-1.76,-0.25,0.37,0.25
2024-03-25 17:2:50.5180,-0.13,0.95,-2.11,-0.31,0.4,0.25
2024-03-25 17:2:50.5280,-0.19,1.0,-2.32,-0.36,0.44,0.26
2024-03-25 17:2:50.5380,-0.22,0.9,-2.35,-0.34,0.46,0.27
2024-03-25 17:2:50.5490,-0.23,0.65,-2.03,-0.26,0.45,0.28
2024-03-25 17:2:50.5580,-0.25,0.39,-1.43,-0.14,0.4,0.26
2024-03-25 17:2:50.5680,-0.11,0.19,-0.71,-0.05,0.34,0.22
2024-03-25 17:2:50.5780,0.23,0.1,-0.4,-0.01,0.29,0.17
2024-03-25 17:2:50.5880,0.53,0.2,-0.54,-0.03,0.27,0.14
2024-03-25 17:2:50.5980,0.53,0.39,-0.88,-0.06,0.26,0.13
2024-03-25 17:2:50.6080,0.38,0.64,-1.3,-0.07,0.25,0.12
2024-03-25 17:2:50.6180,0.17,0.81,-1.45,-0.07,0.2,0.11
2024-03-25 17:2:50.6280,0.05,0.86,-1.4,-0.03,0.1,0.13
2024-03-25 17:2:50.6380,-0.1,0.82,-1.1,0.01,-0.01,0.11
2024-03-25 17:2:50.6480,-0.2,0.9,-0.62,0.05,-0.12,0.09
2024-03-25 17:2:50.6580,-0.1,0.93,-0.4,0.1,-0.19,0.09
2024-03-25 17:2:50.6690,-0.15,1.01,-0.18,0.15,-0.25,0.1
2024-03-25 17:2:50.6780,-0.38,1.12,0.07,0.19,-0.3,0.13
2024-03-25 17:2:50.6880,-0.62,1.11,0.26,0.22,-0.37,0.14
2024-03-25 17:2:50.6980,-0.64,1.03,0.45,0.25,-0.46,0.14
2024-03-25 17:2:50.7080,-0.62,0.8,0.61,0.31,-0.52,0.12
2024-03-25 17:2:50.7180,-0.43,0.66,0.77,0.35,-0.52,0.06
2024-03-25 17:2:50.7290,-0.12,0.63,0.9,0.37,-0.46,0.01
2024-03-25 17:2:50.7380,0.16,0.72,0.72,0.39,-0.38,-0.01
2024-03-25 17:2:50.7480,0.07,0.83,0.55,0.44,-0.31,-0.01
2024-03-25 17:2:50.7580,-0.28,0.91,0.7,0.54,-0.26,-0.04
2024-03-25 17:2:50.7680,-0.51,0.92,1.15,0.56,-0.28,-0.11
2024-03-25 17:2:50.7780,-0.19,1.02,1.35,0.42,-0.32,-0.18
2024-03-25 17:2:50.7880,0.29,1.45,0.99,0.17,-0.28,-0.13
2024-03-25 17:2:50.7980,0.22,1.99,0.24,-0.05,-0.2,0.03
2024-03-25 17:2:50.8080,-0.85,1.82,0.16,-0.1,-0.13,0.21
2024-03-25 17:2:50.8180,-1.72,0.99,1.27,0.03,-0.16,0.29
2024-03-25 17:2:50.8280,-1.53,-0.14,3.01,0.22,-0.2,0.27
2024-03-25 17:2:50.8380,-0.57,-1.24,4.36,0.35,-0.22,0.17
2024-03-25 17:2:50.8480,0.7,-1.97,4.45,0.33,-0.19,0.07
2024-03-25 17:2:50.8580,1.79,-2.2,3.39,0.25,-0.14,-0.01
2024-03-25 17:2:50.8680,2.07,-2.25,1.96,0.14,-0.14,-0.04
2024-03-25 17:2:50.8780,1.81,-2.07,1.14,0.03,-0.16,-0.07
2024-03-25 17:2:50.8880,1.45,-1.83,0.65,-0.09,-0.17,-0.09
2024-03-25 17:2:50.8980,1.25,-1.61,0.23,-0.24,-0.15,-0.08
2024-03-25 17:2:50.9080,1.13,-1.4,-0.3,-0.44,-0.11,-0.05
2024-03-25 17:2:50.9180,0.8,-1.07,-0.9,-0.65,-0.05,-0.03
2024-03-25 17:2:50.9280,0.51,-0.82,-1.42,-0.82,0.06,-0.0
2024-03-25 17:2:50.9380,0.3,-0.79,-1.43,-0.89,0.15,-0.01
2024-03-25 17:2:50.9480,0.19,-0.9,-0.71,-0.82,0.22,-0.07
2024-03-25 17:2:50.9580,0.41,-1.22,0.43,-0.7,0.24,-0.15
2024-03-25 17:2:50.9680,0.83,-1.36,1.56,-0.59,0.21,-0.22
2024-03-25 17:2:50.9780,0.92,-1.35,1.94,-0.51,0.17,-0.28
2024-03-25 17:2:50.9880,0.86,-1.29,1.8,-0.4,0.14,-0.3
2024-03-25 17:2:50.9980,0.83,-1.26,1.44,-0.24,0.14,-0.3
2024-03-25 17:2:51.0080,0.79,-1.1,1.17,-0.08,0.18,-0.28
2024-03-25 17:2:51.0180,0.58,-1.09,0.75,0.01,0.18,-0.26
2024-03-25 17:2:51.0280,-0.22,-0.79,-1.15,0.05,0.18,-0.24
2024-03-25 17:2:51.0380,-0.22,-0.79,-1.15,0.09,0.23,-0.24
2024-03-25 17:2:51.0480,-0.21,-0.75,-2.67,0.12,0.3,-0.27
2024-03-25 17:2:51.0580,-0.21,-0.75,-2.67,0.11,0.35,-0.3
2024-03-25 17:2:51.0680,0.06,-0.73,-3.14,0.03,0.34,-0.3
2024-03-25 17:2:51.0780,-0.03,-0.63,-3.66,-0.05,0.26,-0.23
2024-03-25 17:2:51.0880,-0.48,-0.51,-4.06,-0.07,0.17,-0.11
2024-03-25 17:2:51.0980,-1.21,-0.38,-3.88,-0.05,0.14,0.01
2024-03-25 17:2:51.1080,-1.58,-0.3093296948075295,-2.96,-0.03,0.15,0.08
2024-03-25 17:2:51.1180,-1.25,-0.31,-2.96,-0.02,0.16,0.1
2024-03-25 17:2:51.1280,-0.37,-0.27,-2.77,-0.02,0.15,0.06
2024-03-25 17:2:51.1380,0.57,-0.21,-2.62,-0.07,0.15,0.06
2024-03-25 17:2:51.1480,1.14,-0.02,-2.36,-0.09,0.15,0.07
2024-03-25 17:2:51.1580,1.21,0.05,-2.35,-0.12,0.14,0.07
2024-03-25 17:2:51.1680,1.27,0.11,-2.18,-0.2,0.09,0.08
2024-03-25 17:2:51.1780,1.09,0.25,-2.07,-0.29,0.03,0.12
2024-03-25 17:2:51.1880,0.52,0.48,-2.11,-0.35,-0.01,0.12
2024-03-25 17:2:51.1980,0.25,0.71,-1.86,-0.34,-0.03,0.08
2024-03-25 17:2:51.2080,0.46,0.77,-1.24,-0.32,-0.03,0.02
2024-03-25 17:2:51.2180,0.93,0.71,-0.52,-0.28,-0.06,-0.04
2024-03-25 17:2:51.2280,1.28,0.68,0.1,-0.24,-0.08,-0.09
2024-03-25 17:2:51.2380,1.41,0.75,0.73,-0.18,-0.08,-0.13
2024-03-25 17:2:51.2480,1.48,0.82,1.26,-0.12,-0.08,-0.14
2024-03-25 17:2:51.2580,1.37,0.96,1.62,-0.05,-0.06,-0.11
2024-03-25 17:2:51.2680,0.92,1.11,1.92,0.08,-0.04,-0.05
2024-03-25 17:2:51.2780,0.45,1.18,2.2,0.22,0.0,0.0
2024-03-25 17:2:51.2880,0.2,1.32,2.53,0.32,0.08,0.04
2024-03-25 17:2:51.2980,0.24,1.37,2.46,0.36,0.15,0.06
2024-03-25 17:2:51.3080,0.4,1.29,2.03,0.35,0.12,0.08
2024-03-25 17:2:51.3180,0.46,1.33,1.7,0.25,0.04,0.09
2024-03-25 17:2:51.3280,0.32,1.6,1.39,0.03,-0.08,0.12
2024-03-25 17:2:51.3380,-0.04,1.95,0.91,-0.28,-0.17,0.19
2024-03-25 17:2:51.3480,-0.96,2.23,0.23,-0.57,-0.23,0.32
2024-03-25 17:2:51.3580,-2.06,2.2,0.01,-0.65,-0.33,0.44
2024-03-25 17:2:51.3680,-2.77,1.52,0.82,-0.53,-0.44,0.47
2024-03-25 17:2:51.3780,-2.52,0.31,2.86,-0.2,-0.5,0.37
2024-03-25 17:2:51.3880,-1.0,-1.12,4.88,0.17,-0.5,0.19
2024-03-25 17:2:51.3980,0.65,-2.59,6.06,0.47,-0.29,0.03
2024-03-25 17:2:51.4080,1.58,-2.94,5.91,0.63,-0.05,0.01
2024-03-25 17:2:51.4180,1.03,-3.37,4.67,0.7,0.12,0.09
2024-03-25 17:2:51.4280,-0.18,-2.85,3.3,0.77,0.23,0.2
2024-03-25 17:2:51.4380,-1.45,-2.02,1.92,0.84,0.31,0.29
2024-03-25 17:2:51.4480,-2.2,-1.19,0.98,0.83,0.36,0.36
2024-03-25 17:2:51.4580,-2.43,-0.53,0.03,0.71,0.33,0.4
2024-03-25 17:2:51.4680,-2.48,-0.17,-2.2157450687885287,0.46,0.26,0.43
2024-03-25 17:2:51.4780,-2.38,0.03,-2.22,0.09,0.17,0.44
2024-03-25 17:2:51.4880,-2.23,-0.12,-3.16,-0.27,0.04,0.43
2024-03-25 17:2:51.4980,-1.93,-0.58,-3.69,-0.5,-0.08,0.44
2024-03-25 17:2:51.5080,-1.57,-1.05,-3.32,-0.64,-0.18,0.44
2024-03-25 17:2:51.5180,-1.26,-1.54,-2.24,-0.72,-0.18,0.43
2024-03-25 17:2:51.5280,-0.84,-1.78,-1.28,-0.71,-0.11,0.4
2024-03-25 17:2:51.5380,-0.4,-1.92,-0.76,-0.63,0.02,0.36
2024-03-25 17:2:51.5480,-0.18,-1.81,-0.12,-0.49,0.17,0.35
2024-03-25 17:2:51.5580,-0.25,-1.4,0.37,-0.32,0.25,0.35
2024-03-25 17:2:51.5680,-0.55,-0.87,0.64,-0.16,0.28,0.33
2024-03-25 17:2:51.5780,-0.73,-0.38,0.74,-0.04,0.31,0.29
2024-03-25 17:2:51.5880,-0.52,-0.08,0.47,0.03,0.28,0.24
2024-03-25 17:2:51.5980,-0.28,0.19,-0.14,0.05,0.2,0.2
2024-03-25 17:2:51.6080,-0.12,0.49,-0.77,0.07,0.13,0.16
2024-03-25 17:2:51.6180,0.13,0.73,-1.25,0.1,0.11,0.16
2024-03-25 17:2:51.6280,0.43,0.83,-1.64,0.11,0.11,0.17
2024-03-25 17:2:51.6380,0.55,0.82,-2.03,0.1,0.09,0.19
2024-03-25 17:2:51.6480,0.55,0.68,-2.42,0.11,0.08,0.2
2024-03-25 17:2:51.6580,0.59,0.45,-2.75,0.12,0.09,0.18
2024-03-25 17:2:51.6680,0.66,0.07,-2.76,0.12,0.1,0.13
2024-03-25 17:2:51.6780,0.87,-0.29,-2.82,0.1,0.07,0.07
2024-03-25 17:2:51.6880,0.95,-0.47,-2.93,0.06,0.03,-0.01
2024-03-25 17:2:51.6980,0.91,-0.46,-3.0,0.01,0.01,-0.08
2024-03-25 17:2:51.7070,0.83,-0.3,-3.02,-0.05,0.0,-0.14
2024-03-25 17:2:51.7180,0.7,0.01,-2.97,-0.13,-0.0,-0.15
2024-03-25 17:2:51.7280,0.52,0.39,-2.96,-0.2,-0.03,-0.12
2024-03-25 17:2:51.7380,0.15,0.72,-2.8,-0.23,-0.07,-0.08
2024-03-25 17:2:51.7470,-0.3,0.96,-2.22,-0.22,-0.11,-0.05
2024-03-25 17:2:51.7580,-0.49,1.06,-1.46,-0.17,-0.13,-0.04
2024-03-25 17:2:51.7680,-0.47,0.99,-0.77,-0.09,-0.15,-0.04
2024-03-25 17:2:51.7780,-0.44,1.02,0.0,0.01,-0.17,-0.07
2024-03-25 17:2:51.7880,-0.38,1.12,0.73,0.08,-0.23,-0.1
2024-03-25 17:2:51.7980,-0.2,1.32,1.31,0.09,-0.3,-0.1
2024-03-25 17:2:51.8070,-0.13,1.6,1.49,0.06,-0.33,-0.08
2024-03-25 17:2:51.8170,-0.28,1.82,1.46,0.02,-0.35,-0.02
2024-03-25 17:2:51.8270,-0.5,1.91,1.44,0.04,-0.41,0.03
2024-03-25 17:2:51.8370,-0.6,1.92,1.76,0.15,-0.45,0.03
2024-03-25 17:2:51.8470,-0.31,1.69,2.46,0.34,-0.45,-0.05
2024-03-25 17:2:51.8570,0.27,1.28,3.28,0.54,-0.4,-0.18
2024-03-25 17:2:51.8670,1.07,0.84,3.79,0.73,-0.36,-0.32
2024-03-25 17:2:51.8770,1.65,0.68,3.83,0.91,-0.36,-0.47
2024-03-25 17:2:51.8870,1.9,0.81,3.64,1.02,-0.35,-0.62
2024-03-25 17:2:51.8970,2.08,1.26,3.23,0.94,-0.32,-0.68
2024-03-25 17:2:51.9070,2.1,2.07,2.34,0.72,-0.19,-0.56
2024-03-25 17:2:51.9170,1.01,2.5,0.9,0.51,0.01,-0.27
2024-03-25 17:2:51.9270,-0.86,1.87,0.2,0.49,0.11,0.01
2024-03-25 17:2:51.9370,-2.43,0.23,1.19,0.58,0.05,0.12
2024-03-25 17:2:51.9470,-2.51,-1.66,3.11,0.75,-0.04,0.02
2024-03-25 17:2:51.9570,-0.84,-3.48,4.0,0.81,-0.06,-0.2
2024-03-25 17:2:51.9670,1.66,-4.48,3.85,0.66,0.01,-0.39
2024-03-25 17:2:51.9770,3.31,-4.52,2.16,0.34,0.11,-0.49
2024-03-25 17:2:51.9880,3.45,-4.05,-0.16,-0.06,0.19,-0.46
2024-03-25 17:2:51.9970,2.56,-3.19,-1.85,-0.42,0.21,-0.33
2024-03-25 17:2:52.0070,0.99,-2.23,-2.61,-0.66,0.15,-0.2
2024-03-25 17:2:52.0170,-0.19,-1.28,-2.21,-0.76,0.02,-0.18
2024-03-25 17:2:52.0270,-0.15,-0.76,-1.1,-0.82,-0.13,-0.23
2024-03-25 17:2:52.0370,0.69,-0.64,-0.05,-0.82,-0.28,-0.33
2024-03-25 17:2:52.0470,1.39,-0.47,0.36,-0.73,-0.35,-0.4
2024-03-25 17:2:52.0570,1.56,-0.2,0.76,-0.55,-0.35,-0.43
2024-03-25 17:2:52.0670,1.39,0.0,1.26,-0.34,-0.31,-0.44
2024-03-25 17:2:52.0770,1.2,0.19,1.42,-0.14,-0.23,-0.45
2024-03-25 17:2:52.0870,1.01,0.27,1.12,0.02,-0.13,-0.44
2024-03-25 17:2:52.0970,0.78,0.13,0.3,0.12,-0.02,-0.44
2024-03-25 17:2:52.1070,0.38,-0.14,-0.8,0.15,0.09,-0.44
2024-03-25 17:2:52.1170,0.06,-0.32,-1.95,0.11,0.21,-0.46
2024-03-25 17:2:52.1270,-0.1,-0.4,-3.04,0.0,0.28,-0.45
2024-03-25 17:2:52.1370,-0.19,-0.34,-3.86,-0.09,0.29,-0.38
2024-03-25 17:2:52.1470,-0.56,-0.26,-4.26,-0.16,0.26,-0.29
2024-03-25 17:2:52.1570,-1.15,-0.29,-3.94,-0.18,0.22,-0.19
2024-03-25 17:2:52.1670,-1.49,-0.49,-3.4,-0.2,0.19,-0.11
2024-03-25 17:2:52.1770,-1.41,-0.77,-2.76,-0.25,0.16,-0.03
2024-03-25 17:2:52.1870,-1.12,-0.87,-2.29,-0.32,0.11,0.05
2024-03-25 17:2:52.1970,-0.81,-0.68,-2.05,-0.39,0.03,0.08
2024-03-25 17:2:52.2070,-0.33,-0.35,-1.69,-0.43,-0.03,0.08
2024-03-25 17:2:52.2170,0.23,-0.08,-1.25,-0.47,-0.07,0.06
2024-03-25 17:2:52.2270,0.74,0.14,-0.76,-0.51,-0.07,0.03
2024-03-25 17:2:52.2370,0.97,0.46,-0.42,-0.54,-0.03,0.03
2024-03-25 17:2:52.2470,0.83,0.78,0.02,-0.53,0.04,0.05
2024-03-25 17:2:52.2570,0.53,1.02,0.73,-0.47,0.11,0.06
2024-03-25 17:2:52.2670,0.34,1.25,1.82,-0.41,0.23,0.08
2024-03-25 17:2:52.2770,0.28,1.42,2.79,-0.33,0.34,0.11
2024-03-25 17:2:52.2870,0.2,1.57,3.52,-0.21,0.44,0.14
2024-03-25 17:2:52.2970,0.17,1.57,4.26,-0.03,0.47,0.16
2024-03-25 17:2:52.3070,0.2,1.48,5.17,0.18,0.48,0.14
2024-03-25 17:2:52.3170,0.33,1.35,5.99,0.37,0.49,0.09
2024-03-25 17:2:52.3270,0.46,1.46,6.14,0.55,0.49,0.06
2024-03-25 17:2:52.3370,0.46,1.46,6.14,0.66,0.45,0.07
2024-03-25 17:2:52.3470,0.03,1.81,5.64,0.68,0.34,0.13
2024-03-25 17:2:52.3570,-0.75,2.17,4.69,0.6,0.17,0.24
2024-03-25 17:2:52.3670,-1.66,2.31,3.57,0.54,-0.02,0.33
2024-03-25 17:2:52.3770,-2.03,1.91,2.66,0.51,-0.15,0.37
2024-03-25 17:2:52.3870,-1.51,1.17,2.41,0.46,-0.19,0.35
2024-03-25 17:2:52.3970,-0.69,0.08,2.3,0.38,-0.1,0.32
2024-03-25 17:2:52.4070,-0.24,-1.1,1.99,0.36,0.04,0.32
2024-03-25 17:2:52.4170,-0.31,-2.13,1.88,0.39,0.18,0.35
2024-03-25 17:2:52.4270,-0.88,-2.87,2.23,0.44,0.23,0.39
2024-03-25 17:2:52.4370,-1.49,-3.4,2.39,0.5,0.2,0.41
2024-03-25 17:2:52.4470,-1.8,-3.77,2.09,0.54,0.11,0.4
2024-03-25 17:2:52.4570,-1.72,-3.96,1.46,0.52,-0.01,0.33
2024-03-25 17:2:52.4670,-1.25,-4.04,0.4,0.42,-0.12,0.23
2024-03-25 17:2:52.4770,-0.55,-3.96,-1.03,0.24,-0.14,0.15
2024-03-25 17:2:52.4870,-0.02,-3.53,-2.54,-0.01,-0.05,0.11
2024-03-25 17:2:52.4970,-0.11,-3.08,-3.88,-0.3,0.08,0.15
2024-03-25 17:2:52.5070,-0.35,-2.79,-4.85,-0.54,0.18,0.23
2024-03-25 17:2:52.5170,-0.86,-2.26,-5.14,-0.69,0.28,0.3
2024-03-25 17:2:52.5270,-1.16,-2.05,-4.87,-0.78,0.33,0.33
2024-03-25 17:2:52.5370,-0.89,-1.86,-4.3,-0.79,0.33,0.31
2024-03-25 17:2:52.5470,-0.44,-1.88,-3.64,-0.75,0.23,0.23
2024-03-25 17:2:52.5570,0.11,-1.82,-2.83,-0.7,0.14,0.19
2024-03-25 17:2:52.5670,0.34,-1.58,-2.22,-0.62,0.08,0.18
2024-03-25 17:2:52.5770,0.38,-1.4,-2.04,-0.55,0.06,0.22
2024-03-25 17:2:52.5870,0.3,-1.27,-1.86,-0.48,0.07,0.27
2024-03-25 17:2:52.5970,0.21,-1.22,-1.92,-0.42,0.08,0.32
2024-03-25 17:2:52.6070,0.22,-1.2,-1.93,-0.36,0.07,0.34
2024-03-25 17:2:52.6170,0.21,-1.13,-2.02,-0.33,0.04,0.34
2024-03-25 17:2:52.6270,0.22,-1.06,-2.33,-0.31,-0.01,0.31
2024-03-25 17:2:52.6370,0.19,-0.91,-2.65,-0.3,-0.07,0.31
2024-03-25 17:2:52.6470,-0.06,-0.71,-2.96,-0.32,-0.14,0.31
2024-03-25 17:2:52.6570,-0.47,-0.42,-3.23,-0.36,-0.18,0.32
2024-03-25 17:2:52.6670,-0.78,-0.17,-3.45,-0.39,-0.18,0.33
2024-03-25 17:2:52.6770,-0.95,-0.08,-3.45,-0.39,-0.16,0.34
2024-03-25 17:2:52.6870,-1.07,0.0,-3.1,-0.4,-0.15,0.36
2024-03-25 17:2:52.6970,-1.09,0.12,-2.64,-0.43,-0.12,0.37
2024-03-25 17:2:52.7070,-0.85,0.28,-2.42,-0.46,-0.08,0.35
2024-03-25 17:2:52.7170,-0.4,0.38,-2.26,-0.49,-0.05,0.32
2024-03-25 17:2:52.7270,0.13,0.36,-1.94,-0.51,-0.03,0.28
2024-03-25 17:2:52.7370,0.45,0.3,-1.37,-0.5,0.02,0.25
2024-03-25 17:2:52.7470,0.61,0.28,-0.64,-0.45,0.07,0.21
2024-03-25 17:2:52.7570,0.56,0.37,0.06,-0.37,0.13,0.15
2024-03-25 17:2:52.7670,0.5,0.65,0.83,-0.29,0.17,0.08
2024-03-25 17:2:52.7770,0.51,1.06,1.42,-0.26,0.18,0.01
2024-03-25 17:2:52.7870,0.58,1.53,1.7,-0.27,0.13,-0.05
2024-03-25 17:2:52.7970,0.59,2.12,1.83,-0.29,0.04,-0.08
2024-03-25 17:2:52.8070,0.35,2.67,2.18,-0.34,-0.04,-0.11
2024-03-25 17:2:52.8170,0.11,3.08,2.69,-0.39,-0.07,-0.12
2024-03-25 17:2:52.8270,-0.45,3.44,3.58,-0.39,-0.09,-0.12
2024-03-25 17:2:52.8370,-0.45,3.44,3.58,-0.34,-0.12,-0.12
2024-03-25 17:2:52.8470,-0.72,3.35,4.47,-0.21,-0.18,-0.11
2024-03-25 17:2:52.8570,-0.77,3.06,5.49,-0.0,-0.32,-0.12
2024-03-25 17:2:52.8670,-0.62,2.88,6.42,0.22,-0.44,-0.16
2024-03-25 17:2:52.8770,-0.33,2.64,7.16,0.38,-0.49,-0.24
2024-03-25 17:2:52.8870,0.21,2.42,7.13,0.47,-0.5,-0.35
2024-03-25 17:2:52.8970,0.76,2.31,6.27,0.53,-0.46,-0.44
2024-03-25 17:2:52.9070,1.04,2.35,5.37,0.58,-0.42,-0.5
2024-03-25 17:2:52.9170,0.87,2.57,4.61,0.63,-0.41,-0.52
2024-03-25 17:2:52.9270,0.32,2.79,4.07,0.67,-0.41,-0.53
2024-03-25 17:2:52.9370,-0.21,2.95,3.57,0.74,-0.43,-0.55
2024-03-25 17:2:52.9470,-0.28,3.0,3.1,0.86,-0.51,-0.62
2024-03-25 17:2:52.9570,0.01,2.96,2.77,0.99,-0.67,-0.71
2024-03-25 17:2:52.9670,0.64,2.95,2.7,1.0,-0.78,-0.76
2024-03-25 17:2:52.9770,1.21,3.35,2.25,0.88,-0.66,-0.65
2024-03-25 17:2:52.9870,0.96,3.46,0.85,0.75,-0.45,-0.44
2024-03-25 17:2:52.9970,0.21,2.55,-0.46,0.75,-0.29,-0.21
2024-03-25 17:2:53.0070,-0.36,0.77,-0.18,0.81,-0.22,-0.07
2024-03-25 17:2:53.0170,-0.38,-1.43,0.95,0.9,-0.24,-0.08
2024-03-25 17:2:53.0270,0.52,-3.56,1.38,0.95,-0.23,-0.24
2024-03-25 17:2:53.0370,2.12,-5.1,1.21,0.92,-0.24,-0.44
2024-03-25 17:2:53.0460,3.47,-5.97,0.38,0.79,-0.27,-0.6
2024-03-25 17:2:53.0570,3.83,-6.2,-0.75,0.64,-0.28,-0.7
2024-03-25 17:2:53.0670,2.18,-5.84,-2.38,0.5,-0.17,-0.7
2024-03-25 17:2:53.0770,2.18,-5.84,-2.38,0.38,-0.05,-0.65
2024-03-25 17:2:53.0870,1.1,-5.56,-2.7,0.29,0.02,-0.6
2024-03-25 17:2:53.0960,0.05,-5.17,-2.89,0.25,0.03,-0.57
2024-03-25 17:2:53.1070,-0.74,-4.79,-3.01,0.22,-0.03,-0.51
2024-03-25 17:2:53.1170,-1.39,-4.23,-3.11,0.18,-0.07,-0.47
2024-03-25 17:2:53.1270,-1.72,-3.42,-3.62,0.07,-0.11,-0.49
2024-03-25 17:2:53.1370,-1.16,-2.55,-4.46,-0.17,-0.19,-0.52
2024-03-25 17:2:53.1460,-0.51,-1.79,-5.43,-0.49,-0.25,-0.51
2024-03-25 17:2:53.1570,-0.32,-1.07,-6.44,-0.76,-0.23,-0.46
2024-03-25 17:2:53.1670,-0.51,-0.57,-6.86,-0.9,-0.12,-0.37
2024-03-25 17:2:53.1770,-0.67,-0.44,-6.17,-0.88,0.07,-0.24
2024-03-25 17:2:53.1860,-0.77,-0.59,-4.57,-0.78,0.21,-0.21
2024-03-25 17:2:53.1970,-0.35,-0.95,-2.88,-0.71,0.29,-0.19
2024-03-25 17:2:53.2060,0.19,-1.26,-1.69,-0.61,0.31,-0.19
2024-03-25 17:2:53.2160,0.22,-1.51,-1.05,-0.46,0.26,-0.21
2024-03-25 17:2:53.2260,0.26,-1.56,-0.11,-0.31,0.19,-0.21
2024-03-25 17:2:53.2360,0.13,-1.52,0.55,-0.22,0.11,-0.22
2024-03-25 17:2:53.2460,-0.05,-1.37,0.59,-0.21,0.01,-0.23
2024-03-25 17:2:53.2560,-0.26,-1.07,0.0,-0.24,-0.1,-0.23
2024-03-25 17:2:53.2660,-0.5,-0.69,-0.79,-0.29,-0.18,-0.21
2024-03-25 17:2:53.2760,-0.51,-0.02,-1.34,-0.37,-0.22,-0.17
2024-03-25 17:2:53.2860,-0.64,0.67,-1.87,-0.43,-0.21,-0.12
2024-03-25 17:2:53.2960,-0.86,1.21,-2.22,-0.44,-0.17,-0.09
2024-03-25 17:2:53.3060,-0.99,1.5,-2.08,-0.39,-0.11,-0.07
2024-03-25 17:2:53.3160,-1.07,1.63,-1.52,-0.36,-0.05,-0.02
2024-03-25 17:2:53.3260,-1.12,1.72,-0.85,-0.36,-0.02,0.03
2024-03-25 17:2:53.3360,-1.23,1.84,-0.46,-0.34,0.03,0.06
2024-03-25 17:2:53.3460,-0.97,1.96,0.2,-0.29,0.11,0.11
2024-03-25 17:2:53.3560,-0.36,1.9,1.1,-0.16,0.21,0.08
2024-03-25 17:2:53.3660,0.22,1.54,2.2,0.0,0.27,0.01
2024-03-25 17:2:53.3760,0.93,1.22,3.45,0.19,0.3,-0.03
2024-03-25 17:2:53.3860,1.13,0.93,4.15,0.35,0.32,-0.04
2024-03-25 17:2:53.3960,0.93,0.93,4.55,0.47,0.3,-0.03
2024-03-25 17:2:53.4060,0.56,0.9,4.5,0.56,0.29,0.02
2024-03-25 17:2:53.4160,0.41,0.9,4.08,0.63,0.29,0.05
2024-03-25 17:2:53.4260,0.51,0.81,3.51,0.64,0.27,0.06
2024-03-25 17:2:53.4360,0.89,0.75,2.87,0.63,0.28,0.06
2024-03-25 17:2:53.4460,1.07,0.69,1.99,0.62,0.33,0.04
2024-03-25 17:2:53.4560,1.0,0.54,1.26,0.58,0.39,-0.0
2024-03-25 17:2:53.4660,0.83,0.43,0.8,0.49,0.46,-0.03
2024-03-25 17:2:53.4760,0.48,0.52,0.29,0.39,0.52,-0.01
2024-03-25 17:2:53.4860,-0.3,0.71,-0.12,0.29,0.5,0.09
2024-03-25 17:2:53.4960,-1.42,0.76,-0.27,0.21,0.39,0.26
2024-03-25 17:2:53.5060,-2.58,0.75,-0.12,0.16,0.28,0.41
2024-03-25 17:2:53.5160,-3.073126685321331,-0.23,-0.02,0.07,0.23,0.48
2024-03-25 17:2:53.5260,-3.08,-0.23,-0.02,-0.08,0.18,0.5
2024-03-25 17:2:53.5360,-2.48,-1.03,-0.41,-0.25,0.17,0.47
2024-03-25 17:2:53.5460,-1.97,-1.87,-0.62,-0.38,0.23,0.46
2024-03-25 17:2:53.5560,-1.51,-2.6,-0.28,-0.44,0.35,0.48
2024-03-25 17:2:53.5660,-1.53,-3.18,0.42,-0.39,0.42,0.53
2024-03-25 17:2:53.5760,-1.8,-3.63,1.58,-0.3,0.39,0.58
2024-03-25 17:2:53.5860,-1.84,-3.72,2.75,-0.24,0.33,0.61
2024-03-25 17:2:53.5960,-1.5,-3.49,3.19,-0.24,0.23,0.59
2024-03-25 17:2:53.6060,-0.48,-3.05,2.88,-0.32,0.1,0.53
2024-03-25 17:2:53.6160,0.73,-2.55,2.01,-0.39,-0.04,0.45
2024-03-25 17:2:53.6260,1.6,-2.12,1.22,-0.41,-0.13,0.37
2024-03-25 17:2:53.6360,2.29,-1.91,0.91,-0.35,-0.15,0.29
2024-03-25 17:2:53.6460,2.84,-1.83,0.68,-0.27,-0.12,0.2
2024-03-25 17:2:53.6560,3.12,-1.73,0.41,-0.21,-0.06,0.14
2024-03-25 17:2:53.6660,3.15,-1.51,-0.12,-0.16,-0.01,0.13
2024-03-25 17:2:53.6760,2.6,-1.2,-0.96,-0.14,0.03,0.14
2024-03-25 17:2:53.6860,1.8,-0.86,-1.62,-0.17,0.03,0.16
2024-03-25 17:2:53.6960,1.08,-0.64,-2.23,-0.24,-0.0,0.22
2024-03-25 17:2:53.7060,0.34,-0.51,-2.88,-0.32,-0.08,0.27
2024-03-25 17:2:53.7160,-0.58,-0.35,-3.26,-0.38,-0.17,0.28
2024-03-25 17:2:53.7260,-1.18,-0.27,-3.33,-0.34,-0.22,0.23
2024-03-25 17:2:53.7360,-1.23,-0.37,-3.05,-0.28,-0.26,0.17
2024-03-25 17:2:53.7460,-1.02,-0.43,-2.53,-0.22,-0.28,0.13
2024-03-25 17:2:53.7560,-0.99,-0.4,-2.35,-0.17,-0.23,0.14
2024-03-25 17:2:53.7660,-1.09,-0.24,-2.6100602424144745,-0.14,-0.19,0.15
2024-03-25 17:2:53.7760,-1.06,-0.06,-2.62,-0.14,-0.14,0.18
2024-03-25 17:2:53.7860,-0.87,0.04,-2.72,-0.16,-0.1,0.21
2024-03-25 17:2:53.7960,-0.66,0.15,-2.9,-0.19,-0.08,0.23
2024-03-25 17:2:53.8060,-0.28,0.3,-2.91,-0.24,-0.08,0.22
2024-03-25 17:2:53.8160,0.27,0.49,-2.84,-0.3,-0.12,0.23
2024-03-25 17:2:53.8260,0.7,0.61,-2.64,-0.32,-0.16,0.21
2024-03-25 17:2:53.8360,0.9,0.5,-2.11,-0.3,-0.17,0.15
2024-03-25 17:2:53.8460,1.19,0.31,-1.44,-0.27,-0.18,0.08
2024-03-25 17:2:53.8560,1.52,0.32,-0.78,-0.24,-0.14,0.05
2024-03-25 17:2:53.8660,1.38,0.49,-0.39,-0.22,-0.11,0.07
2024-03-25 17:2:53.8760,0.84,0.78,-0.12,-0.18,-0.08,0.13
2024-03-25 17:2:53.8860,0.24,1.14,0.26,-0.17,-0.1,0.18
2024-03-25 17:2:53.8960,-0.13,1.68,0.84,-0.19,-0.13,0.23
2024-03-25 17:2:53.9060,-0.13,1.68,0.84,-0.21,-0.17,0.24
2024-03-25 17:2:53.9160,-0.05,1.81,1.02,-0.2,-0.22,0.23
2024-03-25 17:2:53.9260,-0.05,1.8,1.48,-0.17,-0.26,0.17
2024-03-25 17:2:53.9360,0.02,1.67,2.25,-0.14,-0.3,0.1
2024-03-25 17:2:53.9550,0.04,1.63,2.95,-0.11,-0.33,0.07
2024-03-25 17:2:53.9560,-0.22,2.0108583399653437,3.6260975772142414,-0.07,-0.32,0.06
2024-03-25 17:2:53.9660,-0.61,2.01,3.62,-0.02,-0.28,0.06
2024-03-25 17:2:53.9760,-0.59,2.2,3.92,-0.02,-0.23,0.04
2024-03-25 17:2:53.9860,-0.34,2.35,4.02,-0.05,-0.18,0.02
2024-03-25 17:2:53.9960,-0.21,2.42,3.92,-0.06,-0.15,-0.02
2024-03-25 17:2:54.0060,-0.12,2.31,3.96,0.0,-0.16,-0.07
2024-03-25 17:2:54.0160,0.1,2.38,4.59,0.11,-0.19,-0.11
2024-03-25 17:2:54.0260,0.1,2.38,4.59,0.22,-0.18,-0.11
2024-03-25 17:2:54.0360,-0.05,2.31,4.53,0.32,-0.12,-0.06
2024-03-25 17:2:54.0460,-0.37,1.8,4.18,0.45,-0.01,-0.02
2024-03-25 17:2:54.0560,-0.47,0.59,3.98,0.62,0.05,-0.08
2024-03-25 17:2:54.0660,0.15,-1.05,4.1,0.76,0.11,-0.17
2024-03-25 17:2:54.0760,1.13,-2.26,4.09,0.78,0.18,-0.25
2024-03-25 17:2:54.0860,1.93,-2.81,3.31,0.74,0.19,-0.32
2024-03-25 17:2:54.0960,2.3,-2.94,2.01,0.73,0.16,-0.36
2024-03-25 17:2:54.1060,2.45,-2.95,1.14,0.77,0.08,-0.4
2024-03-25 17:2:54.1160,2.4,-3.06,0.84,0.77,-0.0,-0.4
2024-03-25 17:2:54.1260,2.25,-3.0,0.48,0.75,-0.03,-0.35
2024-03-25 17:2:54.1360,1.94,-2.92,-0.41,0.67,-0.01,-0.31
2024-03-25 17:2:54.1460,1.68,-2.66,-1.45,0.45,-0.08,-0.27
2024-03-25 17:2:54.1560,1.37,-2.17,-2.66,0.11,-0.15,-0.2
2024-03-25 17:2:54.1660,0.73,-1.48,-3.99,-0.24,-0.23,-0.13
2024-03-25 17:2:54.1760,0.06,-1.01,-4.96,-0.52,-0.27,-0.11
2024-03-25 17:2:54.1860,-0.19,-0.95,-5.03,-0.69,-0.28,-0.15
2024-03-25 17:2:54.1960,0.03,-1.18,-4.33,-0.73,-0.27,-0.23
2024-03-25 17:2:54.2060,0.45,-1.56,-3.3,-0.7,-0.21,-0.31
2024-03-25 17:2:54.2160,0.76,-1.77,-2.2,-0.57,-0.15,-0.4
2024-03-25 17:2:54.2260,0.92,-1.84,-1.33,-0.39,-0.07,-0.47
2024-03-25 17:2:54.2360,0.98,-1.74,-0.51,-0.2,0.01,-0.5
2024-03-25 17:2:54.2460,0.8,-1.52,0.05,-0.08,0.07,-0.48
2024-03-25 17:2:54.2560,0.03,-0.77,-0.66,-0.01,0.09,-0.45
2024-03-25 17:2:54.2660,0.03,-0.77,-0.66,0.04,0.08,-0.42
2024-03-25 17:2:54.2760,-0.13,-0.47,-1.19,0.08,0.06,-0.4
2024-03-25 17:2:54.2860,-0.21,-0.26,-1.66,0.08,0.01,-0.41
2024-03-25 17:2:54.2960,-0.19,-0.12,-2.24,0.03,-0.01,-0.36
2024-03-25 17:2:54.3060,-0.17,0.05,-2.88,0.0,-0.02,-0.3
2024-03-25 17:2:54.3160,-0.25,0.14,-3.46,-0.04,-0.02,-0.23
2024-03-25 17:2:54.3260,-0.2,0.21,-3.59,-0.07,-0.03,-0.16
2024-03-25 17:2:54.3360,-0.12,0.25,-3.52,-0.1,-0.01,-0.1
2024-03-25 17:2:54.3460,-0.06,0.27,-3.24,-0.13,0.02,-0.05
2024-03-25 17:2:54.3560,-0.2,0.15,-2.99,-0.14,0.04,-0.03
2024-03-25 17:2:54.3660,-0.16,0.01,-2.69,-0.15,0.04,-0.02
2024-03-25 17:2:54.3760,-0.12,-0.08,-2.32,-0.17,0.0,-0.05
2024-03-25 17:2:54.3860,0.03,-0.01,-2.07,-0.23,-0.06,-0.1
2024-03-25 17:2:54.3960,0.42,0.33,-2.01,-0.3,-0.12,-0.13
2024-03-25 17:2:54.4060,0.86,0.81,-2.01,-0.34,-0.17,-0.14
2024-03-25 17:2:54.4160,1.12,1.29,-1.65,-0.37,-0.16,-0.13
2024-03-25 17:2:54.4260,1.31,1.64,-0.96,-0.36,-0.11,-0.12
2024-03-25 17:2:54.4360,1.42,1.75,-0.22,-0.36,-0.04,-0.1
2024-03-25 17:2:54.4450,1.43,1.71,0.7,-0.38,0.03,-0.08
2024-03-25 17:2:54.4550,1.38,1.5,1.35,-0.43,0.1,-0.05
2024-03-25 17:2:54.4660,1.35,1.25,1.83,-0.47,0.15,-0.03
2024-03-25 17:2:54.4750,1.27,0.91,2.33,-0.49,0.16,-0.08
2024-03-25 17:2:54.4850,1.26,0.64,2.95,-0.4,0.13,-0.19
2024-03-25 17:2:54.4950,1.47,0.43,3.72,-0.19,0.12,-0.33
2024-03-25 17:2:54.5050,1.7,0.34,4.82,0.07,0.16,-0.46
2024-03-25 17:2:54.5150,1.67,0.4,5.65,0.3,0.23,-0.52
2024-03-25 17:2:54.5250,1.2,0.61,5.7,0.53,0.29,-0.5
2024-03-25 17:2:54.5350,0.44,0.9,5.2,0.66,0.29,-0.43
2024-03-25 17:2:54.5450,-0.31,1.29,4.54,0.58,0.29,-0.3
2024-03-25 17:2:54.5550,-1.03,1.79,3.24,0.33,0.27,-0.08
2024-03-25 17:2:54.5650,-2.09,2.02,1.18,0.06,0.13,0.23
2024-03-25 17:2:54.5750,-3.62,1.77,-0.39,-0.06,-0.03,0.44
2024-03-25 17:2:54.5860,-4.76,0.7,-0.59,-0.03,-0.17,0.49
2024-03-25 17:2:54.5950,-4.14,-1.04,0.17,0.06,-0.27,0.37
2024-03-25 17:2:54.6050,-2.41,-2.91,0.84,0.09,-0.25,0.18
2024-03-25 17:2:54.6150,-0.87,-4.28,0.94,0.04,-0.15,0.06
2024-03-25 17:2:54.6250,-0.26,-4.73,0.36,-0.04,-0.04,0.05
2024-03-25 17:2:54.6350,-0.83,-4.54,-0.33,-0.07,0.05,0.08
2024-03-25 17:2:54.6450,-1.87,-3.93,-0.75,-0.05,0.14,0.14
2024-03-25 17:2:54.6550,-2.42,-3.13,-0.78,-0.07,0.2,0.2
2024-03-25 17:2:54.6650,-2.37,-2.34,-0.92,-0.19,0.16,0.21
2024-03-25 17:2:54.6750,-1.94,-1.76,-1.52,-0.37,0.09,0.23
2024-03-25 17:2:54.6850,-1.18,-1.27,-2.13,-0.49,0.02,0.27
2024-03-25 17:2:54.6950,-0.58,-1.01,-2.47,-0.56,-0.02,0.34
2024-03-25 17:2:54.7050,-0.06,-0.89,-2.02,-0.58,-0.01,0.42
2024-03-25 17:2:54.7150,0.32,-0.94,-1.58,-0.55,0.08,0.5
2024-03-25 17:2:54.7250,0.67,-1.08,-1.3,-0.5,0.18,0.51
2024-03-25 17:2:54.7350,0.9,-1.26,-1.15,-0.47,0.17,0.43
2024-03-25 17:2:54.7450,1.09,-1.24,-1.17,-0.46,0.1,0.39
2024-03-25 17:2:54.7550,0.61,-0.88,-1.36,-0.37,0.02,0.37
2024-03-25 17:2:54.7650,-0.36,-0.47,-1.34,-0.25,-0.01,0.35
2024-03-25 17:2:54.7750,-0.89,-0.17,-0.98,-0.17,-0.01,0.31
2024-03-25 17:2:54.7850,-0.95,-0.15,-0.94,-0.17,0.0,0.28
2024-03-25 17:2:54.7950,-0.7,-0.23,-1.41,-0.19,0.03,0.27
2024-03-25 17:2:54.8050,-0.54,-0.29,-1.88,-0.17,0.06,0.26
2024-03-25 17:2:54.8150,-0.36,-0.33,-1.9,-0.15,0.09,0.23
2024-03-25 17:2:54.8250,0.0,-0.23,-1.63,-0.17,0.11,0.2
2024-03-25 17:2:54.8350,0.42,0.08,-1.63,-0.21,0.11,0.14
2024-03-25 17:2:54.8450,0.94,0.54,-1.82,-0.26,0.13,0.09
2024-03-25 17:2:54.8550,1.41,0.87,-1.83,-0.27,0.13,0.03
2024-03-25 17:2:54.8650,1.65,0.9,-1.52,-0.24,0.11,-0.01
2024-03-25 17:2:54.8750,1.74,0.75,-0.81,-0.19,0.03,-0.06
2024-03-25 17:2:54.8850,1.69,0.58,0.05,-0.16,-0.06,-0.09
2024-03-25 17:2:54.8950,1.53,0.59,0.77,-0.16,-0.1,-0.12
2024-03-25 17:2:54.9050,1.38,0.77,1.15,-0.17,-0.11,-0.15
2024-03-25 17:2:54.9150,1.23,1.09,1.33,-0.23,-0.08,-0.16
2024-03-25 17:2:54.9250,0.95,1.41,1.57,-0.32,-0.06,-0.13
2024-03-25 17:2:54.9350,0.48,1.71,1.73,-0.37,-0.11,-0.14
2024-03-25 17:2:54.9450,0.0,1.82,2.25,-0.39,-0.2,-0.2
2024-03-25 17:2:54.9550,-0.24,1.75,3.2,-0.31,-0.23,-0.24
2024-03-25 17:2:54.9650,-0.2,1.61,4.17,-0.04,-0.28,-0.31
2024-03-25 17:2:54.9750,-0.14,1.05,5.27,0.25,-0.34,-0.41
2024-03-25 17:2:54.9850,0.36,0.72,6.18,0.49,-0.42,-0.46
2024-03-25 17:2:54.9950,0.64,0.61,6.09,0.64,-0.48,-0.45
2024-03-25 17:2:55.0050,0.43,0.75,5.26,0.72,-0.53,-0.43
2024-03-25 17:2:55.0150,0.22,0.99,3.97,0.76,-0.54,-0.41
2024-03-25 17:2:55.0250,0.25,1.22,2.81,0.78,-0.53,-0.41
2024-03-25 17:2:55.0350,0.33,1.31,1.68,0.75,-0.52,-0.44
2024-03-25 17:2:55.0450,0.62,1.47,0.72,0.69,-0.53,-0.5
2024-03-25 17:2:55.0550,1.07,1.65,-0.08,0.56,-0.48,-0.51
2024-03-25 17:2:55.0650,1.37,2.09,-0.63,0.47,-0.36,-0.43
2024-03-25 17:2:55.0750,0.84,2.15,-1.06,0.52,-0.17,-0.28
2024-03-25 17:2:55.0850,-0.25,1.41,-0.51,0.7,-0.02,-0.17
2024-03-25 17:2:55.0950,-0.7,-0.39,0.93,0.98,0.03,-0.16
2024-03-25 17:2:55.1050,-0.07,-2.48,2.22,1.17,0.07,-0.25
2024-03-25 17:2:55.1150,1.04,-4.11,2.7,1.14,0.12,-0.33
2024-03-25 17:2:55.1250,2.13,-5.01,1.52,0.9,0.15,-0.37
2024-03-25 17:2:55.1350,2.46,-5.0,-0.54,0.55,0.15,-0.36
2024-03-25 17:2:55.1450,1.95,-4.65,-2.26,0.23,0.13,-0.3
2024-03-25 17:2:55.1550,0.74,-4.12,-3.2,0.02,0.13,-0.25
2024-03-25 17:2:55.1650,-0.64,-3.75,-3.23,-0.13,0.2,-0.24
2024-03-25 17:2:55.1750,-1.58,-3.42,-2.8,-0.23,0.23,-0.28
2024-03-25 17:2:55.1850,-2.13,-3.14,-2.63,-0.29,0.24,-0.31
2024-03-25 17:2:55.1950,-2.6,-2.62,-2.45,-0.3,0.27,-0.35
2024-03-25 17:2:55.2050,-2.8,-1.86,-2.28,-0.31,0.27,-0.4
2024-03-25 17:2:55.2150,-2.21,-0.83,-1.96,-0.35,0.23,-0.4
2024-03-25 17:2:55.2250,-1.52,0.03,-1.95,-0.39,0.15,-0.37
2024-03-25 17:2:55.2350,-1.02,0.62,-1.91,-0.39,0.05,-0.34
2024-03-25 17:2:55.2450,-0.39,0.88,-1.67,-0.37,-0.01,-0.31
2024-03-25 17:2:55.2550,0.3,0.89,-1.29,-0.27,0.01,-0.26
2024-03-25 17:2:55.2650,0.87,0.62,-1.02,-0.11,0.1,-0.21
2024-03-25 17:2:55.2750,1.3,0.24,-0.57,0.05,0.18,-0.18
2024-03-25 17:2:55.2850,1.55,-0.14,-0.31,0.16,0.2,-0.21
2024-03-25 17:2:55.2950,1.71,-0.44,-0.47,0.15,0.14,-0.22
2024-03-25 17:2:55.3050,1.48,-0.61,-1.13,0.11,0.06,-0.22
2024-03-25 17:2:55.3150,0.74,-0.62,-2.0,0.07,0.01,-0.2
2024-03-25 17:2:55.3250,0.12,-0.64,-2.5,0.02,-0.03,-0.18
2024-03-25 17:2:55.3350,-0.23,-0.72,-2.78,-0.03,-0.04,-0.14
2024-03-25 17:2:55.3450,-0.54,-0.79,-2.96,-0.07,-0.04,-0.1
2024-03-25 17:2:55.3550,-0.76,-0.78,-2.96,-0.09,-0.02,-0.06
2024-03-25 17:2:55.3650,-0.81,-0.71,-2.88,-0.12,-0.02,-0.02
2024-03-25 17:2:55.3750,-0.78,-0.55,-2.73,-0.18,-0.02,0.02
2024-03-25 17:2:55.3850,-0.63,-0.22,-2.63,-0.29,-0.04,0.04
2024-03-25 17:2:55.3950,-0.48,0.29,-2.75,-0.41,-0.05,0.08
2024-03-25 17:2:55.4050,-0.3,1.41,-2.3,-0.46,-0.05,0.11
2024-03-25 17:2:55.4150,-0.3,1.41,-2.3,-0.41,-0.01,0.12
2024-03-25 17:2:55.4250,-0.28,1.74,-1.23,-0.32,0.05,0.12
2024-03-25 17:2:55.4350,-0.19,1.77,0.13,-0.23,0.1,0.16
2024-03-25 17:2:55.4450,-0.3,1.79,1.15,-0.19,0.15,0.23
2024-03-25 17:2:55.4550,-0.6,1.87,1.86,-0.18,0.17,0.27
2024-03-25 17:2:55.4650,-0.57,1.79,2.37,-0.2,0.17,0.28
2024-03-25 17:2:55.4750,-0.08,1.62,2.87,-0.18,0.15,0.28
2024-03-25 17:2:55.4850,0.35,1.44,3.44,-0.09,0.16,0.26
2024-03-25 17:2:55.4950,0.59,1.36,4.21,0.1,0.21,0.2
2024-03-25 17:2:55.5050,0.9,1.2,5.08,0.37,0.27,0.13
2024-03-25 17:2:55.5150,1.23,0.92,6.08,0.69,0.31,0.1
2024-03-25 17:2:55.5250,1.27,0.75,6.66,0.97,0.38,0.12
2024-03-25 17:2:55.5350,0.97,0.82,6.51,1.16,0.49,0.18
2024-03-25 17:2:55.5450,0.56,0.85,5.67,1.27,0.63,0.25
2024-03-25 17:2:55.5550,0.29,0.81,4.39,1.31,0.72,0.31
2024-03-25 17:2:55.5650,0.02,0.77,3.07,1.23,0.71,0.3
2024-03-25 17:2:55.5750,0.01,0.99,1.76,0.94,0.63,0.29
2024-03-25 17:2:55.5850,0.26,1.78,0.23,0.47,0.55,0.39
2024-03-25 17:2:55.5950,-0.32,2.25,-1.68,0.09,0.49,0.56
2024-03-25 17:2:55.6050,-1.76,1.76,-2.75,-0.0,0.5,0.72
2024-03-25 17:2:55.6150,-2.51,0.56,-1.92,0.17,0.46,0.73
2024-03-25 17:2:55.6250,-2.07,-1.21,0.17,0.42,0.41,0.61
2024-03-25 17:2:55.6350,-1.22,-3.08,2.02,0.57,0.41,0.46
2024-03-25 17:2:55.6450,-0.7,-4.29,2.35,0.61,0.45,0.38
2024-03-25 17:2:55.6550,-0.6,-4.74,1.46,0.6,0.52,0.33
2024-03-25 17:2:55.6650,-0.76,-4.72,0.23,0.52,0.54,0.26
2024-03-25 17:2:55.6750,-0.47,-4.55,-0.72,0.38,0.53,0.18
2024-03-25 17:2:55.6850,-0.19,-4.13,-1.7,0.17,0.5,0.15
2024-03-25 17:2:55.6950,-0.19,-3.32,-2.59,-0.08,0.45,0.16
2024-03-25 17:2:55.7050,-0.54,-2.31,-3.33,-0.3,0.38,0.2
2024-03-25 17:2:55.7150,-0.98,-1.57,-3.58,-0.45,0.29,0.27
2024-03-25 17:2:55.7250,-1.13,-1.27,-3.2,-0.51,0.2,0.35
2024-03-25 17:2:55.7350,-1.23,-1.23,-2.47,-0.5,0.14,0.42
2024-03-25 17:2:55.7450,-1.18,-1.17,-1.58,-0.45,0.09,0.46
2024-03-25 17:2:55.7550,-0.93,-1.03,-0.94,-0.4,0.08,0.48
2024-03-25 17:2:55.7650,-0.65,-0.84,-0.78,-0.37,0.08,0.49
2024-03-25 17:2:55.7750,-0.41,-0.66,-0.96,-0.33,0.07,0.51
2024-03-25 17:2:55.7850,-0.49,-0.48,-1.16,-0.3,0.04,0.52
2024-03-25 17:2:55.7950,-0.67,-0.4,-1.31,-0.29,0.01,0.5
2024-03-25 17:2:55.8050,-0.65,-0.39,-1.47,-0.28,-0.0,0.48
2024-03-25 17:2:55.8150,-0.53,-0.53,-1.84,-0.28,-0.02,0.46
2024-03-25 17:2:55.8240,-0.4,-0.56,-2.03,-0.29,-0.03,0.44
2024-03-25 17:2:55.8340,-0.34,-0.45,-2.27,-0.31,-0.04,0.44
2024-03-25 17:2:55.8440,-0.22,-0.28,-2.45,-0.32,-0.04,0.42
2024-03-25 17:2:55.8540,-0.03,-0.07,-2.44,-0.32,-0.05,0.4
2024-03-25 17:2:55.8640,0.16,0.0,-2.34,-0.35,-0.06,0.4
2024-03-25 17:2:55.8740,0.24,0.1,-2.24,-0.39,-0.06,0.42
2024-03-25 17:2:55.8840,0.1,0.15,-2.3,-0.41,-0.04,0.45
2024-03-25 17:2:55.8940,-0.16,0.22,-2.17,-0.4,-0.0,0.48
2024-03-25 17:2:55.9040,-0.31,0.27,-1.81,-0.33,-0.0,0.41
2024-03-25 17:2:55.9150,0.03,0.25,-1.3,-0.28,-0.02,0.33
2024-03-25 17:2:55.9240,0.55,0.36,-0.75,-0.21,-0.02,0.27
2024-03-25 17:2:55.9340,0.52,0.89,-0.23,-0.11,0.01,0.23
2024-03-25 17:2:55.9450,0.52,0.89,-0.23,-0.04,0.0,0.2
2024-03-25 17:2:55.9550,0.38,1.13,0.05,-0.03,-0.03,0.2
2024-03-25 17:2:55.9640,0.09,1.36,-0.03,-0.07,-0.06,0.22
2024-03-25 17:2:55.9740,-0.26,1.6,-0.16,-0.15,-0.11,0.24
2024-03-25 17:2:55.9840,-0.51,1.78,-0.25,-0.21,-0.17,0.26
2024-03-25 17:2:55.9940,-0.62,1.84,-0.01,-0.24,-0.23,0.24
2024-03-25 17:2:56.0040,-0.6,1.8,0.59,-0.21,-0.29,0.21
2024-03-25 17:2:56.0140,-0.5,1.66,1.44,-0.11,-0.34,0.16
2024-03-25 17:2:56.0240,-0.38,1.47,2.47,0.01,-0.39,0.09
2024-03-25 17:2:56.0350,-0.17,1.24,3.41,0.1,-0.45,0.03
2024-03-25 17:2:56.0440,0.14373318538069726,1.13,3.96,0.17,-0.48,-0.02
2024-03-25 17:2:56.0540,0.14,1.13,3.96,0.21,-0.48,-0.03
2024-03-25 17:2:56.0640,0.14,1.26,3.8,0.19,-0.46,-0.01
2024-03-25 17:2:56.0740,-0.07,1.5,3.51,0.07,-0.37,0.04
2024-03-25 17:2:56.0840,-0.37,1.71,3.02,-0.08,-0.24,0.11
2024-03-25 17:2:56.0940,-0.66,1.6,2.46,-0.12,-0.14,0.13
2024-03-25 17:2:56.1040,-0.74,0.89,2.54,0.05,-0.13,0.02
2024-03-25 17:2:56.1140,0.05,-0.29,3.71,0.3,-0.17,-0.17
2024-03-25 17:2:56.1240,1.42,-1.32,5.02,0.48,-0.17,-0.35
2024-03-25 17:2:56.1340,2.52,-1.89,5.05,0.57,-0.19,-0.45
2024-03-25 17:2:56.1440,2.8,-2.04,3.79,0.61,-0.16,-0.48
2024-03-25 17:2:56.1540,2.49,-1.98,2.61,0.64,-0.1,-0.47
2024-03-25 17:2:56.1640,2.34,-2.01,1.78,0.62,-0.01,-0.47
2024-03-25 17:2:56.1740,2.33,-2.15,1.1,0.57,0.1,-0.46
2024-03-25 17:2:56.1840,2.27,-2.25,0.41,0.49,0.17,-0.45
2024-03-25 17:2:56.1940,1.99,-2.17,-0.36,0.36,0.2,-0.42
2024-03-25 17:2:56.2040,1.47,-1.95,-1.05,0.18,0.18,-0.38
2024-03-25 17:2:56.2140,0.89,-1.78,-1.68,-0.03,0.11,-0.34
2024-03-25 17:2:56.2240,0.44,-1.77,-2.23,-0.26,-0.04,-0.32
2024-03-25 17:2:56.2340,0.31,-1.95,-2.52,-0.44,-0.22,-0.34
2024-03-25 17:2:56.2440,0.52,-2.29,-2.51,-0.52,-0.38,-0.41
2024-03-25 17:2:56.2540,1.02,-2.61,-2.06,-0.54,-0.47,-0.49
2024-03-25 17:2:56.2640,1.6,-2.59,-1.49,-0.51,-0.51,-0.57
2024-03-25 17:2:56.2740,1.93,-2.37,-1.15,-0.47,-0.47,-0.6
2024-03-25 17:2:56.2840,1.79,-1.92,-1.16,-0.4,-0.37,-0.59
2024-03-25 17:2:56.2940,1.22,-1.3,-1.35,-0.35,-0.28,-0.55
2024-03-25 17:2:56.3040,0.71,-0.61,-1.59,-0.32,-0.23,-0.51
2024-03-25 17:2:56.3140,0.45,-0.01,-1.87,-0.31,-0.21,-0.5
2024-03-25 17:2:56.3240,0.36,0.4,-2.1,-0.29,-0.23,-0.51
2024-03-25 17:2:56.3340,0.46,0.55,-2.21,-0.26,-0.26,-0.52
2024-03-25 17:2:56.3440,0.57,0.57,-2.07,-0.22,-0.29,-0.52
2024-03-25 17:2:56.3540,0.4,0.52,-1.89,-0.16,-0.31,-0.5
2024-03-25 17:2:56.3640,0.05,0.38,-1.59,-0.09,-0.28,-0.48
2024-03-25 17:2:56.3740,-0.08,0.16,-1.4,-0.02,-0.24,-0.47
2024-03-25 17:2:56.3840,-0.07,-0.05,-1.38,0.03,-0.2,-0.46
2024-03-25 17:2:56.3940,0.09,-0.04,-1.4,0.04,-0.18,-0.46
2024-03-25 17:2:56.4040,0.38,0.17,-1.64,0.02,-0.17,-0.44
2024-03-25 17:2:56.4140,0.62,0.43,-1.95,-0.0,-0.18,-0.42
2024-03-25 17:2:56.4240,0.61,0.54,-2.12,-0.04,-0.17,-0.38
2024-03-25 17:2:56.4340,0.49,0.56,-2.16,-0.1,-0.15,-0.34
2024-03-25 17:2:56.4440,0.33,0.56,-2.23,-0.16,-0.14,-0.3
2024-03-25 17:2:56.4540,0.19,0.58,-2.29,-0.2,-0.14,-0.27
2024-03-25 17:2:56.4640,0.09,0.6,-2.05,-0.19,-0.14,-0.26
2024-03-25 17:2:56.4740,0.2,0.67,-1.41,-0.15,-0.11,-0.25
2024-03-25 17:2:56.4840,0.43,0.79,-0.67,-0.16,-0.12,-0.24
2024-03-25 17:2:56.4940,0.61,1.05,-0.02,-0.18,-0.09,-0.22
2024-03-25 17:2:56.5040,0.55,1.27,0.43,-0.22,-0.05,-0.23
2024-03-25 17:2:56.5140,0.63,1.41,1.02,-0.26,0.02,-0.2
2024-03-25 17:2:56.5240,0.65,1.43,1.64,-0.27,0.09,-0.17
2024-03-25 17:2:56.5340,0.57,1.36,2.35,-0.25,0.1,-0.15
2024-03-25 17:2:56.5440,0.56,1.2,3.12,-0.2,0.09,-0.14
2024-03-25 17:2:56.5540,0.64,1.08,3.94,-0.08,0.06,-0.17
2024-03-25 17:2:56.5640,0.86,0.92,4.57,0.1,0.08,-0.23
2024-03-25 17:2:56.5740,1.1,0.76,5.22,0.35,0.18,-0.29
2024-03-25 17:2:56.5840,1.23,0.63,5.54,0.63,0.33,-0.32
2024-03-25 17:2:56.5940,1.14,0.58,5.6,0.9,0.46,-0.33
2024-03-25 17:2:56.6040,0.8,0.65,5.34,1.13,0.51,-0.31
2024-03-25 17:2:56.6140,0.34,0.73,4.63,1.24,0.49,-0.25
2024-03-25 17:2:56.6240,-0.12,0.98,3.48,1.12,0.35,-0.17
2024-03-25 17:2:56.6340,-0.65,1.52,1.76,0.73,0.2,-0.04
2024-03-25 17:2:56.6440,-1.54,2.11,-0.43,0.27,0.09,0.15
2024-03-25 17:2:56.6540,-2.64,2.28,-2.41,-0.01,-0.03,0.34
2024-03-25 17:2:56.6640,-3.37,1.83,-2.84,-0.05,-0.15,0.44
2024-03-25 17:2:56.6740,-3.42,0.36,-1.3,0.07,-0.21,0.41
2024-03-25 17:2:56.6840,-2.64,-1.62,0.35,0.24,-0.13,0.32
2024-03-25 17:2:56.6940,-1.64,-3.33,1.26,0.38,0.09,0.25
2024-03-25 17:2:56.7040,-1.1,-4.38,1.32,0.42,0.33,0.23
2024-03-25 17:2:56.7140,-1.12,-4.83,0.74,0.36,0.5,0.25
2024-03-25 17:2:56.7240,-1.41,-4.8,-0.23,0.23,0.58,0.27
2024-03-25 17:2:56.7340,-1.66,-4.47,-1.25,0.03,0.57,0.3
2024-03-25 17:2:56.7440,-1.82,-3.64,-2.09,-0.19,0.52,0.34
2024-03-25 17:2:56.7540,-2.0,-2.66,-2.88,-0.36,0.43,0.36
2024-03-25 17:2:56.7640,-1.95,-1.79,-3.16,-0.47,0.33,0.34
2024-03-25 17:2:56.7740,-1.48,-1.19,-2.99,-0.55,0.24,0.3
2024-03-25 17:2:56.7840,-0.86,-0.82,-2.74,-0.63,0.15,0.26
2024-03-25 17:2:56.7940,-0.27,-0.55,-2.64,-0.7,0.08,0.23
2024-03-25 17:2:56.8040,0.25,-0.34,-2.55,-0.74,0.07,0.24
2024-03-25 17:2:56.8140,0.53,-0.32,-2.36,-0.7,0.13,0.27
2024-03-25 17:2:56.8240,0.68,-0.45,-1.97,-0.6,0.21,0.32
2024-03-25 17:2:56.8340,0.68,-0.71,-1.33,-0.47,0.26,0.34
2024-03-25 17:2:56.8440,0.51,-0.9,-0.76,-0.35,0.2,0.31
2024-03-25 17:2:56.8540,0.47,-0.94,-0.47,-0.23,0.08,0.27
2024-03-25 17:2:56.8640,0.29,-0.82,-0.5,-0.13,0.0,0.22
2024-03-25 17:2:56.8740,0.05,-0.58,-0.61,-0.09,-0.02,0.17
2024-03-25 17:2:56.8840,-0.07,-0.34,-1.01,-0.09,-0.01,0.16
2024-03-25 17:2:56.8940,-0.23,-0.08,-1.67,-0.08,0.03,0.17
2024-03-25 17:2:56.9040,-0.46,0.2,-1.99,-0.1,0.08,0.19
2024-03-25 17:2:56.9140,-0.49,0.59,-2.05,-0.12,0.12,0.23
2024-03-25 17:2:56.9240,-0.43,0.91,-2.12,-0.13,0.16,0.26
2024-03-25 17:2:56.9340,-0.23,1.21,-1.99,-0.1,0.19,0.28
2024-03-25 17:2:56.9440,-0.02,1.29,-1.62,-0.06,0.18,0.27
2024-03-25 17:2:56.9540,0.1,1.21,-1.04,-0.02,0.18,0.22
2024-03-25 17:2:56.9640,0.43,1.02,-0.48,-0.01,0.18,0.17
2024-03-25 17:2:56.9740,0.65,0.74,-0.03,-0.02,0.13,0.13
2024-03-25 17:2:56.9840,0.66,0.57,0.44,-0.06,0.04,0.07
2024-03-25 17:2:56.9940,0.69,0.62,0.87,-0.1,-0.04,0.01
2024-03-25 17:2:57.0040,0.84,0.93,1.27,-0.16,-0.11,-0.04
2024-03-25 17:2:57.0140,1.05,1.41,1.59,-0.18,-0.21,-0.08
2024-03-25 17:2:57.0240,1.07,1.86,1.92,-0.12,-0.35,-0.11
2024-03-25 17:2:57.0340,0.94,2.09,2.62,-0.01,-0.49,-0.18
2024-03-25 17:2:57.0440,1.12,2.14,3.41,0.12,-0.58,-0.27
2024-03-25 17:2:57.0530,1.62,2.12,3.91,0.22,-0.63,-0.4
2024-03-25 17:2:57.0640,2.13,2.05,4.01,0.3,-0.67,-0.54
2024-03-25 17:2:57.0740,2.57,2.05,3.94,0.37,-0.69,-0.69
2024-03-25 17:2:57.0840,2.78,2.11,3.84,0.43,-0.65,-0.74
2024-03-25 17:2:57.0930,2.61,2.13,3.7,0.49,-0.58,-0.77
2024-03-25 17:2:57.1040,2.11,2.17,3.49,0.44,-0.45,-0.67
2024-03-25 17:2:57.1130,1.24,2.08,3.19,0.36,-0.32,-0.46
2024-03-25 17:2:57.1240,-0.38,1.46,2.59,0.43,-0.19,-0.27
2024-03-25 17:2:57.1340,-1.74,0.13,2.88,0.66,-0.09,-0.24
2024-03-25 17:2:57.1440,-1.61,-1.54,4.22,0.93,-0.11,-0.31
2024-03-25 17:2:57.1540,-0.28,-3.0,4.99,1.06,-0.05,-0.44
2024-03-25 17:2:57.1640,0.56,-4.22,4.41,0.99,0.03,-0.53
2024-03-25 17:2:57.1740,1.2,-4.33,2.47,0.78,0.02,-0.53
2024-03-25 17:2:57.1830,1.01,-4.01,0.38,0.51,-0.05,-0.49
2024-03-25 17:2:57.1930,0.5,-3.46,-1.16,0.27,-0.12,-0.46
2024-03-25 17:2:57.2030,0.2,-3.13,-2.14,0.06,-0.17,-0.45
2024-03-25 17:2:57.2130,0.25,-3.0,-2.62,-0.13,-0.2,-0.46
2024-03-25 17:2:57.2230,0.28,-2.88,-3.04,-0.3,-0.18,-0.47
2024-03-25 17:2:57.2330,0.08,-2.55,-3.51,-0.44,-0.12,-0.48
2024-03-25 17:2:57.2430,-0.14,-2.11,-3.81,-0.53,-0.05,-0.51
2024-03-25 17:2:57.2540,-0.14,-1.68,-3.89,-0.59,0.0,-0.55
2024-03-25 17:2:57.2630,0.13,-1.32,-3.65,-0.61,-0.02,-0.6
2024-03-25 17:2:57.2730,0.58,-1.07,-3.37,-0.57,-0.06,-0.66
2024-03-25 17:2:57.2830,1.07,-0.94,-2.84,-0.49,-0.08,-0.71
2024-03-25 17:2:57.2930,1.48,-0.95,-2.34,-0.41,-0.1,-0.73
2024-03-25 17:2:57.3030,1.57,-0.88,-2.04,-0.34,-0.05,-0.69
2024-03-25 17:2:57.3130,1.43,-0.72,-2.07,-0.25,0.04,-0.61
2024-03-25 17:2:57.3230,1.09,-0.62,-2.1,-0.2,0.07,-0.58
2024-03-25 17:2:57.3330,0.82,-0.48,-2.02,-0.16,0.05,-0.57
2024-03-25 17:2:57.3430,0.6,-0.25,-2.12,-0.11,0.03,-0.59
2024-03-25 17:2:57.3530,0.3,-0.17,-2.01,-0.09,-0.01,-0.61
2024-03-25 17:2:57.3630,0.13,-0.15915740936994555,-2.02,-0.14,-0.06,-0.59
2024-03-25 17:2:57.3730,-0.17,-0.16,-2.02,-0.21,-0.12,-0.54
2024-03-25 17:2:57.3830,-0.57,-0.01,-2.2,-0.25,-0.18,-0.47
2024-03-25 17:2:57.3930,-0.75,0.2,-1.99,-0.24,-0.21,-0.43
2024-03-25 17:2:57.4030,-0.45,0.44,-1.38,-0.18,-0.2,-0.41
2024-03-25 17:2:57.4130,0.07,0.61,-0.78,-0.09,-0.17,-0.43
2024-03-25 17:2:57.4230,0.68,0.71,-0.31,-0.02,-0.14,-0.45
2024-03-25 17:2:57.4330,1.11,0.72,-0.04,-0.01,-0.12,-0.47
2024-03-25 17:2:57.4430,1.26,0.76,-0.04,-0.06,-0.11,-0.48
2024-03-25 17:2:57.4530,1.27,0.83,-0.15,-0.17,-0.09,-0.48
2024-03-25 17:2:57.4630,1.19,1.05,-0.13,-0.26,-0.06,-0.46
2024-03-25 17:2:57.4730,0.96,1.36,0.3,-0.32,-0.04,-0.42
2024-03-25 17:2:57.4830,0.71,1.58,1.21,-0.34,0.0,-0.36
2024-03-25 17:2:57.4930,0.45,1.65,2.36,-0.3,0.04,-0.29
2024-03-25 17:2:57.5030,0.18,1.53,3.45,-0.19,0.09,-0.23
2024-03-25 17:2:57.5130,-0.11,1.31,4.6,-0.02,0.12,-0.17
2024-03-25 17:2:57.5230,-0.39,0.98,5.66,0.23,0.13,-0.13
2024-03-25 17:2:57.5330,-0.55,0.68,6.38,0.55,0.12,-0.11
2024-03-25 17:2:57.5430,-0.62,0.43,6.78,0.87,0.12,-0.15
2024-03-25 17:2:57.5530,-0.37,0.36,6.64,1.13,0.17,-0.2
2024-03-25 17:2:57.5630,0.09,0.4,5.76,1.32,0.26,-0.23
2024-03-25 17:2:57.5730,0.36,0.57,4.32,1.43,0.32,-0.21
2024-03-25 17:2:57.5830,0.17,0.75,2.81,1.41,0.31,-0.15
2024-03-25 17:2:57.5930,-0.4,1.05,1.31,1.2,0.23,-0.03
2024-03-25 17:2:57.6030,-1.15,1.41,-0.33,0.79,0.15,0.2
2024-03-25 17:2:57.6130,-2.36,1.46,-2.15,0.4,0.11,0.46
2024-03-25 17:2:57.6230,-4.01,0.76,-3.56,0.21,0.04,0.62
2024-03-25 17:2:57.6330,-4.56,-0.39,-3.32,0.19,0.01,0.66
2024-03-25 17:2:57.6430,-3.11,-3.09,-0.88,0.3,0.04,0.56
2024-03-25 17:2:57.6530,-3.11,-3.09,-0.88,0.4,0.16,0.44
2024-03-25 17:2:57.6630,-1.98,-4.34,-0.53,0.37,0.32,0.38
2024-03-25 17:2:57.6730,-1.98,-4.34,-0.53,0.15,0.42,0.41
2024-03-25 17:2:57.6830,-2.41,-4.29,-1.5,-0.13,0.5,0.51
2024-03-25 17:2:57.6930,-3.03,-3.97,-2.52,-0.37,0.55,0.62
2024-03-25 17:2:57.7030,-3.17,-2.66,-2.49,-0.54,0.55,0.7
2024-03-25 17:2:57.7130,-3.17,-2.66,-2.49,-0.73,0.44,0.76
2024-03-25 17:2:57.7230,-2.44,-2.06,-2.1,-0.87,0.38,0.74
2024-03-25 17:2:57.7330,-0.3,-1.6,-1.75,-0.99,0.26,0.69
2024-03-25 17:2:57.7430,-0.3,-1.6,-1.75,-1.08,0.13,0.6
2024-03-25 17:2:57.7530,0.71,-1.19,-1.5,-1.11,0.06,0.52
2024-03-25 17:2:57.7630,1.56,-0.5,-1.16,-1.05,0.07,0.46
2024-03-25 17:2:57.7730,2.25,0.03,-0.68,-0.88,0.15,0.43
2024-03-25 17:2:57.7830,2.59,0.3,0.02,-0.69,0.22,0.4
2024-03-25 17:2:57.7930,2.52,0.39,0.64,-0.53,0.27,0.39
2024-03-25 17:2:57.8030,1.96,0.39,0.58,-0.36,0.3,0.37
2024-03-25 17:2:57.8130,1.23,0.35,0.04,-0.22,0.32,0.36
2024-03-25 17:2:57.8230,0.63,0.39,-0.5,-0.08,0.32,0.33
2024-03-25 17:2:57.8330,-0.01,0.35,-1.06,0.04,0.26,0.28
2024-03-25 17:2:57.8430,-0.3,0.26,-1.48,0.13,0.14,0.26
2024-03-25 17:2:57.8530,-0.41,0.05,-1.73,0.15,0.06,0.29
2024-03-25 17:2:57.8630,-0.95,-0.24,-1.93,0.1,0.06,0.35
2024-03-25 17:2:57.8730,-1.38,-0.51,-2.33,0.07,0.08,0.38
2024-03-25 17:2:57.8830,-1.41,-0.72,-2.51,0.1,0.1,0.38
2024-03-25 17:2:57.8930,-1.04,-0.72,-2.12,0.17,0.14,0.34
2024-03-25 17:2:57.9030,-0.49,-0.66,-1.65,0.25,0.14,0.27
2024-03-25 17:2:57.9130,0.0,-0.52,-1.22,0.28,0.14,0.22
2024-03-25 17:2:57.9230,0.29,-0.3,-1.09,0.25,0.13,0.2
2024-03-25 17:2:57.9330,0.29,-0.01,-1.18,0.17,0.1,0.23
2024-03-25 17:2:57.9430,0.16,0.3,-1.21,0.07,0.08,0.27
2024-03-25 17:2:57.9530,0.02,0.73,-1.06,-0.01,0.07,0.3
2024-03-25 17:2:57.9630,0.02,0.95,-0.71,-0.03,0.04,0.28
2024-03-25 17:2:57.9730,0.19,0.98,0.0,-0.03,0.01,0.21
2024-03-25 17:2:57.9830,0.48,1.12,0.8,-0.06,-0.03,0.12
2024-03-25 17:2:57.9930,0.69,1.33,1.27,-0.11,-0.08,0.05
2024-03-25 17:2:58.0030,0.57,1.68,1.51,-0.2,-0.12,0.01
2024-03-25 17:2:58.0130,0.21,2.04,1.78,-0.27,-0.16,-0.02
2024-03-25 17:2:58.0230,-0.16,2.2,2.15,-0.24,-0.21,-0.03
2024-03-25 17:2:58.0330,-0.27,2.23,2.91,-0.06,-0.3,-0.02
2024-03-25 17:2:58.0430,-0.35,2.2,4.14,0.23,-0.39,-0.04
2024-03-25 17:2:58.0530,-0.31,2.16,5.51,0.58,-0.48,-0.12
2024-03-25 17:2:58.0630,0.13,2.01,6.31,0.8,-0.52,-0.23
2024-03-25 17:2:58.0730,0.73,2.02,6.19,0.84,-0.53,-0.31
2024-03-25 17:2:58.0830,0.95,2.17,4.93,0.71,-0.45,-0.27
2024-03-25 17:2:58.0930,0.65,2.47,3.38,0.57,-0.33,-0.14
2024-03-25 17:2:58.1030,-0.06,2.38,2.25,0.61,-0.22,-0.01
2024-03-25 17:2:58.1130,-0.59,1.48,2.54,0.8,-0.09,0.03
2024-03-25 17:2:58.1230,-0.39,-0.31,3.99,1.04,0.02,0.02
2024-03-25 17:2:58.1330,0.13,-2.14,4.84,1.27,0.11,-0.05
2024-03-25 17:2:58.1430,0.4,-3.38,4.52,1.42,0.17,-0.15
2024-03-25 17:2:58.1530,0.75,-3.98,3.57,1.46,0.2,-0.25
2024-03-25 17:2:58.1630,1.22,-4.09,1.98,1.34,0.18,-0.32
2024-03-25 17:2:58.1730,1.61,-3.87,0.15,1.09,0.14,-0.35
2024-03-25 17:2:58.1830,1.73,-3.61,-1.71,0.7,0.11,-0.34
2024-03-25 17:2:58.1930,1.7,-3.34,-3.34,0.23,0.09,-0.29
2024-03-25 17:2:58.2030,1.51,-3.1,-4.59,-0.22,0.04,-0.22
2024-03-25 17:2:58.2130,1.19,-2.92,-5.34,-0.56,-0.04,-0.18
2024-03-25 17:2:58.2230,0.76,-2.74,-5.14,-0.8,-0.08,-0.19
2024-03-25 17:2:58.2330,0.54,-2.4,-4.43,-0.93,-0.13,-0.24
2024-03-25 17:2:58.2430,0.62,-1.94,-3.89,-0.97,-0.14,-0.3
2024-03-25 17:2:58.2530,0.62,-1.53,-3.05,-0.91,-0.16,-0.36
2024-03-25 17:2:58.2630,0.56,-1.24,-2.22,-0.81,-0.2,-0.4
2024-03-25 17:2:58.2730,0.44,-0.87,-1.39,-0.72,-0.23,-0.43
2024-03-25 17:2:58.2830,0.43,-0.45,-0.99,-0.64,-0.25,-0.46
2024-03-25 17:2:58.2930,0.51,-0.13,-0.88,-0.52,-0.21,-0.46
2024-03-25 17:2:58.3030,0.63,0.09,-0.77,-0.36,-0.12,-0.45
2024-03-25 17:2:58.3130,0.75,0.13,-0.57,-0.17,-0.05,-0.41
2024-03-25 17:2:58.3230,0.74,0.03,-0.41,0.0,-0.01,-0.37
2024-03-25 17:2:58.3330,0.42,-0.17,-0.42,0.11,-0.03,-0.36
2024-03-25 17:2:58.3430,0.01,-0.41,-0.83,0.13,-0.05,-0.35
2024-03-25 17:2:58.3530,-0.31,-0.44,-1.66,0.11,-0.06,-0.35
2024-03-25 17:2:58.3630,-0.35,-0.38,-2.48,0.02,-0.06,-0.34
2024-03-25 17:2:58.3730,-0.21,-0.24,-3.07,-0.08,-0.06,-0.31
2024-03-25 17:2:58.3830,-0.16,-0.1,-3.51,-0.15,-0.04,-0.25
2024-03-25 17:2:58.3930,-0.3,-0.04,-3.38,-0.21,-0.02,-0.15
2024-03-25 17:2:58.4030,-0.54,-0.06,-2.99,-0.25,-0.01,-0.05
2024-03-25 17:2:58.4130,-0.87,0.0,-2.72,-0.29,-0.03,0.05
2024-03-25 17:2:58.4230,-1.01,0.08,-2.4,-0.34,-0.06,0.07
2024-03-25 17:2:58.4330,-0.57,0.23,-2.06,-0.39,-0.1,0.02
2024-03-25 17:2:58.4430,0.39,0.41,-1.51,-0.44,-0.12,-0.06
2024-03-25 17:2:58.4530,1.45,0.67,-0.8,-0.43,-0.14,-0.12
2024-03-25 17:2:58.4630,1.86,0.75,0.16,-0.37,-0.12,-0.14
2024-03-25 17:2:58.4720,1.78,0.95,1.38,-0.28,-0.06,-0.13
2024-03-25 17:2:58.4830,1.43,1.11,2.32,-0.17,0.03,-0.1
2024-03-25 17:2:58.4920,1.04,1.2,2.92,-0.03,0.14,-0.07
2024-03-25 17:2:58.5020,0.8,1.15,3.34,0.13,0.23,-0.06
2024-03-25 17:2:58.5120,0.68,1.09,3.67,0.26,0.29,-0.06
2024-03-25 17:2:58.5220,0.65,1.01,3.89,0.35,0.32,-0.06
2024-03-25 17:2:58.5330,0.51,0.97,3.82,0.42,0.34,-0.04
2024-03-25 17:2:58.5420,0.34,0.92,3.49,0.51,0.32,-0.03
2024-03-25 17:2:58.5530,0.12,0.92,3.37,0.66,0.31,-0.02
2024-03-25 17:2:58.5620,-0.03,0.88,3.53,0.83,0.33,-0.02
2024-03-25 17:2:58.5720,-0.07,0.66,3.57,1.02,0.37,-0.05
2024-03-25 17:2:58.5830,-0.12,0.46,3.37,1.15,0.32,-0.09
2024-03-25 17:2:58.5920,-0.41,0.37,2.81,1.13,0.28,-0.05
2024-03-25 17:2:58.6020,-0.8,0.79,1.71,0.94,0.28,0.05
2024-03-25 17:2:58.6120,-1.43,1.49,0.12,0.55,0.27,0.21
2024-03-25 17:2:58.6220,-2.48,1.96,-1.51,0.2,0.18,0.5
2024-03-25 17:2:58.6320,-4.05,2.04,-2.62,0.08,0.07,0.71
2024-03-25 17:2:58.6420,-5.19,1.39,-1.8,0.18,-0.07,0.77
2024-03-25 17:2:58.6520,-4.47,-0.35,-0.08,0.36,-0.15,0.69
2024-03-25 17:2:58.6620,-2.99,-2.52,1.26,0.48,-0.17,0.54
2024-03-25 17:2:58.6720,-1.72,-3.99,1.43,0.39,-0.12,0.44
2024-03-25 17:2:58.6820,-1.06,-4.44,0.3,0.11,-0.0,0.46
2024-03-25 17:2:58.6920,-1.12,-4.27,-1.62,-0.37,0.14,0.53
2024-03-25 17:2:58.7020,-1.51,-3.87,-3.41,-0.89,0.25,0.58
2024-03-25 17:2:58.7120,-1.76,-3.28,-4.56,-1.19,0.27,0.62
2024-03-25 17:2:58.7220,-1.86,-2.6,-4.27,-1.23,0.32,0.6
2024-03-25 17:2:58.7320,-1.07,-1.78,-0.34,-1.15,0.25,0.51
2024-03-25 17:2:58.7420,-1.07,-1.78,-0.34,-0.99,0.13,0.39
2024-03-25 17:2:58.7520,-0.08,-1.74,0.95,-0.84,-0.01,0.29
2024-03-25 17:2:58.7620,0.72,-1.47,1.69,-0.72,-0.15,0.21
2024-03-25 17:2:58.7720,1.22,-1.02,1.45,-0.63,-0.26,0.18
2024-03-25 17:2:58.7820,1.48,-0.56,0.87,-0.53,-0.28,0.22
2024-03-25 17:2:58.7920,1.47,-0.26,0.43,-0.4,-0.17,0.28
2024-03-25 17:2:58.8020,1.44,-0.08,0.02,-0.28,-0.07,0.33
2024-03-25 17:2:58.8120,1.3,-0.11,-0.47,-0.21,-0.01,0.38
2024-03-25 17:2:58.8220,0.75,-0.23,-1.13,-0.13,0.01,0.39
2024-03-25 17:2:58.8320,0.05,-0.36,-1.76,-0.06,0.01,0.37
2024-03-25 17:2:58.8420,-0.39,-0.45,-2.21,-0.05,-0.01,0.35
2024-03-25 17:2:58.8520,-0.63,-0.49,-2.87,-0.1,-0.06,0.35
2024-03-25 17:2:58.8620,-0.92,-0.51,-3.62,-0.22,-0.13,0.33
2024-03-25 17:2:58.8720,-1.14,-0.45,-4.13,-0.39,-0.16,0.31
2024-03-25 17:2:58.8820,-0.98,-0.33,-4.55,-0.57,-0.18,0.28
2024-03-25 17:2:58.8920,-0.53,-0.1,-4.73,-0.74,-0.2,0.27
2024-03-25 17:2:58.9020,-0.08,0.2,-4.46,-0.88,-0.25,0.24
2024-03-25 17:2:58.9120,0.12,0.44,-3.9,-0.94,-0.26,0.22
2024-03-25 17:2:58.9220,0.18,0.55,-3.08,-0.95,-0.28,0.23
2024-03-25 17:2:58.9320,0.11,0.53,-2.05,-0.94,-0.28,0.26
2024-03-25 17:2:58.9420,-0.27,0.55,-0.91,-0.84,-0.31,0.27
2024-03-25 17:2:58.9520,-0.44,0.48,0.3,-0.69,-0.31,0.24
2024-03-25 17:2:58.9620,-0.33,0.54,1.69,-0.55,-0.3,0.18
2024-03-25 17:2:58.9720,0.12,0.71,2.58,-0.43,-0.28,0.12
2024-03-25 17:2:58.9820,0.35,0.98,3.03,-0.34,-0.26,0.08
2024-03-25 17:2:58.9920,0.34,1.29,3.31,-0.26,-0.24,0.06
2024-03-25 17:2:59.0020,0.11,1.57,3.44,-0.18,-0.28,0.05
2024-03-25 17:2:59.0120,-0.1,1.79,3.56,-0.12,-0.31,0.05
2024-03-25 17:2:59.0220,-0.24,1.91,3.63,-0.08,-0.3,0.03
2024-03-25 17:2:59.0320,-0.23,1.89,3.57,-0.02,-0.24,0.01
2024-03-25 17:2:59.0420,-0.11,1.74,3.67,0.11,-0.24,-0.04
2024-03-25 17:2:59.0520,-0.12,1.63,4.07,0.31,-0.29,-0.12
2024-03-25 17:2:59.0620,0.05,1.51,4.57,0.44,-0.38,-0.25
2024-03-25 17:2:59.0720,0.34,1.61,4.69,0.43,-0.41,-0.34
2024-03-25 17:2:59.0820,0.79,2.06,3.98,0.27,-0.4,-0.32
2024-03-25 17:2:59.0920,0.55,2.49,2.8,0.13,-0.31,-0.17
2024-03-25 17:2:59.1020,-0.39,2.23,2.08,0.2,-0.16,-0.05
2024-03-25 17:2:59.1120,-1.12,0.79,2.82,0.43,-0.03,-0.02
2024-03-25 17:2:59.1220,-0.6,-1.06,4.4,0.73,-0.04,-0.1
2024-03-25 17:2:59.1320,0.26,-2.82,5.05,0.89,-0.0,-0.2
2024-03-25 17:2:59.1420,1.34,-3.83,2.9,0.88,0.06,-0.25
2024-03-25 17:2:59.1520,1.34,-3.83,2.9,0.78,0.08,-0.28
2024-03-25 17:2:59.1620,1.41,-3.65,0.95,0.62,0.06,-0.3
2024-03-25 17:2:59.1720,1.48,-3.4,-0.33,0.43,0.02,-0.32
2024-03-25 17:2:59.1820,1.57,-3.21,-1.22,0.15,-0.01,-0.32
2024-03-25 17:2:59.1920,1.52,-2.92,-2.06,-0.19,-0.02,-0.28
2024-03-25 17:2:59.2020,1.06,-2.43,-2.92,-0.49,-0.0,-0.24
2024-03-25 17:2:59.2120,0.28,-1.95,-3.47,-0.66,0.05,-0.21
2024-03-25 17:2:59.2220,-0.34,-1.55,-3.11,-0.71,0.09,-0.21
2024-03-25 17:2:59.2320,-0.7,-1.27,-2.11,-0.65,0.09,-0.27
2024-03-25 17:2:59.2420,-0.82,-1.02,-1.04,-0.55,0.06,-0.37
2024-03-25 17:2:59.2520,-0.52,-0.82,-0.23,-0.41,-0.02,-0.46
2024-03-25 17:2:59.2620,-0.1,-0.67,0.14,-0.26,-0.14,-0.48
2024-03-25 17:2:59.2720,-0.07,-0.43,0.29,-0.1,-0.24,-0.47
2024-03-25 17:2:59.2820,-0.26,-0.23,0.21,0.02,-0.28,-0.43
2024-03-25 17:2:59.2920,-0.19,-0.08,-0.16,0.16,-0.21,-0.37
2024-03-25 17:2:59.3020,-0.05,-0.02,-0.92,0.23,-0.14,-0.3
2024-03-25 17:2:59.3120,-0.01,0.11,-1.63,0.24,-0.02,-0.24
2024-03-25 17:2:59.3220,0.06,0.06,-2.62,0.22,0.1,-0.2
2024-03-25 17:2:59.3320,0.27,-0.19,-3.47,0.2,0.16,-0.18
2024-03-25 17:2:59.3420,0.38,-0.48,-3.88,0.16,0.16,-0.16
2024-03-25 17:2:59.3520,0.36,-0.71,-3.94,0.1,0.16,-0.15
2024-03-25 17:2:59.3620,0.31,-0.77,-3.94,0.01,0.17,-0.12
2024-03-25 17:2:59.3720,0.19,-0.79,-4.05,-0.07,0.16,-0.08
2024-03-25 17:2:59.3820,-0.13,-0.73,-3.95,-0.09,0.17,-0.02
2024-03-25 17:2:59.3920,-0.49,-0.72,-3.5,-0.08,0.18,0.03
2024-03-25 17:2:59.4020,-0.75,-0.72,-2.82,-0.05,0.2,0.07
2024-03-25 17:2:59.4120,-0.88,-0.62,-2.3,-0.03,0.21,0.11
2024-03-25 17:2:59.4220,-0.81,-0.31,-1.95,-0.05,0.22,0.12
2024-03-25 17:2:59.4320,-0.58,0.16,-1.76,-0.15,0.24,0.12
2024-03-25 17:2:59.4420,-0.2,0.67,-1.79,-0.26,0.26,0.11
2024-03-25 17:2:59.4520,0.1,1.06,-1.82,-0.38,0.28,0.08
2024-03-25 17:2:59.4620,0.32,1.26,-1.45,-0.44,0.34,0.04
2024-03-25 17:2:59.4720,0.6,1.25,-0.91,-0.39,0.42,0.02
2024-03-25 17:2:59.4820,0.6,1.3,0.02,-0.2,0.49,0.01
2024-03-25 17:2:59.4920,0.35,1.29,1.45,0.06,0.51,0.01
2024-03-25 17:2:59.5020,0.07,1.17,3.11,0.27,0.52,0.01
2024-03-25 17:2:59.5120,-0.04,1.18,4.25,0.41,0.52,0.01
2024-03-25 17:2:59.5220,0.01,1.16,4.49,0.51,0.49,0.0
2024-03-25 17:2:59.5320,0.28,1.19,4.37,0.59,0.43,-0.03
2024-03-25 17:2:59.5420,0.75,1.26,4.21,0.64,0.36,-0.05
2024-03-25 17:2:59.5520,1.12,1.32,3.95,0.66,0.3,-0.05
2024-03-25 17:2:59.5620,1.18,1.35,3.52,0.67,0.24,-0.04
2024-03-25 17:2:59.5720,1.08,1.31,3.12,0.65,0.19,-0.01
2024-03-25 17:2:59.5820,1.04,1.37,2.86,0.57,0.17,0.05
2024-03-25 17:2:59.5920,0.88,1.73,2.63,0.31,0.13,0.17
2024-03-25 17:2:59.6020,0.03,1.96,1.97,-0.06,0.04,0.37
2024-03-25 17:2:59.6120,-1.69,1.81,0.96,-0.24,-0.13,0.54
2024-03-25 17:2:59.6220,-3.25,1.17,0.9,-0.1,-0.26,0.58
2024-03-25 17:2:59.6320,-3.43,0.12,2.41,0.16,-0.32,0.44
2024-03-25 17:2:59.6420,-2.25,-1.43,3.96,0.34,-0.27,0.21
2024-03-25 17:2:59.6520,-0.47,-2.88,4.07,0.38,-0.12,0.06
2024-03-25 17:2:59.6620,0.35,-3.64,2.94,0.34,0.09,0.06
2024-03-25 17:2:59.6720,-0.19,-3.76,1.51,0.31,0.25,0.12
2024-03-25 17:2:59.6820,-1.22,-3.4,0.44,0.31,0.35,0.16
2024-03-25 17:2:59.6920,-1.82,-2.98,-0.12,0.28,0.39,0.18
2024-03-25 17:2:59.7020,-1.76,-2.52,-0.62,0.14,0.35,0.22
2024-03-25 17:2:59.7120,-1.59,-1.88,-1.45,-0.07,0.27,0.27
2024-03-25 17:2:59.7220,-1.76,-1.27,-2.56,-0.3,0.15,0.31
2024-03-25 17:2:59.7320,-1.86,-0.89,-3.24,-0.51,0.01,0.33
2024-03-25 17:2:59.7420,-1.69,-0.75,-3.35,-0.66,-0.1,0.33
2024-03-25 17:2:59.7520,-1.38,-0.97,-3.22,-0.73,-0.15,0.34
2024-03-25 17:2:59.7620,-0.96,-1.21,-2.76,-0.7,-0.12,0.35
2024-03-25 17:2:59.7720,-0.67,-1.45,-2.13,-0.57,-0.05,0.36
2024-03-25 17:2:59.7820,-0.43,-1.56,-1.39,-0.41,0.05,0.37
2024-03-25 17:2:59.7920,-0.19,-1.51,-0.81,-0.27,0.14,0.37
2024-03-25 17:2:59.8020,-0.06,-1.37,-0.72,-0.16,0.2,0.39
2024-03-25 17:2:59.8120,-0.17,-1.14,-1.04,-0.08,0.2,0.41
2024-03-25 17:2:59.8220,-0.48,-0.91,-1.5,-0.08,0.16,0.41
2024-03-25 17:2:59.8310,-0.65,-0.73,-2.15,-0.12,0.07,0.39
2024-03-25 17:2:59.8410,-0.73,-0.6,-2.82,-0.2,-0.05,0.37
2024-03-25 17:2:59.8520,-0.67,-0.33,-3.35,-0.33,-0.15,0.35
2024-03-25 17:2:59.8610,-0.45,0.06,-3.74,-0.47,-0.21,0.33
2024-03-25 17:2:59.8720,-0.12,0.43,-3.94,-0.56,-0.19,0.33
2024-03-25 17:2:59.8810,0.04,0.61,-3.62,-0.57,-0.11,0.36
2024-03-25 17:2:59.8910,-0.02,0.6,-2.78,-0.5,-0.03,0.42
2024-03-25 17:2:59.9010,-0.22,0.57,-1.74,-0.39,0.04,0.46
2024-03-25 17:2:59.9120,-0.45,0.55,-0.71,-0.25,0.09,0.46
2024-03-25 17:2:59.9210,-0.29,0.48,0.04,-0.12,0.1,0.42
2024-03-25 17:2:59.9310,0.1,0.48,0.54,-0.04,0.08,0.36
2024-03-25 17:2:59.9410,0.49,0.64,0.76,0.01,0.06,0.31
2024-03-25 17:2:59.9510,0.75,0.89,0.69,0.03,0.03,0.28
2024-03-25 17:2:59.9610,0.71,1.12,0.63,0.08,0.03,0.24
2024-03-25 17:2:59.9710,0.51,1.28,0.79,0.13,0.04,0.21
2024-03-25 17:2:59.9810,0.38,1.35,1.05,0.2,0.04,0.19
2024-03-25 17:2:59.9910,0.19,1.36,1.29,0.25,0.05,0.17
2024-03-25 17:3:00.0010,-0.01,1.38,1.46,0.28,0.04,0.16
2024-03-25 17:3:00.0110,-0.45,1.32,1.59,0.29,-0.02,0.16
2024-03-25 17:3:00.0210,-0.45,1.32,1.59,0.28,-0.11,0.15
2024-03-25 17:3:00.0320,-0.54,1.43,1.78,0.25,-0.22,0.13
2024-03-25 17:3:00.0420,-0.38,1.52,1.89,0.23,-0.3,0.09
2024-03-25 17:3:00.0510,-0.15,1.58,2.0,0.22,-0.34,0.04
2024-03-25 17:3:00.0620,0.05,1.57,2.21,0.21,-0.35,0.01
2024-03-25 17:3:00.0710,-0.02,1.52,2.44,0.2,-0.31,0.01
2024-03-25 17:3:00.0810,-0.33,1.5,2.66,0.15,-0.19,0.05
2024-03-25 17:3:00.0910,-0.78,1.48,2.81,0.12,0.01,0.17
2024-03-25 17:3:00.1010,-1.41,1.03,2.85,0.17,0.13,0.27
2024-03-25 17:3:00.1110,-1.97,0.07,3.42,0.33,0.11,0.23
2024-03-25 17:3:00.1210,-1.79,-1.07,4.3,0.57,0.04,0.08
2024-03-25 17:3:00.1310,-0.44,-1.97,5.06,0.77,0.05,-0.08
2024-03-25 17:3:00.1410,1.24,-2.43,4.98,0.86,0.04,-0.18
2024-03-25 17:3:00.1510,2.2,-2.61,3.83,0.93,-0.01,-0.24
2024-03-25 17:3:00.1610,2.46,-2.55,2.52,0.97,-0.04,-0.29
2024-03-25 17:3:00.1710,3.0,-2.46,1.68,0.93,0.01,-0.34
2024-03-25 17:3:00.1810,3.63,-2.49,0.66,0.74,0.08,-0.34
2024-03-25 17:3:00.1910,3.83,-2.39,-0.77,0.47,0.12,-0.32
2024-03-25 17:3:00.2010,3.45,-1.99,-2.17,0.13,0.12,-0.26
2024-03-25 17:3:00.2110,2.58,-1.41,-3.08,-0.24,0.1,-0.18
2024-03-25 17:3:00.2210,1.43,-0.97,-3.57,-0.58,0.08,-0.11
2024-03-25 17:3:00.2310,0.4,-0.86,-3.85,-0.79,0.06,-0.09
2024-03-25 17:3:00.2410,-0.18,-1.19,-3.47,-0.88,0.04,-0.13
2024-03-25 17:3:00.2510,-0.32,-1.64,-2.3,-0.82,-0.0,-0.19
2024-03-25 17:3:00.2610,0.04,-1.93,-1.06,-0.68,-0.04,-0.26
2024-03-25 17:3:00.2710,0.42,-1.9,0.21,-0.55,-0.09,-0.32
2024-03-25 17:3:00.2810,0.75,-1.63,0.94,-0.4,-0.11,-0.36
2024-03-25 17:3:00.2910,0.92,-1.15,0.96,-0.26,-0.1,-0.4
2024-03-25 17:3:00.3010,0.93,-0.62,0.87,-0.14,-0.06,-0.4
2024-03-25 17:3:00.3110,0.86,-0.1,0.57,-0.01,-0.01,-0.38
2024-03-25 17:3:00.3210,0.57,0.39,0.08,0.1,0.02,-0.33
2024-03-25 17:3:00.3310,0.17,0.77,-0.34,0.21,0.06,-0.29
2024-03-25 17:3:00.3420,-0.12,0.89,-0.89,0.29,0.06,-0.27
2024-03-25 17:3:00.3510,-0.21,0.74,-1.52,0.33,0.04,-0.26
2024-03-25 17:3:00.3610,-0.21,0.4,-2.22,0.32,0.01,-0.23
2024-03-25 17:3:00.3710,-0.19,0.03,-2.85,0.28,-0.02,-0.21
2024-03-25 17:3:00.3810,-0.18,-0.28,-3.33,0.24,-0.04,-0.2
2024-03-25 17:3:00.3910,0.02,-0.52,-3.52,0.19,-0.05,-0.2
2024-03-25 17:3:00.4010,0.24,-0.75,-3.66,0.14,-0.05,-0.2
2024-03-25 17:3:00.4110,0.4,-0.9,-3.72,0.11,-0.05,-0.2
2024-03-25 17:3:00.4210,0.44,-0.98,-3.74,0.12,-0.06,-0.2
2024-03-25 17:3:00.4310,0.53,-0.85,-3.46,0.07,-0.07,-0.18
2024-03-25 17:3:00.4410,0.66,-0.46,-3.16,-0.03,-0.09,-0.15
2024-03-25 17:3:00.4510,0.76,0.13,-3.1,-0.16,-0.1,-0.11
2024-03-25 17:3:00.4610,0.76,0.69,-3.04,-0.27,-0.11,-0.06
2024-03-25 17:3:00.4710,0.72,1.1,-2.69,-0.34,-0.12,0.0
2024-03-25 17:3:00.4810,0.55,1.29,-2.05,-0.34,-0.12,0.09
2024-03-25 17:3:00.4910,0.33,1.39,-1.25,-0.27,-0.09,0.15
2024-03-25 17:3:00.5010,0.06,1.35,-0.34,-0.18,-0.1,0.13
2024-03-25 17:3:00.5110,0.23,1.17,0.72,-0.11,-0.1,0.06
2024-03-25 17:3:00.5210,0.59,1.0,1.41,-0.03,-0.1,0.01
2024-03-25 17:3:00.5310,0.92,0.92,1.94,0.06,-0.09,-0.04
2024-03-25 17:3:00.5410,1.06,0.9,2.51,0.12,-0.06,-0.08
2024-03-25 17:3:00.5510,1.19,0.9,2.87,0.21,-0.03,-0.11
2024-03-25 17:3:00.5610,1.29,0.95,3.06,0.36,0.03,-0.13
2024-03-25 17:3:00.5710,1.41,1.0,3.42,0.58,0.12,-0.13
2024-03-25 17:3:00.5810,1.32,0.99,3.86,0.8,0.16,-0.14
2024-03-25 17:3:00.5910,1.03,0.98,4.16,0.86,0.12,-0.17
2024-03-25 17:3:00.6010,0.82,1.4,3.85,0.64,0.09,-0.11
2024-03-25 17:3:00.6110,0.22,2.18,2.43,0.2,0.13,0.04
2024-03-25 17:3:00.6210,-1.43,2.46,0.35,-0.19,0.13,0.27
2024-03-25 17:3:00.6310,-3.01,1.99,-0.75,-0.28,0.13,0.4
2024-03-25 17:3:00.6410,-3.82,0.7,0.26,-0.2,0.08,0.36
2024-03-25 17:3:00.6510,-3.42,-0.99,2.37,-0.03,-0.01,0.15
2024-03-25 17:3:00.6610,-2.57,-2.67,3.55,0.14,0.0,-0.03
2024-03-25 17:3:00.6710,-1.79,-3.66,4.07,0.24,0.11,-0.1
2024-03-25 17:3:00.6810,-1.73,-4.19,3.66,0.22,0.17,-0.05
2024-03-25 17:3:00.6910,-2.14,-4.1,2.63,0.19,0.22,0.04
2024-03-25 17:3:00.7010,-2.68,-3.73,1.7,0.13,0.23,0.09
2024-03-25 17:3:00.7110,-2.33,-3.17,1.22,0.03,0.26,0.11
2024-03-25 17:3:00.7210,-1.49,-2.57,0.49,-0.13,0.31,0.16
2024-03-25 17:3:00.7310,-0.92,-2.07,-0.22,-0.27,0.35,0.21
2024-03-25 17:3:00.7410,-0.81,-1.69,-0.68,-0.36,0.34,0.26
2024-03-25 17:3:00.7510,-0.89,-1.53,-0.59,-0.4,0.31,0.32
2024-03-25 17:3:00.7610,-1.01,-1.46,-0.21,-0.39,0.27,0.36
2024-03-25 17:3:00.7710,-1.18,-1.33,0.13,-0.32,0.2,0.37
2024-03-25 17:3:00.7810,-1.07,-1.16,0.3,-0.2,0.13,0.34
2024-03-25 17:3:00.7910,-0.74,-1.02,0.52,-0.03,0.05,0.3
2024-03-25 17:3:00.8010,-0.45,-0.91,0.5,0.13,-0.01,0.27
2024-03-25 17:3:00.8110,-0.44,-0.83,0.37,0.21,-0.03,0.26
2024-03-25 17:3:00.8210,-0.65,-0.62,-0.31,0.22,-0.04,0.28
2024-03-25 17:3:00.8310,-0.98,-0.36,-1.46,0.17,-0.01,0.31
2024-03-25 17:3:00.8410,-1.26,-0.07,-2.48,0.09,0.0,0.34
2024-03-25 17:3:00.8510,-1.26,0.24,-3.27,-0.01,-0.01,0.36
2024-03-25 17:3:00.8610,-1.05,0.42,-3.68,-0.1,-0.03,0.36
2024-03-25 17:3:00.8710,-0.72,0.33,-3.79,-0.18,-0.06,0.36
2024-03-25 17:3:00.8810,-0.43,-0.31,-3.44,-0.21,-0.08,0.35
2024-03-25 17:3:00.8910,-0.43,-0.31,-3.44,-0.19,-0.09,0.35
2024-03-25 17:3:00.9010,-0.45,-0.65,-2.81,-0.13,-0.1,0.36
2024-03-25 17:3:00.9110,-0.53,-0.77,-2.09,-0.09,-0.07,0.36
2024-03-25 17:3:00.9210,-0.59,-0.59,-1.6,-0.07,-0.01,0.33
2024-03-25 17:3:00.9310,-0.37,-0.29,-1.56,-0.08,0.06,0.29
2024-03-25 17:3:00.9410,-0.01,0.06,-1.77,-0.06,0.11,0.26
2024-03-25 17:3:00.9510,0.14,0.34,-1.78,-0.04,0.17,0.21
2024-03-25 17:3:00.9610,0.17,0.6,-1.49,-0.05,0.24,0.17
2024-03-25 17:3:00.9710,0.1,0.85,-1.29,-0.06,0.27,0.15
2024-03-25 17:3:00.9810,-0.18,1.07,-1.22,-0.05,0.25,0.14
2024-03-25 17:3:00.9910,-0.57,1.27,-0.71,-0.05,0.17,0.15
2024-03-25 17:3:01.0010,-0.95,1.36,-0.14,-0.06,0.04,0.15
2024-03-25 17:3:01.0110,-1.15,1.4570834559202195,0.85,-0.07,-0.06,0.12
2024-03-25 17:3:01.0210,-1.02,1.45,0.85,-0.09,-0.1,0.1
2024-03-25 17:3:01.0310,-0.85,1.42,1.24,-0.11,-0.09,0.09
2024-03-25 17:3:01.0410,-0.85,1.34,1.67,-0.06,-0.11,0.08
2024-03-25 17:3:01.0500,-0.77,1.21,2.28,0.06,-0.16,0.06
2024-03-25 17:3:01.0610,-0.59,1.1,3.13,0.24,-0.24,0.02
2024-03-25 17:3:01.0710,-0.29,0.95,3.9,0.42,-0.31,-0.03
2024-03-25 17:3:01.0810,0.05,0.79,4.45,0.55,-0.36,-0.11
2024-03-25 17:3:01.0910,0.24,0.79,4.37,0.58,-0.39,-0.19
2024-03-25 17:3:01.1010,0.44,1.15,3.65,0.46,-0.37,-0.2
2024-03-25 17:3:01.1110,0.38,1.95,2.58,0.17,-0.21,-0.09
2024-03-25 17:3:01.1200,-0.47,2.61,1.32,-0.03,-0.1,0.13
2024-03-25 17:3:01.1300,-1.71,2.45,0.91,0.02,-0.04,0.3
2024-03-25 17:3:01.1410,-2.76,1.13,2.6,0.27,-0.02,0.29
2024-03-25 17:3:01.1510,-2.19,-0.93,4.86,0.53,-0.02,0.14
2024-03-25 17:3:01.1610,-0.47,-2.71,5.82,0.61,0.03,-0.03
2024-03-25 17:3:01.1710,1.14,-3.46,5.15,0.56,0.01,-0.1
2024-03-25 17:3:01.1800,1.81,-3.43,3.38,0.49,-0.07,-0.11
2024-03-25 17:3:01.1910,1.57,-2.94,1.98,0.46,-0.1,-0.12
2024-03-25 17:3:01.2010,1.45,-2.6,1.27,0.43,-0.06,-0.13
2024-03-25 17:3:01.2110,1.68,-2.49,0.68,0.33,0.03,-0.11
2024-03-25 17:3:01.2200,1.62,-2.16,-0.23,0.13,0.12,-0.07
2024-03-25 17:3:01.2300,1.03,-1.56,-1.43,-0.19,0.19,0.0
2024-03-25 17:3:01.2400,0.17,-0.84,-2.66,-0.54,0.21,0.09
2024-03-25 17:3:01.2510,-0.78,-0.37,-3.66,-0.82,0.18,0.17
2024-03-25 17:3:01.2600,-1.36,-0.17,-3.85,-1.01,0.13,0.21
2024-03-25 17:3:01.2700,-1.26,-0.21,-3.29,-1.18,0.04,0.23
2024-03-25 17:3:01.2800,-0.83,-0.28,-2.77,-1.31,-0.06,0.22
2024-03-25 17:3:01.2900,-0.16,-0.29,-2.63,-1.36,-0.11,0.16
2024-03-25 17:3:01.3000,0.76,-0.32,-2.37,-1.25,-0.09,0.06
2024-03-25 17:3:01.3100,1.64,-0.64,-1.55,-1.03,-0.05,-0.06
2024-03-25 17:3:01.3200,2.13,-0.95,-0.23,-0.78,-0.02,-0.14
2024-03-25 17:3:01.3300,1.96,-1.11,0.94,-0.56,0.02,-0.14
2024-03-25 17:3:01.3400,1.31,-1.05,1.28,-0.39,0.06,-0.05
2024-03-25 17:3:01.3500,0.32,-0.92,0.95,-0.22,0.08,0.04
2024-03-25 17:3:01.3600,-0.49,-0.77,0.46,-0.07,0.06,0.07
2024-03-25 17:3:01.3700,-0.59,-0.68,0.01,0.01,0.02,0.04
2024-03-25 17:3:01.3800,-0.08,-0.7,-0.71,-0.02,-0.04,-0.02
2024-03-25 17:3:01.3900,0.5,-0.64,-1.75,-0.14,-0.16,-0.04
2024-03-25 17:3:01.4000,0.72,-0.45,-2.84,-0.25,-0.23,-0.06
2024-03-25 17:3:01.4100,0.38,-0.19,-3.57,-0.39,-0.26,-0.02
2024-03-25 17:3:01.4200,0.09,-0.18,-3.91,-0.44,-0.22,0.04
2024-03-25 17:3:01.4300,-0.42,-0.1,-3.99,-0.43,-0.15,0.09
2024-03-25 17:3:01.4400,-0.66,-0.23,-3.42,-0.35,-0.09,0.1
2024-03-25 17:3:01.4500,-0.42,-0.36,-2.67,-0.26,-0.02,0.1
2024-03-25 17:3:01.4600,-0.03,-0.34,-1.91,-0.18,0.06,0.13
2024-03-25 17:3:01.4700,0.08,-0.29,-1.44,-0.15,0.15,0.19
2024-03-25 17:3:01.4800,-0.1,-0.11,-1.35,-0.14,0.24,0.26
2024-03-25 17:3:01.4900,-0.29,0.19,-1.38,-0.12,0.26,0.28
2024-03-25 17:3:01.5000,-0.34,0.31,-1.2,-0.1,0.22,0.25
2024-03-25 17:3:01.5100,0.06,0.42,-0.61,0.0,0.2,0.17
2024-03-25 17:3:01.5200,0.42,0.45,-0.04,0.18,0.18,0.07
2024-03-25 17:3:01.5300,1.28,0.3,0.71,0.34,0.2,-0.01
2024-03-25 17:3:01.5400,1.68,0.22,1.42,0.44,0.22,-0.06
2024-03-25 17:3:01.5500,1.64,0.21,1.47,0.45,0.22,-0.11
2024-03-25 17:3:01.5600,1.4,0.4,1.13,0.42,0.23,-0.12
2024-03-25 17:3:01.5700,1.12,0.62,0.65,0.42,0.26,-0.08
2024-03-25 17:3:01.5800,0.6,0.84,0.59,0.48,0.3,-0.02
2024-03-25 17:3:01.5900,0.24,1.04,1.02,0.58,0.38,0.04
2024-03-25 17:3:01.6000,0.35,1.06,1.64,0.72,0.49,0.08
2024-03-25 17:3:01.6100,0.64,0.85,2.11,0.88,0.58,0.12
2024-03-25 17:3:01.6200,0.79,0.66,2.55,1.01,0.61,0.12
2024-03-25 17:3:01.6300,0.87,0.42,2.78,1.17,0.67,0.06
2024-03-25 17:3:01.6400,0.89,0.16,2.76,1.74,1.13,-0.05
2024-03-25 17:3:01.6500,1.0,0.21,2.86,1.71,1.25,-0.03
2024-03-25 17:3:01.6600,1.01,0.69,2.89,1.38,1.1,0.11
2024-03-25 17:3:01.6700,-0.82,1.77,-0.45,0.74,0.93,0.35
2024-03-25 17:3:01.6800,-2.3,3.24,-2.4,-0.03,0.67,0.59
2024-03-25 17:3:01.6900,-3.37,3.08,-3.52,-0.6,0.38,0.75
2024-03-25 17:3:01.7000,-3.58,1.61,-2.92,-0.68,0.01,0.73
2024-03-25 17:3:01.7100,-2.44,-0.58,-0.35,-0.5,-0.26,0.51
2024-03-25 17:3:01.7200,-0.64,-2.75,2.93,-0.3,-0.33,0.22
2024-03-25 17:3:01.7300,1.12,-4.43,4.29,-0.19,-0.2,0.05
2024-03-25 17:3:01.7400,1.44,-4.77,3.71,-0.26,0.05,0.06
2024-03-25 17:3:01.7500,0.16,-4.05,2.23,-0.42,0.27,0.14
2024-03-25 17:3:01.7600,-1.51,-2.91,0.39,-0.55,0.37,0.21
2024-03-25 17:3:01.7700,-2.2,-2.06,-0.3,-0.69,0.36,0.22
2024-03-25 17:3:01.7800,-2.24,-1.31,-0.4,-0.81,0.28,0.18
2024-03-25 17:3:01.7900,-1.83,-0.68,-0.69,-0.91,0.17,0.13
2024-03-25 17:3:01.8000,-1.27,-0.2,-0.94,-1.07,-0.03,0.07
